0.0639059 0.0587333
0.107618 0.104767
0.0917689 0.0890667
0.0736196 0.0708667
0.663088 0.676567
0.043456 0.0439
0.121421 0.115533
0.109918 0.1059
0.0656953 0.0640333
0.659509 0.670633
0.0736196 0.0687
0.101483 0.0983667
0.0531697 0.0543333
0.144427 0.134133
0.627301 0.644467
0.0506135 0.0506333
0.0544479 0.0519333
0.0664622 0.0633667
0.227761 0.219033
0.600716 0.615033
0.0488241 0.0489
0.0457566 0.0445333
0.0846115 0.0843
0.195552 0.182
0.625256 0.640267
0.0559816 0.0546333
0.0472904 0.0449333
0.0613497 0.0613667
0.212423 0.2031
0.622955 0.635967
0.0470348 0.0441
0.136759 0.129433
0.0478016 0.0464333
0.0751534 0.0773333
0.693252 0.7027
0.0465235 0.046
0.0449898 0.0439
0.0524029 0.0507333
0.154652 0.148167
0.701431 0.7112
0.127301 0.120033
0.057771 0.0575333
0.0679959 0.0698333
0.0628834 0.0596333
0.684049 0.692967
0.0935583 0.0882667
0.0710634 0.0687333
0.0841002 0.083
0.0631391 0.0626
0.688139 0.6974
0.0539366 0.0515333
0.104806 0.100533
0.0741309 0.0750333
0.0764315 0.0772333
0.690695 0.695667
0.0616053 0.0586
0.0488241 0.0484333
0.113241 0.108267
0.0674847 0.0673
0.708845 0.7174
0.0682515 0.0692667
0.0493354 0.0455333
0.107618 0.1031
0.0662065 0.0662667
0.708589 0.715833
0.0324642 0.0312667
0.0590491 0.0579333
0.0820552 0.0848667
0.0764315 0.0738667
0.75 0.752067
0.0449898 0.0465667
0.0449898 0.0444333
0.079499 0.0759333
0.0838446 0.0862
0.746677 0.746867
0.0511247 0.0529667
0.0273517 0.0266667
0.0460123 0.0454667
0.0892127 0.0857333
0.786299 0.789167
0.041411 0.0408333
0.0342536 0.0325667
0.067229 0.0688667
0.0444785 0.0462
0.812628 0.811533
0.0265849 0.0271667
0.0301636 0.0292333
0.0559816 0.0543667
0.0777096 0.0739
0.80956 0.815333
0.0452454 0.0461333
0.0365542 0.0359667
0.0628834 0.0631
0.0720859 0.0753667
0.783231 0.779433
0.0539366 0.0558667
0.0391104 0.0364667
0.0506135 0.0521667
0.0973926 0.102433
0.758947 0.753067
0.033998 0.033
0.0452454 0.0458667
0.071319 0.0727667
0.118609 0.1257
0.730828 0.722667
0.0559816 0.0574
0.0725971 0.0757667
0.0879346 0.0911667
0.108896 0.114267
0.674591 0.6614
0.131902 0.125667
0.0887014 0.0901
0.0636503 0.0594667
0.561861 0.5872
0.153885 0.137567
0.045501 0.0423
0.179192 0.1683
0.455521 0.4802
0.1659 0.1686
0.153885 0.1406
0.29499 0.2911
0.0570041 0.0537667
0.41181 0.4387
0.0856339 0.0791333
0.150562 0.1373
0.0761759 0.0710667
0.0800102 0.0793
0.0820552 0.0781333
0.588957 0.612167
0.172802 0.159333
0.17408 0.176367
0.0636503 0.0593333
0.0705521 0.068
0.521728 0.535633
0.16999 0.160667
0.0973926 0.096
0.0605828 0.0569333
0.192996 0.197467
0.461145 0.475167
0.187883 0.174433
0.0830777 0.0768
0.109407 0.107467
0.493865 0.516867
0.108384 0.103167
0.205266 0.1957
0.253834 0.277567
0.242587 0.241267
0.0843558 0.0814667
0.175102 0.1666
0.244121 0.2331
0.274284 0.279367
0.259458 0.268633
0.0700409 0.0727667
0.135481 0.129333
0.260736 0.2499
0.0720859 0.0732667
0.0725971 0.0721
0.24591 0.2467
0.128067 0.117267
0.481339 0.490667
0.0656953 0.0650667
0.0820552 0.0794333
0.168967 0.174733
0.0925358 0.0864333
0.590746 0.594333
0.0549591 0.0556667
0.172546 0.1758
0.0858896 0.0795667
0.0511247 0.051
0.635481 0.637967
0.0904908 0.0867333
0.0398773 0.0409333
0.0559816 0.053
0.168456 0.170533
0.645194 0.6488
0.0385992 0.0386667
0.0705521 0.0666667
0.117843 0.108967
0.0892127 0.0819
0.683793 0.7038
0.027863 0.0274667
0.158487 0.141933
0.0590491 0.0587333
0.0797546 0.0744
0.674847 0.697467
0.0375767 0.0367333
0.0644172 0.0611
0.138292 0.127833
0.0582822 0.0561667
0.701431 0.718167
0.0447342 0.0431333
0.143661 0.131333
0.053681 0.0503
0.0478016 0.0472
0.710123 0.728033
0.0385992 0.0372333
0.0718303 0.0655333
0.116053 0.105233
0.0498466 0.0470667
0.723671 0.744933
0.0659509 0.0635667
0.0820552 0.0766667
0.0398773 0.0390333
0.0552147 0.0521333
0.756902 0.7686
0.0322086 0.0293
0.0245399 0.0259
0.0393661 0.0369667
0.0408998 0.0409667
0.862986 0.866867
0.0424335 0.0400333
0.0444785 0.0404
0.264571 0.265033
0.0166155 0.0143667
0.631902 0.640167
0.214724 0.222133
0.0823108 0.0799667
0.17229 0.172567
0.245399 0.2399
0.285276 0.285433
0.206033 0.201167
0.065184 0.0597333
0.126022 0.131367
0.503323 0.517767
0.0994376 0.0899667
0.0766871 0.0727667
0.28502 0.290633
0.604294 0.6046
0.00817996 0.00866667
0.025818 0.0233333
0.00153374 0.00186667
0.0467791 0.0433667
0.927403 0.931667
0.00920245 0.00806667
0.0150818 0.0150333
0.00127812 0.00176667
0.0268405 0.0222667
0.907464 0.917533
0.00408998 0.0043
0.0603272 0.0541333
0.0245399 0.0216667
0.0812883 0.0793667
0.0150818 0.0148
0.828476 0.837433
0.0506135 0.0467333
0.910787 0.914967
0.00153374 0.00203333
0.0230061 0.0237
0.0145706 0.0135667
0.0501022 0.0457333
0.000255624 0.00116667
0.242843 0.232733
0.7068 0.7193
0 0.0012
0.0501022 0.0456
0.000511247 0.00126667
0.000766871 0.00193333
0.94862 0.9512
0 0.0016
0.0501022 0.044
0.00102249 0.00106667
0.00281186 0.0019
0.993098 0.992167
0.00178937 0.0014
0.00127812 0.00346667
0.00639059 0.0052
0.0253067 0.0262333
0.00460123 0.00323333
0.961656 0.9615
0.00204499 0.00383333
0.510992 0.522767
0.455777 0.443533
0.0102249 0.0103
0.019683 0.0171
0.00332311 0.0063
0.0224949 0.0218333
0.00230061 0.00136667
0.973415 0.9731
0.000511247 0.000666667
0.00127812 0.00303333
0.991564 0.991033
0 0.00106667
0.000255624 0.000733333
0.000511247 0.00143333
0.00766871 0.00573333
0.0511247 0.0444333
0 0.0005
0 0.000433333
0.947853 0.951633
0.00102249 0.003
0.000511247 0.0006
0.00230061 0.00126667
0.956288 0.950033
0.0393661 0.0457
0.00153374 0.0024
0.000255624 0.0004
0.995143 0.993833
0.00255624 0.0017
0.000511247 0.000966667
0.00153374 0.0031
0.163088 0.144267
0.000511247 0.000966667
0 0.00163333
0 0.00136667
0.836401 0.851767
0.209356 0.1899
0.00664622 0.00563333
0.232362 0.261833
0.0488241 0.0530667
0.502812 0.489567
0.490798 0.479033
0.00255624 0.00143333
0.50409 0.5155
0.00153374 0.00123333
0.00102249 0.0028
0.000255624 0.000866667
0.123978 0.124967
0.874233 0.870433
0 0.000466667
0.00153374 0.00326667
0.000255624 0.0006
0.548313 0.559033
0.450153 0.436467
0.000255624 0.000666667
0.00102249 0.00323333
0.00102249 0.000933333
0.203732 0.1977
0.792945 0.7978
0.00127812 0.000866667
0.00102249 0.0027
0.0150818 0.0128667
0.083589 0.0899
0.251789 0.277133
0.648006 0.6172
0.00153374 0.0029
0.00766871 0.00606667
0.532464 0.509667
0.0631391 0.0625333
0.0511247 0.0489
0.345603 0.372833
0.856339 0.858033
0.00281186 0.00183333
0.12091 0.120033
0.0107362 0.0109333
0.00920245 0.00916667
0.21089 0.193567
0.00332311 0.00296667
0.00639059 0.0045
0.777096 0.794667
0.00230061 0.0043
0.0125256 0.0114
0.000255624 0.000833333
0 0.000466667
0.983896 0.983567
0.00332311 0.00373333
0.00664622 0.00526667
0.0189162 0.0176667
0.963701 0.964833
0.00690184 0.00593333
0.00383436 0.0063
0.105573 0.1014
0.0636503 0.0631333
0.0398773 0.0392667
0.654908 0.666067
0.135992 0.130133
0.232873 0.243167
0.298569 0.3012
0.125767 0.1283
0.242076 0.2335
0.100716 0.0938333
0.172035 0.1681
0.25409 0.2421
0.240031 0.2562
0.179448 0.1884
0.154397 0.1452
0.163088 0.1544
0.174335 0.173167
0.137014 0.136467
0.225204 0.238033
0.300358 0.297933
0.145706 0.138167
0.0897239 0.0871
0.0715746 0.0690333
0.286299 0.297767
0.406697 0.407933
0.285276 0.277933
0.0766871 0.0695333
0.0452454 0.0455333
0.159509 0.153233
0.433282 0.453767
0.240286 0.224133
0.0861452 0.0826333
0.0357873 0.0351667
0.176636 0.165633
0.461145 0.492433
0.209611 0.200033
0.0603272 0.0581667
0.0559816 0.0529667
0.192996 0.1811
0.481084 0.507733
0.190951 0.180133
0.0421779 0.0382333
0.0268405 0.0259667
0.277352 0.260633
0.462679 0.495033
0.161554 0.150367
0.0189162 0.0174667
0.0329755 0.0328667
0.376278 0.359833
0.410276 0.439467
0.449131 0.448167
0.100204 0.107733
0.0810327 0.0808667
0.276074 0.268533
0.0935583 0.0947
0.271472 0.2628
0.0322086 0.0283
0.0710634 0.0743333
0.547802 0.551167
0.077454 0.0834
0.33998 0.338333
0.0352761 0.0336667
0.0488241 0.0445667
0.550102 0.5605
0.025818 0.0229333
