0.169219
0.131158
0.159783
0.16987
0
0.146431
0.173516
0.151122
0.162539
0
0.158347
0.0536066
0.120116
0.285271
0
0.12933
0.156441
0.150841
0.0502106
0
0.129424
0.138341
0.160233
0.0733181
0
0.19831
0.139503
0.114224
0.0675518
0
0.13275
0.321629
0.174528
0.161202
0
0.180784
0.153963
0.138503
0.342805
0
0.27054
0.16491
0.138314
0.21722
0
0.311226
0.138985
0.206811
0.171001
0
0.193854
0.298735
0.162702
0.180638
0
0.192547
0.209043
0.290307
0.162827
0
0.17362
0.205733
0.311735
0.184594
0
0.166119
0.221636
0.216366
0.232525
0
0.18243
0.161028
0.261856
0.210405
0
0.19438
0.201489
0.251176
0.271256
0
0.218966
0.198609
0.279494
0.209765
0
0.178714
0.182678
0.235482
0.222237
0
0.205979
0.155328
0.163779
0.228712
0
0.162029
0.194742
0.175327
0.170681
0
0.165512
0.146563
0.141105
0.211332
0
0.177849
0.158721
0.124706
0.13985
0
-0.00364885
0.0436365
0.0910251
-0.0763947
0
0.0954283
0.135539
-0.166087
0.0864079
0
0.172163
0.0494514
-0.156485
0.0954152
0
0.0919679
0.0964196
0.113323
-0.0391752
0
0.0207276
0.0683852
0.078749
0.118022
0
0.0132595
0.0723122
0.170003
0.103168
0
0.170767
0.0899042
0.0890407
0.167638
0
0.0445433
0.0830739
0.0920526
0.230592
0
0.113862
0.0050457
0.0787435
0.216671
0
0.0801436
0.0709256
0.110783
0.282213
0
0.121961
0.077201
0.144831
0.235405
0
0.137421
0.147761
0.227811
0.136108
0
0.224838
0.139357
0.134201
0.21068
0
0.157156
0.150067
0.301189
0.233922
0
0.14076
0.359741
0.205658
0.184279
0
0.186971
0.17905
0.33564
0.197466
0
0.196561
0.349352
0.171053
0.209362
0
0.162855
0.200709
0.341775
0.199531
0
0.232426
0.265837
0.185143
0.235797
0
0.178145
0.150135
0.253814
0.178761
0
0.183117
0.104671
-0.17138
0.138745
0
-0.0536946
0.0267237
0.0645615
0.0601879
0
-0.194178
0.0712248
0.0983846
-0.0131646
0
-0.103143
-0.0973222
0.0827558
0.048137
0
0.105872
-0.0950306
-0.183784
0.0636325
0
0.151199
0.0958879
-0.0632164
0.124038
0
0.148194
0.00724712
0.0453503
-0.0364929
0
-0.0706878
0.138587
0.0300431
0.156123
0
0.157784
0.0658647
-0.113274
0.171814
0
0.148467
0.14928
-0.0775472
0.154228
0
0.0550209
0.0299288
-0.312803
0.0543878
0
0.0162287
0.0152903
0.033267
-0.292452
0
-0.271239
-0.0442303
0.00802237
-0.0249683
0
-0.0258557
0.043073
-0.295372
0.0805758
0
-0.278392
0.091445
0.0954298
0.0763451
0
-0.090938
0.0971847
0.0971059
-0.301198
0
0.076484
0.0334457
-0.297483
0.0147993
0
0.0814328
-0.315804
0.0247807
0.0675651
0
0.408253
0.25879
0.260595
0.265066
0
0.256582
0.157935
0.0800854
0.149994
0
-0.219364
0.0270835
-0.061456
0.0532515
0
0.0819958
-0.0971274
-0.281507
0.101387
0
0.0940343
-0.187505
-0.223865
0.0941412
0
0.0690965
-0.201136
-0.134694
0.0597073
0
-0.0619726
-0.072474
-0.112356
-0.0284313
0
0.110121
0.219195
0.0463324
-0.0400043
0
-0.280753
0.0710604
0.0232174
0.029793
0
0.0727272
0.0418629
-0.000389956
-0.375916
0
-0.0426586
0.0863474
0.0885546
-0.27551
0
0.0087886
-0.0426287
-0.211722
0.019118
0
0.0231586
0.0483781
0.0624244
0.0976276
0
-0.0961966
0.0716148
-0.0171076
0.066911
0
0.0147501
0.0607234
0.0143606
0.0300567
0
-0.0231253
-0.0130257
0.101952
0.0415959
0
0.0195363
0.0666752
0.109745
0.0214884
0
0.0359522
0.0634793
0.116756
0.0296512
0
0.0879934
0.0867497
0.102824
0.0354379
0
-0.0262553
0.0930265
0.168173
0.103241
0
0.0730279
0.121796
0.125577
0.014052
0
0.0886804
0.0875941
0.0737058
0.0209061
0
-0.0252351
0.0287763
0.0476338
-0.0189853
0
0.0646406
0.00402028
-0.00276319
-0.0943075
0
-0.0121127
-0.0127243
0.0345521
-0.149218
0
