0.798156 28  44
0.796446 83  84
0.79583 58  63
0.672836 62  66
0.654806 53  55
0.638313 60  62
0.629441 58  83
0.614535 62  65
0.598657 60  61
0.57952 81  82
0.565822 35  36
0.540674 61  62
0.539273 47  51
0.527385 49  51
0.526627 82  83
0.522083 47  49
0.518265 22  24
0.516861 73  74
0.513469 37  38
0.497274 13  14
0.49486 4  5
0.494352 66  67
0.484164 38  39
0.476437 50  51
0.475151 58  73
0.470939 27  45
0.46111 42  44
0.460063 37  39
0.457131 47  48
0.453904 80  81
0.448303 62  64
0.438579 9  10
0.438208 48  49
0.432167 6  8
0.421479 24  66
0.420591 63  83
0.420081 45  51
0.41082 22  23
0.391875 61  76
0.388773 3  5
0.387675 55  56
0.383741 3  4
0.379056 4  45
0.375338 79  80
0.374394 54  66
0.372067 7  8
0.371755 42  61
0.365803 73  75
0.365225 39  40
0.357132 30  31
0.355078 27  28
0.353679 6  7
0.35275 58  75
0.35271 52  55
0.352417 53  56
0.349819 48  50
0.349063 58  81
0.346312 30  82
0.343006 58  59
0.341894 19  21
0.337226 76  84
0.336692 56  59
0.336054 47  67
0.335476 64  65
0.335132 18  19
0.333466 43  82
0.332158 0  1
0.323714 52  59
0.323087 4  6
0.319946 61  63
0.318892 24  48
0.317969 30  32
0.317776 6  9
0.316787 47  50
0.315511 33  34
0.314464 36  60
0.313512 10  11
0.309327 51  67
0.308775 8  9
0.308098 5  7
0.306987 63  66
0.306904 26  72
0.305275 3  45
0.305162 54  76
0.304731 75  82
0.303756 36  37
0.303014 52  56
0.30229 29  30
0.301498 49  50
0.300853 9  11
0.300737 59  70
0.298113 54  62
0.29684 37  40
0.296291 28  36
0.29579 14  15
0.295408 75  83
0.291078 65  69
0.290862 1  2
0.289373 60  66
0.288836 25  27
0.287843 78  79
0.287125 12  13
0.28621 61  74
0.286048 56  70
0.285854 51  57
0.285667 76  82
0.285618 22  31
0.285198 48  51
0.284503 5  45
0.284237 75  81
0.281879 30  73
0.280969 43  73
0.279402 23  54
0.277056 61  66
0.276704 42  58
0.276317 60  65
0.275435 29  31
0.273574 14  21
0.273233 20  21
0.273123 52  53
0.271601 8  12
0.271548 73  82
0.270257 22  55
0.269056 52  70
0.268341 59  63
0.267931 13  21
0.267397 66  68
0.265808 23  28
0.264897 55  59
0.263444 56  58
0.260403 44  45
0.259015 69  71
0.258826 7  14
0.25878 37  60
0.258368 31  37
0.257017 7  53
0.256985 72  79
0.256339 76  78
0.255972 62  67
0.251285 33  44
0.250706 63  73
0.250343 30  45
0.248733 3  11
0.247411 52  58
0.243673 63  64
0.243397 70  71
0.242641 57  59
0.242403 39  80
0.241782 12  15
0.240971 26  77
0.240444 28  35
0.240034 6  10
0.239167 22  30
0.239123 25  62
0.236877 58  70
0.236639 53  65
0.236018 52  57
0.23595 38  60
0.235032 31  39
0.233374 24  29
0.230573 56  57
0.229769 29  32
0.229565 36  62
0.229544 25  26
0.22866 37  62
0.228259 22  42
0.227662 23  34
0.227015 3  6
0.225376 72  77
0.224689 8  53
0.224399 75  76
0.222651 35  38
0.220798 35  37
0.219408 45  49
0.219159 3  10
0.219125 4  51
0.218394 77  79
0.218201 56  63
0.217254 75  84
0.21705 62  63
0.217018 22  53
0.216809 58  84
0.215244 53  59
0.214927 72  73
0.214905 19  20
0.2147 12  19
0.214398 55  70
0.213976 43  44
0.213004 12  21
0.21276 36  38
0.211924 59  64
0.210991 27  62
0.21093 24  32
0.210804 26  46
0.210307 31  33
0.210045 6  53
0.209546 66  81
0.207024 34  54
0.206151 68  71
0.206102 29  76
0.205385 56  64
0.205346 74  76
0.204334 24  26
0.203816 27  29
0.202695 57  70
0.202411 61  84
0.202293 27  32
0.202034 25  34
0.201905 53  54
0.201175 13  18
0.199659 23  48
0.198302 57  62
0.198151 51  52
0.19795 33  36
0.196531 45  46
0.196505 25  74
0.195571 45  47
0.195335 35  60
0.194913 6  11
0.194552 27  43
0.194491 12  18
0.194456 63  70
0.194242 28  32
0.193325 49  67
0.192312 18  20
0.190875 10  13
0.190737 15  21
0.18961 44  72
0.188916 51  56
0.188896 10  12
0.188866 9  15
0.188443 52  63
0.188406 55  58
0.186959 64  66
0.186567 43  75
0.185956 52  64
0.185845 27  37
0.18548 5  51
0.184998 22  78
0.184739 57  68
0.184347 69  70
0.184192 58  64
0.184056 43  76
0.183536 51  59
0.183508 29  43
0.18195 59  69
0.181873 64  70
0.181818 13  28
0.18145 4  8
0.181226 73  83
0.181126 35  62
0.180004 39  60
0.179723 42  72
0.178924 59  68
0.178533 14  18
0.178134 1  22
0.177719 3  51
0.177221 79  81
0.177014 57  67
0.176049 20  81
0.174726 43  58
0.174599 63  75
0.173709 47  71
0.173448 38  40
0.173404 74  82
0.173226 9  18
0.172962 28  33
0.172329 55  57
0.172003 23  53
0.169899 25  77
0.169484 4  7
0.169312 29  61
0.168896 80  84
0.168852 45  50
0.168746 0  78
0.168396 28  29
0.168255 36  61
0.167913 4  67
0.166515 5  8
0.166196 0  22
0.166169 34  36
0.165445 23  60
0.165369 4  12
0.165325 30  39
0.165051 58  82
0.164992 24  28
0.164873 61  82
0.164325 53  70
0.163591 14  20
0.163307 0  77
0.163163 11  74
0.162557 58  66
0.162427 27  30
0.161589 57  63
0.16 29  33
0.159645 78  82
0.1596 45  48
0.159408 47  64
0.159078 52  65
0.158965 51  70
0.158308 1  23
0.157177 46  59
0.156732 27  33
0.15601 35  83
0.155939 27  41
0.155824 42  60
0.155597 34  74
0.155311 26  73
0.15507 59  71
0.154811 42  64
0.15472 18  74
0.154046 23  76
0.153481 57  58
0.153422 5  67
0.152895 81  83
0.15264 31  32
0.152354 34  35
0.152175 53  72
0.151898 56  65
0.151761 14  19
0.151669 57  84
0.151568 12  14
0.151357 42  51
0.150823 31  67
0.150557 7  10
0.150494 3  46
0.150407 57  83
0.150103 13  17
0.150034 52  69
0.149481 59  65
0.14866 46  56
0.148603 31  76
0.14815 36  39
0.148146 26  31
0.148107 46  72
0.147717 56  68
0.147435 9  19
0.147047 49  75
0.146831 40  78
0.146711 27  38
0.146257 0  2
0.145744 30  69
0.14542 25  71
0.145332 15  19
0.145223 8  24
0.14491 74  75
0.14478 29  75
0.14473 16  32
0.144304 16  17
0.144275 61  65
0.143911 26  76
0.143613 28  31
0.143381 35  39
0.143233 68  70
0.143129 45  53
0.143088 46  52
0.142611 51  58
0.142588 68  79
0.142462 10  15
0.142454 43  48
0.142269 30  50
0.142209 0  4
0.141407 9  14
0.141321 32  41
0.141005 2  12
0.140969 7  48
0.140309 15  44
0.14006 1  7
0.139587 11  80
0.13925 0  48
0.13886 56  69
0.138757 37  61
0.137583 4  68
0.137173 55  64
0.137101 54  82
0.13652 43  74
0.136375 56  71
0.136275 77  84
0.136215 65  70
0.136153 4  73
0.135682 71  84
0.135413 79  84
0.134918 31  34
0.134917 8  10
0.134785 64  83
0.134756 49  63
0.134072 34  72
0.133934 61  78
0.133896 2  4
0.133855 8  64
0.133494 7  9
0.133303 31  36
0.133151 24  61
0.133145 55  63
0.133117 8  55
0.132308 16  19
0.132077 28  57
0.131908 68  83
0.131513 9  13
0.131382 6  13
0.131341 50  57
0.131255 34  37
0.131199 5  6
0.131162 0  17
0.131144 1  25
0.130689 50  58
0.13062 25  54
0.130404 17  32
0.130249 46  70
0.129732 53  58
0.129665 15  16
0.129635 2  10
0.129584 54  56
0.128967 5  43
0.128889 30  43
0.128749 33  74
0.128596 1  19
0.12841 17  34
0.12798 9  12
0.12776 42  53
0.127173 54  74
0.127094 47  52
0.127032 63  76
0.127 40  83
0.126749 58  61
0.126714 22  69
0.12649 0  40
0.126368 2  11
0.126234 46  64
0.126011 42  62
0.125982 33  35
0.125816 32  33
0.125753 75  77
0.125585 32  39
0.125491 2  45
0.125417 43  51
0.125298 42  73
0.124885 51  65
0.124491 43  77
0.124101 25  28
0.123903 54  55
0.123551 44  65
0.123549 40  50
0.123547 27  31
0.123327 34  40
0.122565 17  18
0.122118 8  14
0.121899 8  15
0.121641 52  68
0.120772 46  84
0.120239 28  30
0.120048 22  43
0.120014 79  82
0.119838 17  50
0.119567 28  61
0.119461 52  71
0.118809 2  48
0.118777 75  78
0.118107 35  54
0.117488 68  69
0.117434 43  72
0.117287 22  76
0.116996 78  84
0.116707 28  82
0.116693 77  78
0.11655 26  62
0.116177 23  25
0.116063 74  77
0.116032 52  62
0.115883 23  24
0.115727 82  84
0.115603 34  44
0.115467 23  55
0.115382 48  75
0.115366 44  47
0.114868 38  62
0.114311 18  40
0.114073 6  55
0.11364 67  73
0.113592 1  5
0.11349 9  72
0.113461 16  33
0.113383 10  18
0.113215 65  66
0.113161 7  55
0.112885 64  71
0.112595 50  67
0.112586 55  65
0.112329 29  38
0.112042 14  73
0.11188 10  29
0.111833 59  62
0.111446 13  25
0.111401 1  64
0.111386 12  17
0.110873 53  64
0.110517 46  63
0.110127 38  80
0.110118 23  74
0.110052 52  54
0.109286 14  16
0.10914 42  83
0.109106 35  43
0.10906 32  50
0.109026 61  68
0.108805 26  29
0.108545 44  74
0.108532 47  57
0.108509 66  69
0.10843 11  84
0.108315 13  30
0.108269 34  79
0.107919 53  57
0.107385 10  74
0.10736 30  77
0.107161 3  9
0.107079 22  72
0.106946 41  49
0.106508 3  8
0.106503 46  57
0.106492 72  75
0.106481 48  71
0.106477 21  81
0.106111 26  44
0.105198 64  68
0.104911 1  21
0.104395 13  16
0.104364 51  55
0.103993 23  57
0.103873 44  51
0.103609 57  60
0.10337 20  65
0.103102 77  83
0.103086 0  25
0.103007 45  73
0.102947 9  33
0.102814 20  25
0.102741 5  11
0.102724 61  81
0.102683 2  25
0.102314 5  62
0.102243 48  73
0.102183 15  24
0.102016 4  13
0.10184 57  69
0.101388 1  17
0.101162 43  84
0.100985 53  73
0.100941 19  22
0.100372 21  84
0.0997231 15  18
0.0996749 8  19
0.0995526 66  80
0.0995486 54  65
0.0993525 11  13
0.0992711 19  40
0.0990774 25  80
0.0990648 75  79
0.0982992 1  4
0.0982021 31  40
0.0981298 50  65
0.0977828 74  80
0.0977552 16  77
0.097604 33  39
0.097585 51  64
0.0975104 32  36
0.0974516 24  60
0.0973466 71  72
0.0971437 16  50
0.0969711 45  67
0.0969083 44  54
0.0968067 2  54
0.0967937 25  32
0.0964934 78  81
0.0962542 33  40
0.0957117 31  81
0.0956401 42  55
0.0955886 2  9
0.0953313 17  69
0.0952671 25  84
0.095253 1  16
0.0949318 76  77
0.0945883 26  30
0.0945317 58  74
0.0943645 38  78
0.0940798 50  52
0.093978 22  71
0.0938921 33  78
0.0937904 1  72
0.093652 21  82
0.0935387 23  66
0.0934522 63  71
0.093366 22  77
0.0933603 26  39
0.0932494 80  82
0.0928309 19  30
0.0926677 14  17
0.0926664 66  71
0.0922355 11  27
0.0921303 61  75
0.0920126 19  42
0.0919198 54  69
0.0918136 7  47
0.0917532 13  44
0.0916889 38  43
0.0915896 43  61
0.0915498 9  45
0.0915051 14  78
0.0913946 12  20
0.0911948 38  41
0.0910978 33  82
0.090988 3  72
0.0909624 3  62
0.0901544 0  34
0.0901448 11  16
0.0896489 63  68
0.0893932 6  12
0.0893162 40  80
0.0889455 49  59
0.0889053 57  72
0.0887947 5  72
0.0885258 6  15
0.088521 27  83
0.0884955 61  73
0.0884705 25  47
0.0882102 58  76
0.0879312 13  15
0.0879196 23  44
0.0878017 24  80
0.0875833 0  65
0.087435 7  12
0.0870671 49  83
0.086657 42  47
0.0863793 51  62
0.0863036 2  44
0.0861766 26  53
0.0856488 50  59
0.0856093 30  49
0.0854781 28  77
0.0852611 1  47
0.0851957 53  63
0.0851519 1  20
0.0850295 68  81
0.0849939 16  18
0.0846869 33  41
0.0846206 27  66
0.084566 5  80
0.0845085 37  68
0.0844863 11  33
0.0844068 15  20
0.0843344 10  77
0.0842712 14  64
0.0841687 51  63
0.0839376 65  83
0.0838968 1  28
0.0838368 27  72
0.0838024 10  14
0.0834527 40  54
0.0830227 41  48
0.0829069 17  81
0.0828879 44  60
0.0828272 8  11
0.0827149 21  73
0.0825464 12  42
0.0824288 35  61
0.0823606 69  78
0.0823465 32  34
0.0822843 16  21
0.0822276 16  74
0.0821879 37  50
0.081982 16  36
0.0817404 54  78
0.0817082 2  19
0.0813511 25  57
0.0811963 46  55
0.0807003 40  74
0.08061 46  58
0.0805812 32  72
0.0805121 42  48
0.08021 50  77
0.0802007 22  44
0.0799163 60  64
0.0797447 48  77
0.0796684 13  20
0.0794426 0  18
0.0792988 32  76
0.0789283 20  41
0.078434 31  84
0.0784032 19  34
0.0783925 38  79
0.0782158 11  18
0.078117 16  40
0.0778428 29  39
0.077802 36  81
0.0777048 13  41
0.0777041 42  71
0.0776941 3  47
0.077497 31  60
0.0772786 41  69
0.0772707 57  71
0.0772029 21  74
0.0771962 47  59
0.076579 46  65
0.0765455 6  14
0.0764237 16  20
0.0763968 12  27
0.0763929 7  15
0.0763052 66  79
0.0760695 54  75
0.0760529 0  24
0.0759394 48  67
0.0758226 47  75
0.0755988 55  73
0.0754833 16  28
0.0752667 10  38
0.0752285 5  9
0.0752037 34  45
0.0751923 28  74
0.0751762 18  21
0.0749335 0  6
0.0746718 3  28
0.0744754 29  50
0.0744751 2  7
0.0743464 1  76
0.0742875 65  80
0.0741 50  69
0.0739997 29  49
0.0736296 23  82
0.0733625 5  48
0.0732596 25  53
0.0731819 4  69
0.0730719 69  83
0.0730559 26  47
0.0727027 1  6
0.0723875 64  76
0.0719608 47  84
0.0719125 62  73
0.0718586 57  64
0.0718029 12  16
0.0716512 28  79
0.0712736 49  56
0.0708236 18  82
0.0704352 12  22
0.070191 34  39
0.0701661 38  75
0.0701257 15  17
0.0700904 16  41
0.069851 2  6
0.0697993 20  64
0.0695931 31  69
0.0695791 1  34
0.069357 38  69
0.0690502 55  72
0.0689754 11  21
0.0689236 50  56
0.0688511 1  32
0.0687742 43  83
0.0686951 16  34
0.0684907 36  67
0.0683808 39  44
0.0683269 20  73
0.0682033 42  52
0.0681271 53  82
0.0677826 17  21
0.0677401 42  78
0.0676538 17  19
0.0675033 14  33
0.0673125 17  40
0.0672285 68  84
0.0670806 29  37
0.0670508 24  57
0.066972 30  58
0.0668718 72  83
0.0668058 24  31
0.0664692 20  78
0.0662895 2  47
0.0661168 77  81
0.0660285 2  75
0.0658689 78  80
0.0658071 23  69
0.0657134 13  19
0.0655564 54  59
0.0655291 7  73
0.0654262 38  61
0.065422 65  72
0.0653233 31  65
0.0651312 49  52
0.0650202 80  83
0.0649299 19  44
0.0647015 5  74
0.0646506 8  22
0.064399 32  68
0.0643621 13  27
0.0642698 23  77
0.0641582 73  80
0.0640924 11  14
0.0640362 33  84
0.0635385 81  84
0.0634048 11  35
0.0632241 15  64
0.0631182 21  40
0.0629933 23  35
0.0627677 67  69
0.0623966 32  35
0.0621872 53  77
0.0621474 19  69
0.0620749 2  42
0.0620695 4  48
0.0619498 7  74
0.0618956 6  19
0.0618516 30  84
0.0617696 6  67
0.0617398 24  51
0.0616662 24  67
0.0614695 38  76
0.0614345 58  69
0.0613742 34  57
0.0612182 42  81
0.0612174 56  62
0.061122 44  50
0.0610962 12  41
0.0610939 55  68
0.0609833 24  79
0.0609499 23  71
0.0608333 9  21
0.0607394 36  40
0.0602812 11  15
0.059981 49  84
0.0594795 62  70
0.0594763 23  67
0.05931 29  40
0.0590111 5  12
0.058934 25  33
0.058868 4  10
0.0588577 9  29
0.0588565 22  41
0.058777 46  51
0.0586695 55  71
0.0585406 41  80
0.0584683 66  77
0.0582682 29  67
0.0581886 38  83
0.0581739 25  64
0.0581657 14  23
0.0577956 54  61
0.0577851 28  81
0.0576913 17  28
0.0575459 23  37
0.057378 29  81
0.0573527 41  47
0.0572569 7  16
0.0570464 42  67
0.0569787 5  76
0.0568733 11  43
0.056773 2  21
0.0566994 12  84
0.0565743 48  68
0.0564903 26  74
0.0563779 22  46
0.0562737 35  79
0.0562232 58  68
0.0561663 17  30
0.0558309 40  41
0.0557997 12  26
0.0557918 46  75
0.0557908 7  19
0.0557224 6  18
0.0555855 60  69
0.0554484 65  71
0.0552967 36  46
0.0552262 55  69
0.054978 74  78
0.0548585 0  60
0.0547762 25  37
0.0546548 28  39
0.0545038 33  75
0.0544646 18  44
0.0544516 66  78
0.0544042 42  49
0.0543585 26  33
0.0543522 16  29
0.0543101 37  79
0.0542561 9  17
0.0540688 49  70
0.0540594 37  41
0.0538574 43  45
0.0530391 68  75
0.0530338 55  82
0.052864 42  70
0.0528206 49  57
0.0523096 27  34
0.0519609 20  35
0.0517816 65  79
0.051757 41  63
0.0516583 20  68
0.0516581 2  77
0.0516194 46  47
0.0515707 3  49
0.0513873 37  69
0.0512033 32  69
0.051105 42  75
0.0510062 50  63
0.0509565 42  79
0.0509299 3  29
0.0504443 36  79
0.0504422 19  78
0.0504121 10  19
0.0503651 2  8
0.0503468 17  72
0.0503104 22  36
0.050205 50  70
0.0501938 43  78
0.0501289 7  21
0.0501167 47  56
0.0500427 47  70
0.0499544 4  17
0.0498718 33  37
0.0498289 9  82
0.0498179 4  47
0.0497221 46  53
0.0496956 25  75
0.0496737 1  46
0.049633 21  61
0.0494867 24  35
0.0493709 14  31
0.0492266 2  18
0.0488163 64  69
0.0487944 48  52
0.0487795 14  28
0.0486016 26  79
0.0485942 10  26
0.0484118 5  17
0.0482048 31  35
0.048165 5  29
0.0477938 16  43
0.0477662 71  79
0.0475471 3  7
0.0474835 42  56
0.0472202 1  57
0.0471882 49  61
0.0471291 24  81
0.0470561 0  57
0.0469748 55  62
0.0469582 7  50
0.0467565 26  37
0.0466534 26  82
0.0466102 13  33
0.0465867 39  61
0.0465514 34  78
0.0465261 45  82
0.0465202 63  69
0.04649 30  33
0.046487 73  77
0.046319 16  27
0.0458679 8  16
0.0458647 46  48
0.0457454 0  80
0.0454714 8  13
0.045274 13  32
0.0452614 7  29
0.0451012 10  34
0.0450478 29  82
0.0450348 44  83
0.0450305 21  30
0.0449967 66  83
0.0448831 29  80
0.0448209 46  50
0.0447188 0  39
0.0447181 32  44
0.0447089 2  79
0.0446732 35  80
0.0446561 29  73
0.044581 26  68
0.0445573 26  71
0.0444161 35  76
0.0443511 26  27
0.0442599 9  67
0.044207 26  60
0.0440298 1  36
0.0437518 15  42
0.0436498 4  75
0.0435649 13  66
0.0434899 18  84
0.043467 30  35
0.0432913 1  75
0.0431234 21  83
0.0430459 57  80
0.0430396 45  72
0.0428848 3  15
0.0428353 12  79
0.0427384 2  26
0.0423973 41  84
0.0422708 0  81
0.0422691 69  72
0.0421909 58  71
0.0421279 72  78
0.0421059 31  66
0.0419649 48  64
0.0419422 24  38
0.0418707 7  13
0.0417509 29  83
0.0416275 47  65
0.0415478 36  69
0.0413141 58  65
0.0410704 46  67
0.0410371 72  74
0.0409929 14  29
0.0409187 16  25
0.0408614 24  33
0.0408234 49  76
0.0407648 13  81
0.0407562 17  22
0.0406514 2  24
0.0405162 67  68
0.0403023 45  71
0.0401408 3  84
0.0401107 47  55
0.0399581 69  79
0.0397993 59  66
0.039784 8  44
0.0397324 20  50
0.0396796 23  26
0.0395912 9  73
0.039581 17  20
0.0394758 23  65
0.0391806 6  33
0.0391185 30  78
0.0390604 26  55
0.0390343 31  44
0.0384831 11  46
0.0384788 41  76
0.0382768 23  31
0.038185 5  49
0.0381693 23  51
0.0381566 53  79
0.0381347 37  76
0.0379937 70  84
0.0376315 25  39
0.0375621 26  43
0.0375307 25  73
0.0375205 50  79
0.0375072 8  18
0.0375053 35  57
0.0374045 30  81
0.0373424 14  39
0.0372013 42  77
0.0371954 2  82
0.0371634 53  68
0.0367418 17  41
0.0366998 25  82
0.0366182 58  62
0.0364888 14  34
0.0361392 5  10
0.0359489 10  25
0.0357486 3  21
0.0357439 39  46
0.035605 1  14
0.0355779 25  30
0.0355093 49  64
0.0355026 15  81
0.0354058 28  72
0.0353816 2  53
0.035275 1  71
0.0352285 47  69
0.0351668 2  15
0.0350669 32  74
0.0349788 0  33
0.0346109 18  39
0.0345916 5  19
0.0344583 31  80
0.0343387 5  22
0.0339102 7  62
0.0338568 33  48
0.033549 37  43
0.0334746 29  79
0.0333677 5  69
0.0332176 3  26
0.0331751 7  18
0.033159 28  37
0.0329202 18  34
0.0328719 8  82
0.0328535 25  68
0.0328239 44  73
0.0328215 21  33
0.0326869 45  77
0.0326154 60  67
0.032571 7  17
0.0322844 21  66
0.0322677 9  20
0.032234 12  43
0.0321725 40  60
0.0320963 1  77
0.0320261 1  69
0.0319168 22  32
0.0318815 28  76
0.0318367 29  35
0.0313748 15  78
0.0311856 15  37
0.0309795 8  38
0.030974 2  34
0.0308725 57  65
0.0308468 51  69
0.0308432 35  68
0.0307282 21  22
0.0307045 25  44
0.0305543 41  43
0.0305385 20  44
0.0303896 6  82
0.0303227 8  50
0.0300647 11  31
0.0300057 40  81
0.0298876 18  30
0.0298305 14  44
0.0296796 14  32
0.0289757 27  79
0.0289713 15  26
0.0289539 5  64
0.0288896 35  44
0.0287399 12  24
0.0286611 20  79
0.0284736 20  76
0.028453 2  17
0.0283034 4  27
0.0282606 1  48
0.0281864 43  64
0.0281576 29  66
0.0279865 68  77
0.0278213 42  59
0.0276077 23  47
0.0276061 20  34
0.0275659 50  76
0.0274231 10  42
0.0273523 26  65
0.0273302 18  65
0.0273279 28  54
0.0272859 24  36
0.0271766 7  11
0.0270253 2  49
0.0270231 47  63
0.0269084 0  31
0.0268075 23  45
0.02677 4  9
0.0267118 17  43
0.0266008 5  14
0.0264295 26  50
0.0262818 18  38
0.026072 1  35
0.0260532 2  5
0.0259934 44  46
0.0259765 1  10
0.0257476 27  35
0.0256958 7  56
0.0256108 18  31
0.0254766 13  84
0.0254459 20  26
0.0254219 54  70
0.025396 29  74
0.0253354 34  68
0.0252249 76  83
0.0249595 21  34
0.0247811 0  62
0.0246466 14  40
0.0244357 25  60
0.0242078 22  33
0.0238302 0  83
0.0237984 63  65
0.0236225 0  15
0.0234767 21  54
0.0234058 15  80
0.0233275 6  79
0.0232166 4  50
0.023132 21  50
0.0231053 2  38
0.0231026 32  83
0.0230028 17  49
0.0229992 30  83
0.0229117 3  13
0.0228624 71  77
0.0227267 25  72
0.0226875 60  82
0.0224948 10  17
0.0224797 30  75
0.0221988 17  74
0.0221756 48  76
0.0221668 24  53
0.0218588 18  24
0.0213618 30  47
0.021344 26  32
0.0213342 16  24
0.0213108 40  45
0.0212908 22  40
0.0211661 0  5
0.0207738 0  28
0.0206745 46  78
0.0206652 7  64
0.0205262 15  41
0.0204762 0  20
0.0204514 0  29
0.0204199 0  26
0.0202542 3  41
0.0201778 15  40
0.020129 3  22
0.0200172 11  20
0.0199157 28  47
0.0198262 26  41
0.0198207 41  72
0.019806 19  74
0.0197579 43  49
0.0196971 11  12
0.0194049 22  64
0.0193676 79  83
0.0191556 43  71
0.0190845 5  21
0.0188588 49  73
0.0188146 11  41
0.0187053 37  57
0.0185035 43  80
0.0184705 53  76
0.0183644 2  29
0.0182643 8  17
0.018179 3  50
0.0181735 39  41
0.0181659 25  45
0.0181637 11  81
0.0181292 41  42
0.0181032 11  29
0.0179308 41  50
0.0178652 11  79
0.0177107 1  73
0.0176833 8  74
0.0175337 2  20
0.0175295 54  67
0.0174736 3  48
0.0174005 33  72
0.017367 2  74
0.0172324 65  81
0.0171487 34  50
0.0170692 26  34
0.0169304 6  81
0.0167051 7  49
0.0164268 8  43
0.0163337 30  61
0.0162297 47  77
0.0162051 47  78
0.0161784 11  72
0.01617 29  36
0.0161378 0  27
0.0161026 73  79
0.0160508 54  81
0.0159968 70  78
0.0159313 8  35
0.0158077 15  68
0.0158032 9  43
0.0156407 9  84
0.0156377 3  14
0.0153964 22  56
0.0153798 46  71
0.0153077 12  31
0.0150542 17  65
0.0149895 16  78
0.0149403 20  83
0.0149374 23  72
0.0149272 2  51
0.014849 48  79
0.0148189 10  27
0.0147738 14  82
0.0147373 48  78
0.0147294 5  71
0.0147204 53  67
0.0146434 60  81
0.0146251 41  75
0.014562 33  57
0.0145395 24  27
0.0142826 25  50
0.0142429 5  15
0.0142202 21  80
0.0142122 17  39
0.0140718 32  64
0.014067 6  72
0.0140333 1  41
0.0140246 70  83
0.0139646 38  81
0.0138686 38  66
0.0138629 6  39
0.0137245 5  38
0.0136566 32  84
0.0136415 25  66
0.0135864 40  79
0.0135782 17  47
0.0134776 6  76
0.0134199 16  81
0.0133493 10  73
0.0128083 2  16
0.0125973 0  11
0.0125071 18  36
0.0124487 36  41
0.01234 37  44
0.0122527 6  56
0.0121701 3  67
0.0121366 46  66
0.0121042 7  78
0.0120409 53  80
0.0120199 48  63
0.0119332 27  44
0.0119105 0  16
0.0119011 16  84
0.0118606 54  57
0.0118543 14  26
0.0118351 1  43
0.0116898 41  77
0.0116871 7  20
0.0116306 9  16
0.011623 0  38
0.0114348 22  26
0.0113248 15  35
0.0112889 33  67
0.0112627 0  71
0.0111951 11  65
0.0111681 16  80
0.011 0  43
0.0109187 36  50
0.0108535 50  74
0.0108212 22  60
0.0108074 9  26
0.0104603 30  40
0.0103612 41  83
0.0103608 41  74
0.0101165 36  82
0.0100649 23  36
0.0100614 17  78
0.0098646 5  60
0.00980354 54  71
0.00965212 50  55
0.00964619 21  39
0.0096374 28  69
0.00955085 40  67
0.00946423 13  42
0.00936211 13  80
0.00932801 47  72
0.00931137 27  36
0.00924743 32  77
0.00923747 23  38
0.0091922 36  77
0.00918875 39  66
0.00916406 32  78
0.0090968 9  79
0.00907757 21  68
0.00905828 13  78
0.00897738 31  77
0.00897318 17  48
0.00897154 4  49
0.0089483 59  80
0.00892948 13  24
0.00878838 45  76
0.0086151 12  73
0.00847002 2  3
0.00846938 17  31
0.00842001 14  24
0.0082674 44  67
0.00798704 30  38
0.00778867 14  74
0.00777462 20  75
0.00776232 27  65
0.00750861 16  68
0.00740315 34  41
0.00736878 41  65
0.00730296 46  54
0.00721592 17  33
0.00720358 2  39
0.00712195 14  84
0.00710643 42  43
0.00695019 12  65
0.00694819 35  69
0.00680157 15  63
0.00678512 9  35
0.00674772 46  74
0.00671982 11  17
0.00671907 9  39
0.0066983 28  60
0.0065906 2  55
0.00655297 47  80
0.00647776 6  22
0.00638836 32  40
0.00634031 16  39
0.00631186 20  36
0.00619657 17  24
0.00614125 4  57
0.00598962 21  38
0.00580394 10  36
0.00570753 49  81
0.00567791 3  69
0.0055979 1  40
0.00550942 23  32
0.00549273 21  41
0.00542407 15  67
0.00508641 67  71
0.00500635 38  84
0.00498077 29  78
0.0048789 19  24
0.00477049 18  26
0.00474027 15  43
0.00470338 9  40
0.00458092 11  23
0.00457351 29  72
0.00450877 67  74
0.00445134 51  77
0.00428692 30  79
0.00426195 29  62
0.00425483 15  32
0.00425182 4  25
0.00411582 0  8
0.0041012 40  69
0.0039316 5  34
0.00377531 3  44
0.00364761 28  80
0.00357571 47  68
0.00322396 63  84
0.00319247 22  81
0.00313203 71  83
0.00311543 4  21
0.00302821 17  80
0.00301941 27  80
0.00294465 19  82
0.00286978 10  79
0.00277328 13  34
0.00269545 18  72
0.00262273 22  54
0.00256781 48  72
0.0024592 9  44
0.00236113 20  22
0.00232007 36  72
0.00231763 27  70
0.00231093 57  61
0.00226792 39  69
0.00226177 1  3
0.00225084 61  83
0.00207353 29  41
0.00203087 21  77
0.00200586 32  63
0.00174986 4  24
0.00173046 4  77
0.00168693 0  54
0.001644 28  38
0.00163666 46  62
0.00161195 26  81
0.00148204 30  60
0.00122237 3  27
0.00111981 49  54
0.0011165 50  61
0.000956213 36  66
0.000945948 20  39
0.000821321 39  81
0.000799816 10  82
0.00056482 31  72
0.000527396 65  75
0.000510134 39  78
0.000478115 28  48
0.000392152 32  82
0.000360309 12  74
0.000287941 15  83
0.00023227 48  54
0.000164518 65  68
9.00499e-05 3  63
8.08157e-05 56  66
6.19252e-05 24  40
-8.10442e-06 9  68
-1.31976e-05 1  18
-6.68728e-05 9  22
-0.000142081 3  60
-0.000234041 8  21
-0.000306854 43  68
-0.000369017 49  82
-0.000382179 12  80
-0.000475641 18  33
-0.000518705 44  58
-0.000597142 55  67
-0.000640508 66  70
-0.000682963 6  17
-0.000906963 61  67
-0.00128178 64  67
-0.00138439 34  48
-0.00138805 40  46
-0.00143042 44  71
-0.00145585 33  49
-0.00148663 20  23
-0.00167021 49  55
-0.00178986 12  49
-0.00184546 41  79
-0.00185746 12  78
-0.00191227 15  39
-0.00204672 8  39
-0.00219036 4  22
-0.00219098 44  49
-0.00223664 19  28
-0.00224707 21  37
-0.00228247 1  11
-0.00254748 17  27
-0.00254764 20  42
-0.00255609 6  54
-0.00260307 1  67
-0.00298012 31  41
-0.00301768 33  54
-0.00306248 2  14
-0.00309906 24  62
-0.00311395 11  36
-0.00311828 6  63
-0.00328911 17  64
-0.00338223 19  75
-0.0034506 19  43
-0.00350311 7  81
-0.00354064 33  79
-0.00359082 6  57
-0.00363372 27  84
-0.00363745 50  68
-0.00372983 1  44
-0.00385976 6  48
-0.00402565 76  80
-0.00408365 7  67
-0.0041987 13  74
-0.00427943 32  62
-0.00434861 3  33
-0.00435227 24  71
-0.00436627 23  33
-0.00437044 4  72
-0.00437626 53  69
-0.00446544 20  84
-0.00454961 10  16
-0.00463759 10  28
-0.00471015 28  78
-0.00481202 49  58
-0.00489326 15  72
-0.00514416 11  38
-0.00515894 23  56
-0.00522565 24  55
-0.0052263 1  45
-0.0053629 17  36
-0.00536736 15  33
-0.00542381 7  39
-0.00543682 38  74
-0.00543743 35  41
-0.00550134 3  43
-0.00552938 23  73
-0.00554475 44  70
-0.00558545 38  46
-0.00564469 23  68
-0.00574567 25  31
-0.00579379 26  45
-0.00584298 0  10
-0.00590543 60  68
-0.00594009 45  57
-0.00594278 27  50
-0.0059706 30  37
-0.00606867 6  34
-0.00614577 46  68
-0.00614733 2  78
-0.00615285 20  32
-0.00631699 28  45
-0.00634658 22  39
-0.00635526 10  40
-0.0064708 11  22
-0.00655954 45  74
-0.00656176 38  68
-0.00657813 22  73
-0.00659057 6  16
-0.00659442 29  44
-0.00660775 57  74
-0.00670679 23  29
-0.00676418 53  78
-0.00681148 24  37
-0.00682521 24  39
-0.00685703 76  79
-0.00689242 0  67
-0.00691652 56  81
-0.00710014 19  76
-0.00712765 69  82
-0.00715641 5  24
-0.00719799 8  34
-0.00720631 69  77
-0.00728836 11  75
-0.00730323 13  29
-0.007356 7  23
-0.00738546 5  35
-0.00754656 18  41
-0.00762223 21  69
-0.00762335 16  64
-0.00769531 4  30
-0.00790285 41  60
-0.00791538 5  20
-0.00795493 37  81
-0.0079683 53  62
-0.00799007 54  84
-0.00801845 10  37
-0.0080313 36  54
-0.00805859 10  76
-0.00806616 72  80
-0.00806777 2  80
-0.00809489 10  21
-0.00813347 0  69
-0.00819183 12  47
-0.00820277 48  70
-0.00820679 39  62
-0.0082738 11  19
-0.00835037 10  22
-0.00843223 70  72
-0.00843321 24  43
-0.00853702 0  41
-0.00866024 35  78
-0.00867115 40  71
-0.00872443 47  58
-0.00874864 45  55
-0.00879423 17  71
-0.00881399 40  75
-0.00887134 27  48
-0.00899413 4  53
-0.00904197 50  72
-0.00908168 16  73
-0.0091105 9  36
-0.00923196 0  3
-0.00924205 0  14
-0.00929594 4  54
-0.00933552 4  70
-0.00936501 22  34
-0.00962357 19  63
-0.00968836 10  20
-0.00988778 46  49
-0.00993142 0  45
-0.00998542 5  68
-0.00999425 39  79
-0.0100321 19  38
-0.0100358 43  79
-0.0100496 42  84
-0.0102151 5  53
-0.0103151 33  45
-0.0103159 1  33
-0.0104343 71  76
-0.0106101 6  62
-0.0107638 9  46
-0.0108499 54  73
-0.0108796 18  78
-0.0108901 19  41
-0.0109695 0  19
-0.0109737 10  61
-0.0109943 0  21
-0.0111106 55  80
-0.0111303 19  26
-0.0112121 49  72
-0.0112437 38  82
-0.0112539 36  68
-0.0113295 41  62
-0.0113322 11  28
-0.0114134 11  48
-0.0114318 19  81
-0.0116744 14  35
-0.0117717 12  35
-0.0120456 20  28
-0.0120519 34  47
-0.012121 42  80
-0.0122169 13  50
-0.0122324 8  33
-0.0122375 21  29
-0.0124483 12  40
-0.0124683 18  22
-0.0125386 35  48
-0.012546 5  47
-0.0126012 73  81
-0.0126873 61  64
-0.0127772 18  54
-0.0128662 5  63
-0.0129673 19  33
-0.0129888 13  40
-0.0131022 12  67
-0.0131036 54  58
-0.0131889 34  38
-0.0132539 2  65
-0.0133055 24  69
-0.0134621 6  77
-0.0136824 13  37
-0.0137317 24  41
-0.0137364 41  54
-0.0137979 25  29
-0.0139521 18  37
-0.0140934 4  65
-0.0141429 24  72
-0.0141936 8  56
-0.0142775 15  34
-0.014324 11  82
-0.0144027 65  67
-0.0145024 55  84
-0.0148558 24  52
-0.0148857 19  35
-0.0149643 62  71
-0.0149739 55  76
-0.0150423 14  36
-0.0152307 3  18
-0.0152321 14  43
-0.0152954 43  70
-0.0156223 7  43
-0.0156667 55  75
-0.0156864 8  20
-0.0157095 17  82
-0.0157222 8  67
-0.0157424 26  80
-0.015751 15  74
-0.0158423 31  83
-0.015861 16  66
-0.0160584 1  66
-0.0161083 4  43
-0.0161771 40  72
-0.0161826 16  44
-0.0162008 42  50
-0.0162064 63  81
-0.0162166 2  33
-0.0162709 45  68
-0.0163177 4  82
-0.0164045 10  30
-0.0164176 11  32
-0.0164601 16  30
-0.0164777 40  82
-0.0164826 18  25
-0.0166807 20  43
-0.0166917 11  45
-0.0167098 7  68
-0.0167562 59  81
-0.0167839 27  60
-0.0168087 19  32
-0.0168563 6  41
-0.0169346 34  81
-0.0171192 43  81
-0.0171669 17  45
-0.0173959 9  27
-0.0174618 52  84
-0.0175171 12  33
-0.0175409 59  78
-0.0175665 60  77
-0.0175798 64  77
-0.0175852 34  49
-0.0176209 2  27
-0.0176896 20  63
-0.0177383 71  75
-0.0178044 30  74
-0.0178797 32  80
-0.0180652 53  71
-0.0182656 16  82
-0.0183835 39  77
-0.018472 51  71
-0.0184879 51  68
-0.0185612 13  31
-0.0186439 28  75
-0.0187111 4  19
-0.0187206 46  73
-0.0190592 48  74
-0.0190616 25  76
-0.0190773 18  83
-0.0190891 29  57
-0.01911 51  54
-0.0192562 45  63
-0.0192639 40  43
-0.0192866 2  52
-0.0193272 16  67
-0.0195963 46  60
-0.0196278 46  79
-0.0196378 55  78
-0.0196458 12  38
-0.0198231 71  78
-0.0198481 48  53
-0.0199078 23  42
-0.0199272 40  84
-0.0200169 5  50
-0.0200774 5  18
-0.0200833 28  41
-0.0201064 14  77
-0.0201517 37  82
-0.020212 23  79
-0.0202363 14  79
-0.0202926 3  71
-0.0204889 24  68
-0.0205563 11  42
-0.0206163 35  75
-0.0206747 4  71
-0.0207475 49  65
-0.020767 31  57
-0.0207916 51  53
-0.0209821 12  63
-0.0210422 59  79
-0.0210694 3  70
-0.0211377 50  66
-0.0211973 8  45
-0.0213037 11  30
-0.0213862 8  79
-0.0214978 20  74
-0.0216218 0  55
-0.0216435 10  67
-0.0217043 2  35
-0.0217804 46  69
-0.0218832 11  73
-0.021901 8  42
-0.0220952 50  84
-0.0221653 44  64
-0.0222182 30  34
-0.0222221 23  64
-0.0222633 45  62
-0.0222844 71  74
-0.0223212 34  84
-0.0224173 18  35
-0.0225204 25  38
-0.02255 13  35
-0.022566 11  78
-0.0226026 56  60
-0.0226085 23  75
-0.0226723 46  83
-0.0228516 32  73
-0.0228636 14  80
-0.0228675 6  43
-0.023014 0  36
-0.0230954 3  57
-0.0232518 18  42
-0.0232681 20  80
-0.0233864 24  77
-0.0235308 73  84
-0.0236255 8  31
-0.0237083 15  79
-0.0237532 13  46
-0.0239113 56  80
-0.0240755 10  39
-0.0240837 4  15
-0.0240972 1  12
-0.0242351 3  39
-0.0242469 35  74
-0.0242575 3  17
-0.024383 18  81
-0.0244121 25  52
-0.0245417 5  23
-0.0247826 56  75
-0.0247922 77  80
-0.0250093 3  12
-0.0252299 3  16
-0.0253172 5  46
-0.0253566 37  75
-0.0253655 36  80
-0.0254247 0  74
-0.025425 31  45
-0.0254287 67  70
-0.0254917 12  82
-0.0255358 18  77
-0.0255704 71  73
-0.0256607 15  27
-0.0258703 5  84
-0.0260645 3  31
-0.0261507 70  80
-0.0262464 19  37
-0.0262857 39  75
-0.0262865 16  37
-0.0263383 7  72
-0.0264747 57  77
-0.0265602 14  38
-0.0266662 19  64
-0.0267153 10  46
-0.0267268 15  25
-0.0269561 16  79
-0.0269713 47  76
-0.0270448 0  37
-0.0271788 30  44
-0.0272052 9  80
-0.027298 41  57
-0.0274259 73  78
-0.0274941 19  36
-0.0275488 23  52
-0.027557 2  73
-0.0275985 28  71
-0.0278405 36  65
-0.0278941 44  57
-0.0279312 36  44
-0.0279449 18  45
-0.0279619 10  72
-0.0281447 44  77
-0.0281771 10  52
-0.0282499 5  37
-0.0283848 21  65
-0.0283891 45  78
-0.0285304 17  54
-0.0285342 12  83
-0.0285369 32  79
-0.028588 3  78
-0.0288221 19  23
-0.0288326 19  31
-0.0288556 56  61
-0.0288612 18  71
-0.0289226 15  84
-0.0289307 23  41
-0.0289463 40  76
-0.0290968 20  71
-0.0291065 4  46
-0.0291349 3  53
-0.0294338 41  52
-0.0294639 17  37
-0.0294893 13  26
-0.0294915 43  67
-0.0297168 31  79
-0.0297288 1  27
-0.0298568 48  69
-0.0298696 52  80
-0.0298967 24  46
-0.029995 4  41
-0.030185 2  22
-0.0302369 6  24
-0.0303173 44  59
-0.0303321 30  41
-0.0303543 67  72
-0.0304234 1  37
-0.0304481 7  80
-0.0304725 2  59
-0.0305678 15  52
-0.0306645 59  83
-0.0306843 54  77
-0.0306948 22  68
-0.0308209 32  75
-0.0308544 3  20
-0.0308712 3  77
-0.0309759 34  80
-0.0310077 8  78
-0.0310278 12  81
-0.0311799 15  82
-0.0313554 27  82
-0.0313994 45  69
-0.0314008 9  65
-0.0315244 29  34
-0.0315411 41  78
-0.0316587 10  54
-0.0317045 28  58
-0.0317074 3  79
-0.031739 34  64
-0.0317581 10  24
-0.0318353 31  38
-0.0318619 10  41
-0.031871 24  34
-0.0318772 49  60
-0.0319936 20  29
-0.0321271 3  40
-0.0321795 0  50
-0.0323679 12  48
-0.0323931 17  76
-0.0324772 37  78
-0.0324976 21  46
-0.0325373 28  83
-0.0325716 13  83
-0.032576 15  46
-0.0328035 16  35
-0.0328506 9  74
-0.0328935 75  80
-0.0329995 24  56
-0.0330724 41  67
-0.0331985 13  72
-0.033364 12  46
-0.0334022 50  73
-0.0335261 20  69
-0.033527 9  75
-0.033533 4  18
-0.0335776 23  40
-0.0336361 16  65
-0.0336455 0  68
-0.0336821 8  75
-0.0337719 9  71
-0.0338753 15  38
-0.0338816 64  79
-0.0339119 3  34
-0.0339156 19  80
-0.0339171 2  41
-0.0341742 56  83
-0.0342728 26  36
-0.0343491 39  57
-0.034358 15  29
-0.0343606 6  29
-0.0344143 0  61
-0.0344238 4  33
-0.0344533 42  63
-0.0345006 28  49
-0.0347227 11  44
-0.0347247 63  67
-0.0348043 40  48
-0.0348103 45  70
-0.0349023 1  8
-0.0349861 20  52
-0.0350019 40  77
-0.0351929 56  67
-0.0353733 60  71
-0.0354565 18  32
-0.0354993 24  65
-0.0355077 39  50
-0.0356043 25  70
-0.0356246 14  25
-0.0356926 41  46
-0.0357883 8  25
-0.0358914 41  59
-0.0359222 6  21
-0.0359351 18  52
-0.0359771 13  36
-0.0359926 1  38
-0.0361083 0  35
-0.0363197 46  81
-0.0363396 21  26
-0.0363653 17  46
-0.036396 20  54
-0.0363992 10  47
-0.0364446 32  38
-0.0364515 0  30
-0.0365265 21  76
-0.036616 4  11
-0.0366529 16  42
-0.0366963 0  23
-0.0368186 73  76
-0.0369204 74  79
-0.0369908 18  27
-0.0370264 9  78
-0.0370301 30  68
-0.0370317 7  66
-0.0371576 30  62
-0.0372311 27  71
-0.0374457 5  66
-0.0375099 5  77
-0.0376313 26  69
-0.0377003 25  35
-0.0377058 7  40
-0.0378098 33  51
-0.0379121 44  66
-0.0379506 30  80
-0.0383099 27  57
-0.0383352 27  74
-0.0383671 4  59
-0.0383947 66  75
-0.0383981 1  55
-0.0384692 3  54
-0.0384941 59  82
-0.0385003 6  20
-0.0385877 14  37
-0.0386618 24  74
-0.0386643 37  74
-0.0386884 8  51
-0.0387224 5  61
-0.0389187 33  76
-0.0389308 9  24
-0.0389687 35  40
-0.038988 0  79
-0.0390823 6  66
-0.0393195 1  79
-0.0393907 66  82
-0.0394833 2  76
-0.0395569 29  60
-0.0396338 0  84
-0.0397281 4  74
-0.0397317 4  55
-0.0397424 45  56
-0.0398121 2  40
-0.0398526 60  70
-0.0399032 15  36
-0.0399213 17  68
-0.0399797 19  39
-0.0400162 11  49
-0.0400388 6  36
-0.0400774 11  52
-0.0401419 14  72
-0.0401677 14  70
-0.0401828 8  72
-0.0401873 9  52
-0.040188 56  79
-0.0401963 7  31
-0.0402018 70  79
-0.0402109 34  67
-0.0402244 42  65
-0.0402652 68  80
-0.0402934 15  47
-0.0403258 1  78
-0.0403617 67  76
-0.0404973 16  31
-0.0405531 0  9
-0.0405855 1  26
-0.0406678 37  84
-0.0407726 27  76
-0.0407726 0  72
-0.0407926 24  45
-0.0408668 0  13
-0.0409665 67  77
-0.0410032 13  82
-0.0410124 48  84
-0.0411542 21  23
-0.041156 7  33
-0.0412397 59  77
-0.0413846 25  48
-0.0414405 32  67
-0.0415844 70  81
-0.0416038 18  47
-0.0416891 52  67
-0.041808 20  37
-0.0419379 35  70
-0.0421078 10  83
-0.042131 14  54
-0.0421655 59  67
-0.0421788 42  46
-0.0423973 3  80
-0.0424137 17  35
-0.0424426 48  59
-0.042501 12  59
-0.0425124 49  69
-0.0425253 33  77
-0.0426011 8  84
-0.0427209 5  16
-0.0429571 6  46
-0.0431402 19  77
-0.0431467 24  42
-0.0431864 66  74
-0.0432473 8  46
-0.0432719 20  31
-0.0433318 10  48
-0.0433365 10  81
-0.0434745 68  72
-0.0435898 0  32
-0.0435985 71  80
-0.0439585 29  77
-0.0440002 18  70
-0.0440673 64  75
-0.0440687 24  70
-0.0443824 11  24
-0.044542 0  47
-0.0445911 2  36
-0.0446472 13  67
-0.0446594 9  34
-0.0449001 9  41
-0.0449157 9  23
-0.0450032 17  60
-0.0450885 21  58
-0.0451548 38  71
-0.0451576 16  38
-0.0452371 46  76
-0.0453121 10  59
-0.0453868 7  51
-0.0455048 35  50
-0.0455631 16  72
-0.0455873 69  76
-0.0456761 53  75
-0.0456953 36  78
-0.0457376 37  54
-0.0457589 17  59
-0.0458219 8  41
-0.0458773 37  42
-0.0459736 8  80
-0.0461572 27  39
-0.0462726 16  56
-0.0463154 20  24
-0.0463464 11  39
-0.0463576 16  45
-0.0463783 19  25
-0.0464571 2  71
-0.0464704 40  66
-0.0465052 22  25
-0.0465521 9  54
-0.0465831 20  59
-0.0465934 13  22
-0.0467259 30  36
-0.0467357 21  35
-0.04678 10  45
-0.0467848 15  54
-0.0467881 55  79
-0.0468396 48  81
-0.0469452 7  22
-0.0469476 15  61
-0.0469573 21  44
-0.0469982 27  58
-0.0470055 7  41
-0.0470071 4  14
-0.0470138 18  43
-0.047027 1  31
-0.0470311 22  37
-0.0470478 22  62
-0.0471025 51  60
-0.0472385 16  52
-0.0472846 8  54
-0.0473109 7  25
-0.0473428 19  52
-0.0474439 69  84
-0.0474747 39  74
-0.0475064 32  55
-0.0475143 1  29
-0.047568 13  39
-0.047578 17  52
-0.0476389 29  47
-0.0476685 12  62
-0.0477856 63  80
-0.0478343 7  59
-0.0478813 4  16
-0.0479589 1  82
-0.0480188 2  72
-0.0480914 32  37
-0.048101 16  59
-0.0481179 27  63
-0.0481333 54  64
-0.0481855 6  40
-0.048202 1  15
-0.0482322 12  66
-0.0482561 25  40
-0.0483243 5  55
-0.0483278 44  52
-0.0483717 39  84
-0.0485396 54  63
-0.0485455 23  50
-0.0485938 28  42
-0.0486417 0  12
-0.0486865 34  63
-0.0487605 49  74
-0.0489469 32  42
-0.0489923 16  69
-0.0490329 30  64
-0.0490865 9  56
-0.0490921 52  60
-0.0490986 19  54
-0.0491264 18  63
-0.0491478 30  76
-0.0491995 59  60
-0.0492149 41  70
-0.049269 18  60
-0.0492774 15  59
-0.0493338 72  81
-0.0493473 9  32
-0.0493983 15  56
-0.0494434 13  75
-0.0494897 55  81
-0.0495204 7  82
-0.0496879 33  80
-0.0497445 20  60
-0.04978 50  64
-0.0498729 4  20
-0.04998 23  43
-0.0500608 20  55
-0.0501355 54  72
-0.0502409 3  52
-0.0502506 12  52
-0.0502835 9  70
-0.0503729 4  78
-0.0503845 11  34
-0.0504229 52  81
-0.0504242 60  80
-0.050425 9  59
-0.0504943 21  78
-0.0506459 6  68
-0.0506867 2  83
-0.0507043 11  40
-0.050763 67  79
-0.0507634 17  23
-0.0507771 8  81
-0.050834 36  57
-0.0508484 4  63
-0.0508542 35  66
-0.0509428 36  74
-0.0509916 12  39
-0.0510533 21  32
-0.0510676 3  19
-0.0510849 3  59
-0.0510989 21  31
-0.0511996 15  49
-0.0512895 42  76
-0.0513062 70  82
-0.0513465 9  48
-0.0513887 66  73
-0.0514039 5  70
-0.051443 59  76
-0.0514613 36  64
-0.0514619 2  68
-0.0515338 52  77
-0.0516276 5  59
-0.0517516 8  28
-0.0517772 18  59
-0.0517892 39  68
-0.0520375 11  25
-0.0521227 19  71
-0.0521759 0  75
-0.0522591 41  56
-0.0523893 12  32
-0.0525107 48  56
-0.0525715 27  61
-0.0526319 7  52
-0.0526709 25  43
-0.0528293 5  42
-0.0529452 20  40
-0.0529564 15  70
-0.0529928 6  71
-0.0530074 14  52
-0.0530503 38  57
-0.0530569 11  60
-0.0533212 23  39
-0.0533786 27  77
-0.0534345 16  70
-0.0534477 9  64
-0.0534996 9  76
-0.0536967 2  84
-0.0537335 14  41
-0.0539031 2  13
-0.0539984 25  42
-0.0540477 10  49
-0.0542121 47  62
-0.0545027 41  64
-0.0545187 20  33
-0.0545683 32  60
-0.0546993 17  70
-0.0547547 45  52
-0.0547741 20  82
-0.0547924 31  71
-0.0548014 39  65
-0.0549401 11  77
-0.0550134 18  56
-0.0550162 31  49
-0.0550279 55  77
-0.0550497 31  42
-0.0550524 23  49
-0.0550977 70  74
-0.0551403 20  27
-0.0552915 11  70
-0.0553823 12  77
-0.0553835 34  69
-0.0555092 30  71
-0.0555338 6  83
-0.0555458 43  53
-0.0555541 27  73
-0.0555695 17  38
-0.0556347 19  79
-0.055654 58  80
-0.055704 27  69
-0.0557616 16  22
-0.0558208 31  47
-0.0558885 43  47
-0.0559242 8  65
-0.0559971 43  55
-0.0560046 8  68
-0.0560084 20  38
-0.0560811 19  70
-0.0561861 9  83
-0.0562435 60  73
-0.056343 46  82
-0.0564445 1  30
-0.0564766 32  46
-0.0565547 41  55
-0.0566251 35  71
-0.0566766 28  46
-0.0568354 31  61
-0.0568999 26  66
-0.0569 12  72
-0.0572061 35  84
-0.0572242 25  69
-0.0574271 8  23
-0.0574359 17  79
-0.0576122 10  62
-0.0577539 9  38
-0.057803 12  34
-0.0578292 15  30
-0.0578928 38  52
-0.0579578 17  56
-0.0579828 50  75
-0.0579891 6  52
-0.0580963 50  80
-0.0581094 41  71
-0.0582429 10  56
-0.058271 20  70
-0.0582761 26  63
-0.0582916 22  29
-0.0582955 4  38
-0.0583586 71  81
-0.0584148 13  65
-0.0584463 44  68
-0.0584808 33  73
-0.0587212 20  47
-0.0588247 33  68
-0.0588315 19  59
-0.0589781 51  76
-0.0589894 36  70
-0.059031 7  38
-0.0590318 32  43
-0.0591516 21  56
-0.0591894 23  27
-0.0592021 6  64
-0.0592024 1  13
-0.0593103 36  42
-0.0593684 17  25
-0.0595737 13  79
-0.059584 6  61
-0.0596218 13  38
-0.0596606 11  66
-0.0596735 45  59
-0.0596903 57  78
-0.059778 3  61
-0.0597874 21  52
-0.0598266 15  71
-0.060071 67  80
-0.0601294 47  53
-0.0602278 20  77
-0.0602517 1  39
-0.0602633 11  69
-0.0602897 15  66
-0.0602902 0  7
-0.0603188 9  31
-0.0606703 40  52
-0.0607314 14  27
-0.0607766 32  45
-0.0607905 34  76
-0.0608007 40  62
-0.0608535 42  74
-0.0609697 4  23
-0.0610545 18  23
-0.0610589 56  82
-0.0611529 30  46
-0.0611788 1  74
-0.0612417 69  73
-0.0613764 14  59
-0.0614345 6  65
-0.061467 6  45
-0.0614753 21  43
-0.0614977 1  50
-0.061559 52  79
-0.0615829 18  75
-0.0615882 11  59
-0.0616871 2  56
-0.0616928 21  28
-0.0617661 1  9
-0.0618105 58  72
-0.0619848 0  46
-0.0621549 48  80
-0.0622541 17  63
-0.0623138 19  48
-0.0624189 49  53
-0.0625105 27  78
-0.0625701 56  76
-0.0626128 37  83
-0.062881 50  78
-0.063053 39  76
-0.0630535 40  70
-0.0631006 12  53
-0.0631726 12  56
-0.0632069 13  52
-0.063232 69  74
-0.0632512 3  25
-0.0633524 72  84
-0.0633629 46  61
-0.0634496 48  82
-0.0634709 13  60
-0.0635146 30  54
-0.0635719 77  82
-0.0635855 0  66
-0.0636035 4  83
-0.0636452 38  72
-0.0637115 19  67
-0.0638071 12  37
-0.0639713 18  73
-0.0641177 61  69
-0.0642141 60  83
-0.0642634 8  40
-0.0643727 10  43
-0.0644282 22  70
-0.0644806 48  62
-0.0644807 15  31
-0.0644852 31  53
-0.0645473 43  50
-0.0646252 28  70
-0.0646787 1  68
-0.0647525 31  75
-0.0648099 3  30
-0.0648101 16  76
-0.06491 20  56
-0.0649804 16  23
-0.0649847 4  37
-0.0649986 10  65
-0.0651205 5  41
-0.065132 37  67
-0.0651362 41  82
-0.0652116 6  31
-0.0652359 11  56
-0.0653764 7  32
-0.0654157 25  78
-0.0654165 40  59
-0.0654222 3  68
-0.0654379 12  68
-0.0654793 13  59
-0.0654883 18  80
-0.0656141 2  70
-0.0656438 21  70
-0.0656484 37  72
-0.0656723 8  77
-0.0656928 35  65
-0.0656978 8  37
-0.0657489 14  81
-0.0657772 18  48
-0.0657804 33  70
-0.065923 7  76
-0.0659358 3  83
-0.0659895 33  43
-0.0660024 41  66
-0.0660056 19  56
-0.0660129 15  75
-0.0660203 10  78
-0.0660469 48  55
-0.0662654 39  52
-0.0662813 38  59
-0.0662922 27  53
-0.066418 52  66
-0.0664925 5  33
-0.0665173 6  28
-0.0665264 10  35
-0.0665869 46  77
-0.0666069 8  62
-0.0666574 35  64
-0.0666598 11  64
-0.0666685 4  81
-0.0667958 38  42
-0.0667976 26  84
-0.0668773 23  59
-0.0669803 9  81
-0.067129 22  74
-0.0671531 16  60
-0.0671889 62  68
-0.0672527 23  84
-0.0672721 6  59
-0.0672929 21  60
-0.0672986 15  73
-0.0673006 5  83
-0.0676141 4  44
-0.0676355 2  50
-0.0676444 15  45
-0.0677178 9  77
-0.067756 12  60
-0.0678058 12  29
-0.0678465 32  61
-0.0680867 6  49
-0.0681479 6  78
-0.068164 12  28
-0.0681749 22  52
-0.068199 57  66
-0.0683588 59  84
-0.0683863 16  54
-0.0684602 7  70
-0.0685114 12  61
-0.0685312 49  68
-0.0685532 49  71
-0.0685692 18  79
-0.0685745 52  78
-0.0685963 27  47
-0.0687383 10  64
-0.0687619 21  42
-0.0687776 10  71
-0.0688125 16  46
-0.0688429 74  84
-0.0688822 20  51
-0.0689033 19  73
-0.068922 70  76
-0.0689448 20  66
-0.0689626 25  51
-0.0690184 29  48
-0.0690783 45  80
-0.069079 7  77
-0.0691295 0  52
-0.069138 26  56
-0.0691899 7  26
-0.0692062 3  36
-0.0692213 7  54
-0.0692233 12  64
-0.0692911 41  61
-0.0693922 13  77
-0.0694433 2  23
-0.0695032 14  56
-0.069589 26  38
-0.0697068 33  42
-0.0697076 32  70
-0.0697849 21  75
-0.0699685 11  68
-0.0701353 56  77
-0.0701437 6  23
-0.0703411 31  73
-0.0704726 26  40
-0.0704979 34  62
-0.0706313 63  82
-0.0706986 0  49
-0.0707802 7  42
-0.0708136 42  82
-0.0708686 67  78
-0.0709435 32  66
-0.0710756 43  46
-0.0711976 2  60
-0.0712595 40  73
-0.0713504 24  59
-0.0714217 10  70
-0.0714372 17  75
-0.0714992 7  57
-0.0716116 4  34
-0.0716135 8  69
-0.0716987 33  38
-0.071722 40  61
-0.0717427 61  80
-0.0717803 7  71
-0.0717963 13  70
-0.0718116 28  52
-0.0718219 21  36
-0.0718359 31  46
-0.0718622 19  68
-0.0718706 50  71
-0.071991 41  68
-0.0720883 3  32
-0.0723196 17  29
-0.0723499 6  51
-0.0723721 4  40
-0.072426 44  80
-0.0724945 67  75
-0.0725036 40  56
-0.072506 20  46
-0.0725103 26  52
-0.0725988 23  61
-0.0726013 54  68
-0.0726523 0  63
-0.0727409 61  72
-0.0727818 17  61
-0.0727899 17  26
-0.0728172 8  32
-0.0728438 34  51
-0.0729237 45  64
-0.0729513 10  68
-0.0729742 37  66
-0.0729771 45  61
-0.0729815 1  84
-0.0731596 13  56
-0.0732175 49  78
-0.0733116 67  81
-0.0734668 40  49
-0.073479 12  75
-0.0736028 24  83
-0.0736405 23  63
-0.0737868 40  65
-0.0739339 18  69
-0.0739454 37  45
-0.073957 42  66
-0.0740851 61  70
-0.0740894 35  46
-0.0742328 68  73
-0.0742494 41  81
-0.0743868 8  52
-0.0743951 35  67
-0.0744047 3  75
-0.0744128 0  76
-0.0744358 21  59
-0.0744664 26  28
-0.0744966 41  44
-0.0745754 11  67
-0.0745785 21  79
-0.0745862 13  62
-0.074589 26  42
-0.074667 32  59
-0.0746725 25  55
-0.0747607 41  51
-0.0747782 38  70
-0.0748821 24  49
-0.0748944 1  80
-0.0749125 32  81
-0.074986 13  43
-0.0750341 22  79
-0.0750686 32  53
-0.0750729 35  56
-0.0751398 12  76
-0.0751418 53  81
-0.0751491 7  60
-0.0751905 5  52
-0.0752313 3  38
-0.0752456 21  71
-0.0752565 5  56
-0.0753728 33  52
-0.0755157 17  55
-0.075585 9  50
-0.0756859 8  26
-0.075774 51  61
-0.0759045 46  80
-0.0760108 2  43
-0.0760207 8  36
-0.0760434 6  74
-0.0762944 64  84
-0.0763195 11  61
-0.0763399 14  65
-0.0763446 45  60
-0.0763968 40  47
-0.0764659 30  56
-0.0764694 7  46
-0.076513 19  29
-0.0765179 32  65
-0.0766232 38  77
-0.0766535 14  71
-0.0766555 37  48
-0.0766602 22  83
-0.0767588 10  33
-0.0768909 31  74
-0.0769115 28  84
-0.0769294 19  27
-0.0769478 60  79
-0.0769918 5  81
-0.0770198 5  13
-0.0770375 25  41
-0.07708 30  70
-0.0771287 38  56
-0.0771396 22  65
-0.0771422 5  40
-0.0772689 20  49
-0.0773149 14  46
-0.0773529 13  76
-0.0773863 7  44
-0.0774047 2  46
-0.0774093 26  54
-0.0774259 4  80
-0.0775746 18  46
-0.0776059 4  39
-0.0776824 24  78
-0.0777659 56  84
-0.0779403 35  52
-0.0779673 16  83
-0.0781187 49  80
-0.0781209 8  59
-0.0784807 59  73
-0.0784842 19  60
-0.0786051 18  68
-0.0786446 57  76
-0.078647 26  57
-0.0788285 26  48
-0.0790633 48  57
-0.0791455 3  35
-0.0791632 39  72
-0.0791789 26  58
-0.0792398 1  24
-0.0793412 7  35
-0.079393 6  47
-0.0793935 6  32
-0.0794423 39  49
-0.0795403 2  37
-0.0797204 15  60
-0.079847 37  70
-0.079905 5  39
-0.0800209 35  59
-0.0800318 13  54
-0.0801654 10  80
-0.0803338 34  59
-0.0803795 71  82
-0.0806163 11  63
-0.0806237 59  75
-0.0806778 2  57
-0.0807057 30  52
-0.0807995 19  84
-0.0808055 60  76
-0.0808577 8  71
-0.0809287 47  54
-0.0809603 17  42
-0.0811852 52  76
-0.0812216 12  70
-0.0814545 39  59
-0.081466 22  35
-0.0816223 27  55
-0.0817007 39  54
-0.0817835 13  45
-0.0818274 69  80
-0.0818457 7  63
-0.0818603 16  63
-0.0819978 40  64
-0.082095 4  52
-0.0820984 7  34
-0.0821085 31  50
-0.082268 37  59
-0.0823337 18  55
-0.0826075 58  67
-0.0826303 42  45
-0.0826605 20  67
-0.0827569 2  63
-0.0828132 44  48
-0.0830011 4  36
-0.0831541 1  56
-0.0832088 39  56
-0.0832682 2  31
-0.083305 29  54
-0.0833228 24  47
-0.0833787 1  52
-0.083438 48  60
-0.0834599 11  37
-0.0835821 32  56
-0.0836365 3  37
-0.0836665 40  63
-0.0837398 10  60
-0.0837433 32  52
-0.0837519 36  76
-0.0837634 11  71
-0.0838116 48  66
-0.083843 22  50
-0.0838979 41  53
-0.0839006 0  53
-0.0840278 25  81
-0.0840313 52  82
-0.0840568 70  77
-0.0841111 14  83
-0.0842574 6  69
-0.0843063 26  78
-0.0843765 6  35
-0.0844059 65  78
-0.0844906 49  66
-0.0845681 45  58
-0.0845834 34  52
-0.084615 8  73
-0.0847336 8  63
-0.0847534 38  49
-0.0848599 22  45
-0.0849657 32  49
-0.0849846 18  66
-0.085047 17  84
-0.0850981 50  62
-0.0852578 18  67
-0.085513 39  67
-0.0855444 31  54
-0.0855774 27  59
-0.0855868 24  25
-0.0856273 14  75
-0.0856436 10  53
-0.0858916 37  52
-0.0859673 53  74
-0.0861793 1  51
-0.0861968 11  47
-0.0862858 10  32
-0.086326 31  59
-0.0863794 56  73
-0.0864291 39  42
-0.0864899 31  43
-0.0865296 19  46
-0.0865459 26  67
-0.0865537 26  35
-0.086594 16  55
-0.0866292 33  56
-0.0866389 25  36
-0.0867749 68  78
-0.086791 4  29
-0.0869218 44  79
-0.0869906 36  52
-0.0870882 17  44
-0.0871655 48  65
-0.0873966 36  49
-0.087418 18  64
-0.08756 1  53
-0.0875873 51  79
-0.0876028 35  73
-0.0876108 19  47
-0.0877724 6  38
-0.0879099 38  54
-0.0879854 12  30
-0.0880049 4  62
-0.0880939 35  82
-0.0881874 1  81
-0.0881997 21  48
-0.088236 15  65
-0.0882455 34  42
-0.0882527 44  56
-0.0884362 30  66
-0.0884661 33  81
-0.088559 35  63
-0.0887597 28  34
-0.0887678 31  70
-0.0887797 34  56
-0.0888406 53  84
-0.0888938 41  45
-0.0889577 35  51
-0.0889774 3  74
-0.0891476 9  37
-0.0891734 57  81
-0.0891976 50  60
-0.089302 12  36
-0.0893408 20  72
-0.0895 25  56
-0.0896756 27  52
-0.0897789 39  70
-0.0898696 20  45
-0.0899914 2  30
-0.0901187 35  77
-0.0901445 63  79
-0.0902029 44  84
-0.090245 10  23
-0.0903088 15  22
-0.0903223 40  68
-0.0904766 45  79
-0.090528 8  49
-0.09066 16  71
-0.0907751 34  70
-0.0908087 49  77
-0.0908134 53  83
-0.0908944 26  49
-0.0909541 4  32
-0.0909826 4  84
-0.0910732 40  44
-0.091155 14  69
-0.0912785 42  68
-0.0913666 13  73
-0.0913799 25  46
-0.0914581 44  61
-0.0915136 21  72
-0.0915325 36  59
-0.0915362 11  26
-0.0915478 14  50
-0.0915915 14  63
-0.0916301 33  64
-0.0916318 15  55
-0.091731 37  56
-0.0917752 10  55
-0.0917873 26  75
-0.0921107 40  51
-0.0921122 34  60
-0.0921582 14  48
-0.0922282 29  53
-0.0923566 6  73
-0.0924112 34  83
-0.0926114 36  56
-0.0927488 28  40
-0.0929015 36  83
-0.0930034 21  27
-0.093071 17  51
-0.0932804 55  60
-0.0933317 29  52
-0.0933765 60  78
-0.0933905 25  59
-0.0935135 18  49
-0.0935236 66  76
-0.0936051 21  67
-0.0936248 27  68
-0.0936324 50  53
-0.0936713 27  51
-0.0937063 6  30
-0.0937427 51  78
-0.0938074 19  65
-0.0938117 42  69
-0.093889 61  77
-0.0939118 33  59
-0.0939851 42  57
-0.0940121 22  75
-0.0940205 19  61
-0.0940544 6  42
-0.0941146 51  66
-0.0942041 11  55
-0.0942564 7  83
-0.0943081 23  78
-0.0944547 14  49
-0.0944595 6  70
-0.0945516 19  72
-0.0945632 8  30
-0.0946376 36  48
-0.0946383 7  30
-0.0947469 13  49
-0.0947565 22  38
-0.0949228 10  50
-0.0949453 34  66
-0.0950719 37  80
-0.0950907 70  75
-0.0951061 34  71
-0.0951166 19  55
-0.0951788 28  68
-0.0955117 31  51
-0.0956682 19  45
-0.0956739 35  81
-0.0957497 7  36
-0.0957692 18  51
-0.0957954 33  66
-0.0958532 0  51
-0.0958564 0  70
-0.0959019 36  71
-0.0961172 5  27
-0.0964115 21  24
-0.0964595 34  65
-0.0965489 64  80
-0.0965917 32  57
-0.0968666 25  65
-0.0969372 37  65
-0.0969997 64  78
-0.0972425 3  81
-0.0973256 6  37
-0.0973497 68  76
-0.0973565 16  57
-0.0973717 20  61
-0.0974304 15  28
-0.0974403 3  42
-0.0974636 62  80
-0.0977136 26  59
-0.0978052 16  51
-0.097858 3  73
-0.097929 22  27
-0.0979388 19  62
-0.0981976 29  69
-0.0982232 13  57
-0.0983377 38  45
-0.0983486 16  62
-0.0985824 7  75
-0.0986029 16  48
-0.0987465 1  54
-0.0988087 33  83
-0.0989059 44  55
-0.0989395 26  64
-0.0990142 7  27
-0.0990274 1  59
-0.0990519 18  29
-0.0991536 0  42
-0.099228 38  63
-0.0994834 13  23
-0.0994849 30  65
-0.099556 33  46
-0.0995954 49  79
-0.0996219 33  62
-0.0996506 31  48
-0.0997294 27  46
-0.0997614 45  65
-0.0999809 23  70
-0.0999899 0  44
-0.100025 15  77
-0.100096 17  66
-0.100101 78  83
-0.100106 36  84
-0.100124 32  71
-0.100129 9  30
-0.100162 26  83
-0.100199 53  60
-0.100206 14  42
-0.100323 17  67
-0.100344 40  55
-0.100351 16  75
-0.100382 31  63
-0.100419 60  74
-0.100479 35  72
-0.10055 41  58
-0.100597 19  66
-0.100616 1  70
-0.100722 36  45
-0.100742 7  61
-0.100809 7  24
-0.101191 2  61
-0.101266 5  32
-0.101326 2  64
-0.101454 26  70
-0.101477 12  71
-0.101483 52  83
-0.101601 10  63
-0.101681 6  75
-0.101823 36  51
-0.10193 8  70
-0.101948 30  42
-0.102003 5  79
-0.102027 24  75
-0.102244 38  67
-0.102349 3  55
-0.102448 58  60
-0.102508 16  53
-0.102521 20  58
-0.102624 21  49
-0.10264 61  71
-0.102692 14  61
-0.10299 65  77
-0.103021 39  82
-0.103265 47  60
-0.103275 9  28
-0.103318 13  47
-0.103334 52  61
-0.103452 31  52
-0.103525 69  81
-0.103558 29  71
-0.103747 35  47
-0.103769 15  51
-0.104006 28  62
-0.104101 2  81
-0.104785 21  51
-0.104829 5  54
-0.104861 38  44
-0.105048 33  47
-0.105299 37  71
-0.105304 39  53
-0.105364 64  81
-0.105374 17  77
-0.105561 17  62
-0.105755 31  78
-0.106142 18  53
-0.106227 0  56
-0.106274 57  75
-0.106528 43  59
-0.106583 39  63
-0.106648 16  49
-0.106709 39  51
-0.106805 10  31
-0.106894 12  55
-0.106906 56  74
-0.10693 21  55
-0.106974 27  54
-0.107112 1  49
-0.10713 14  55
-0.107161 6  25
-0.107173 12  45
-0.10728 22  58
-0.107361 9  47
-0.107432 32  54
-0.107529 27  56
-0.107661 3  66
-0.107701 7  37
-0.107794 44  75
-0.107922 30  48
-0.107991 45  66
-0.108029 36  47
-0.108132 15  53
-0.108184 5  57
-0.108267 37  47
-0.108297 1  60
-0.108405 20  53
-0.108446 34  46
-0.108554 31  55
-0.108563 27  67
-0.108563 12  57
-0.108648 5  58
-0.108785 52  75
-0.108844 35  49
-0.108846 13  68
-0.10893 1  62
-0.108963 8  83
-0.109 13  61
-0.109016 0  59
-0.109075 22  59
-0.109084 20  30
-0.109141 19  51
-0.109267 4  31
-0.109388 34  82
-0.109396 56  78
-0.109399 2  32
-0.109421 18  76
-0.109588 9  58
-0.109817 21  25
-0.109865 59  61
-0.110225 6  27
-0.110236 11  62
-0.110321 26  51
-0.110604 55  66
-0.110613 26  61
-0.110648 18  62
-0.110676 31  56
-0.110717 36  43
-0.110815 59  72
-0.110932 18  28
-0.110937 14  30
-0.111111 4  56
-0.111215 32  48
-0.111364 20  62
-0.111392 1  42
-0.111502 3  58
-0.11161 70  73
-0.111658 16  47
-0.111745 18  50
-0.111912 45  75
-0.111943 14  45
-0.11232 34  75
-0.112504 8  48
-0.112521 14  22
-0.112625 24  63
-0.112637 28  67
-0.112766 49  62
-0.112799 54  80
-0.112917 5  31
-0.112919 11  53
-0.112995 19  49
-0.113083 9  63
-0.113177 30  67
-0.113254 30  55
-0.113267 64  73
-0.113321 38  73
-0.113329 50  82
-0.11335 24  73
-0.113362 6  60
-0.113471 2  69
-0.113602 9  42
-0.113659 15  50
-0.113798 7  45
-0.114178 14  67
-0.114182 6  44
-0.114222 47  73
-0.114259 11  58
-0.114306 9  66
-0.11435 33  60
-0.114375 13  71
-0.114479 38  51
-0.114551 8  61
-0.114565 58  78
-0.1146 16  26
-0.114865 52  72
-0.115062 21  53
-0.115102 25  49
-0.11518 2  66
-0.115194 64  74
-0.115247 5  75
-0.115429 20  48
-0.115788 65  76
-0.115812 25  67
-0.116009 33  63
-0.116089 17  57
-0.116127 62  81
-0.116178 13  55
-0.116207 24  58
-0.116239 3  64
-0.116338 11  57
-0.116435 58  79
-0.11656 7  69
-0.116587 22  51
-0.116646 3  56
-0.116897 43  56
-0.116906 14  66
-0.117 51  74
-0.117011 27  75
-0.117019 25  79
-0.117115 56  72
-0.117123 25  63
-0.117198 13  53
-0.117421 17  53
-0.117467 63  78
-0.117476 23  46
-0.117501 45  54
-0.117522 17  58
-0.117779 9  61
-0.117793 19  53
-0.117807 39  55
-0.117809 6  80
-0.117819 19  57
-0.117895 37  49
-0.117904 13  64
-0.118047 28  73
-0.118066 24  54
-0.118093 22  67
-0.118124 9  25
-0.118154 21  45
-0.118155 21  63
-0.118166 28  43
-0.118205 16  58
-0.118379 38  65
-0.11856 2  62
-0.118586 47  79
-0.119139 33  71
-0.119147 51  83
-0.119236 54  79
-0.119236 3  76
-0.119276 12  23
-0.119332 29  55
-0.119547 39  83
-0.119657 51  84
-0.119723 15  57
-0.119862 15  58
-0.119884 38  64
-0.119984 13  51
-0.120006 10  44
-0.120252 58  77
-0.120287 76  81
-0.120378 14  51
-0.120471 3  23
-0.120514 27  49
-0.120562 23  80
-0.120701 8  66
-0.12073 27  40
-0.121092 39  43
-0.121119 4  66
-0.121325 37  53
-0.121343 37  63
-0.121462 9  51
-0.121468 16  61
-0.121637 19  50
-0.121829 38  47
-0.121847 8  57
-0.121965 9  60
-0.122383 38  55
-0.122717 12  25
-0.12281 64  72
-0.123066 62  69
-0.123112 4  64
-0.123465 30  59
-0.123589 37  46
-0.12387 51  72
-0.123961 9  53
-0.123977 35  55
-0.124015 19  83
-0.124058 14  57
-0.124135 11  51
-0.12417 15  69
-0.124256 20  57
-0.124271 28  59
-0.124326 27  42
-0.124344 2  67
-0.124615 11  83
-0.125248 30  63
-0.125459 24  84
-0.125621 22  63
-0.125673 29  64
-0.125698 14  68
-0.126014 4  35
-0.12623 7  84
-0.126278 27  81
-0.126833 36  53
-0.126853 40  42
-0.127054 37  55
-0.127077 65  73
-0.127087 3  24
-0.127192 8  29
-0.127209 66  72
-0.127302 37  77
-0.127387 29  46
-0.127402 29  70
-0.127452 65  84
-0.127605 18  57
-0.127764 51  81
-0.127764 4  26
-0.127888 10  58
-0.128006 10  75
-0.128034 40  53
-0.128507 50  54
-0.128543 22  84
-0.128545 5  65
-0.128792 15  76
-0.128901 9  49
-0.128982 14  47
-0.129189 54  83
-0.129272 18  58
-0.129297 33  55
-0.129422 44  63
-0.129641 23  58
-0.129726 43  52
-0.129896 57  79
-0.129932 32  47
-0.129984 13  63
-0.13011 39  71
-0.13015 5  25
-0.130191 14  53
-0.130367 43  60
-0.130546 34  77
-0.131041 4  79
-0.131144 44  78
-0.13115 54  60
-0.131217 21  47
-0.131876 38  50
-0.13188 8  27
-0.13193 1  65
-0.132027 10  51
-0.132097 37  51
-0.13243 29  58
-0.132673 39  47
-0.132975 5  82
-0.133003 68  74
-0.133162 38  48
-0.133201 51  80
-0.133315 47  83
-0.133449 33  53
-0.133718 5  78
-0.133924 24  44
-0.134461 14  76
-0.134859 34  73
-0.134984 35  45
-0.1353 24  76
-0.135325 9  55
-0.135446 5  28
-0.135505 32  51
-0.135513 45  81
-0.135681 10  84
-0.135718 1  83
-0.135755 0  73
-0.135842 34  43
-0.135898 15  62
-0.135918 34  55
-0.13644 68  82
-0.136557 12  51
-0.136607 11  54
-0.137367 4  58
-0.13758 22  47
-0.137642 15  48
-0.13769 61  79
-0.137814 52  73
-0.138168 44  53
-0.13822 5  30
-0.138281 6  84
-0.13852 22  28
-0.138618 22  82
-0.138797 74  81
-0.138809 40  57
-0.138888 39  48
-0.138965 28  56
-0.139051 29  51
-0.139228 44  81
-0.140056 5  26
-0.140135 43  69
-0.140165 7  58
-0.140421 29  56
-0.140733 38  53
-0.140772 55  83
-0.140787 7  79
-0.140964 25  61
-0.141005 15  23
-0.141012 43  54
-0.141099 14  62
-0.14147 35  53
-0.141797 62  77
-0.141826 34  53
-0.141895 29  63
-0.141948 10  57
-0.142018 28  53
-0.142333 3  65
-0.142388 21  57
-0.142524 19  58
-0.142539 14  58
-0.14298 23  83
-0.143041 59  74
-0.143218 17  83
-0.143236 60  72
-0.143551 12  54
-0.143588 48  58
-0.144042 4  42
-0.144225 36  73
-0.144262 24  50
-0.144851 7  28
-0.14498 10  66
-0.145261 31  58
-0.145457 4  76
-0.145554 44  82
-0.145662 11  76
-0.146232 18  61
-0.14633 8  76
-0.146375 13  69
-0.146386 5  44
-0.146852 5  73
-0.147084 7  65
-0.147305 28  55
-0.147507 52  74
-0.147782 13  48
-0.147809 4  60
-0.147883 12  44
-0.147941 21  64
-0.148272 38  58
-0.148642 39  45
-0.149487 29  68
-0.149619 43  63
-0.149931 39  58
-0.150034 2  28
-0.150168 28  51
-0.150304 12  58
-0.1504 37  58
-0.15049 62  78
-0.150612 41  73
-0.15069 1  61
-0.150993 55  74
-0.151134 22  80
-0.151195 60  63
-0.151289 8  58
-0.15146 32  58
-0.151504 39  73
-0.152279 67  83
-0.152323 74  83
-0.152394 55  61
-0.152731 14  60
-0.152975 29  65
-0.152992 29  84
-0.153239 25  58
-0.153248 31  64
-0.153296 9  57
-0.154218 8  47
-0.154481 36  55
-0.154863 30  51
-0.155392 29  59
-0.15542 21  62
-0.155621 6  58
-0.156026 31  82
-0.156047 62  82
-0.156179 63  72
-0.156557 10  69
-0.157155 30  57
-0.157239 23  30
-0.157389 36  58
-0.157528 36  75
-0.15873 17  73
-0.158942 42  54
-0.159642 53  66
-0.15973 62  76
-0.159777 5  36
-0.159808 24  64
-0.160401 4  61
-0.160908 33  50
-0.161547 8  60
-0.161701 28  50
-0.162037 3  82
-0.162204 43  65
-0.16228 57  73
-0.162417 51  75
-0.162762 6  26
-0.162786 40  58
-0.163557 0  64
-0.163792 64  82
-0.163999 22  49
-0.164524 1  58
-0.164865 35  58
-0.164869 13  58
-0.1653 28  66
-0.165963 2  58
-0.166674 62  79
-0.167347 37  64
-0.168841 45  83
-0.16966 44  76
-0.170933 6  50
-0.171023 33  69
-0.171088 69  75
-0.171506 22  61
-0.171968 63  74
-0.172138 72  76
-0.17276 51  82
-0.172773 67  84
-0.173011 0  82
-0.17314 53  61
-0.173237 22  48
-0.173289 60  75
-0.173663 33  58
-0.174743 31  68
-0.175711 27  64
-0.17636 33  61
-0.176981 48  83
-0.17961 37  73
-0.180976 22  57
-0.181485 30  53
-0.181887 35  42
-0.182198 39  64
-0.182535 44  69
-0.182555 60  84
-0.183806 1  63
-0.184516 28  63
-0.185439 9  62
-0.18579 4  28
-0.186067 72  82
-0.186164 65  82
-0.18809 12  50
-0.18843 47  81
-0.188834 30  72
-0.189022 12  69
-0.189947 36  63
-0.192476 34  58
-0.193478 31  62
-0.194048 9  69
-0.194719 48  61
-0.194889 0  58
-0.195368 66  84
-0.195533 34  61
-0.195693 57  82
-0.196164 63  77
-0.196842 33  65
-0.197388 11  50
-0.198572 22  66
-0.199752 50  81
-0.199879 67  82
-0.200194 29  42
-0.20273 25  83
-0.203312 47  74
-0.206002 43  66
-0.206782 29  45
-0.207052 51  73
-0.208092 43  57
-0.208886 28  65
-0.209706 23  81
-0.21102 47  66
-0.212437 23  62
-0.21269 62  84
-0.215432 62  83
-0.217484 24  30
-0.218491 47  82
-0.222098 45  84
-0.235269 50  83
-0.235901 62  72
-0.235949 47  61
-0.23675 28  64
-0.237291 24  82
-0.240755 62  74
-0.241867 65  74
-0.259587 44  62
-0.281646 62  75
-0.291438 43  62
