0.0037831 0.0027875
0 0.0004375
0.00504414 0.002925
0.989912 0.9916
0.00126103 0.00225
0.992434 0.9926
0.00126103 0.0007625
0 0.0004125
0.00630517 0.0042
0 0.002025
0.160151 0.158875
0.0176545 0.0184625
0.00882724 0.0086875
0.808323 0.807688
0.00504414 0.0062875
0.368222 0.3669
0.422446 0.426362
0.174023 0.172912
0.0252207 0.0234625
0.0100883 0.0103625
0.242119 0.247713
0.199243 0.197862
0.14628 0.151175
0.380832 0.368275
0.0315259 0.034975
0.117276 0.116425
0.0857503 0.0884125
0.0996217 0.096
0.643127 0.644725
0.0542245 0.0544375
0.143758 0.1454
0.129887 0.126025
0.18285 0.17765
0.523329 0.533438
0.0201765 0.0174875
0.269861 0.274875
0.267339 0.266663
0.119798 0.110312
0.290038 0.298563
0.0529634 0.0495875
0.0907945 0.0913
0.310214 0.31815
0.174023 0.169162
0.128625 0.128263
0.296343 0.293125
0.224464 0.223963
0.224464 0.231125
0.136192 0.130288
0.075662 0.0775125
0.339218 0.337112
0.345523 0.346212
0.105927 0.106112
0.07314 0.0754875
0.114754 0.114675
0.360656 0.357513
0.278689 0.280425
0.14628 0.144125
0.108449 0.107737
0.176545 0.1777
0.290038 0.290013
0.07314 0.06985
0.0718789 0.0671125
0.0580076 0.0568625
0.162673 0.152888
0.6343 0.653288
0.181589 0.171162
0.0554855 0.0530375
0.0390921 0.03785
0.0832282 0.0805625
0.640605 0.657388
0.0920555 0.0825875
0.0466583 0.045125
0.148802 0.146338
0.0403531 0.037525
0.672131 0.688425
0.07314 0.066875
0.0542245 0.0546875
0.0542245 0.0547
0.152585 0.144375
0.665826 0.679362
0.0226986 0.0224375
0.0517024 0.053375
0.105927 0.103337
0.0264817 0.0258375
0.79319 0.795013
0.0706179 0.0731875
0.160151 0.1715
0.12232 0.121137
0.15889 0.161175
0.48802 0.473
0.253468 0.253412
0.176545 0.182787
0.254729 0.261412
0.0769231 0.079275
0.238335 0.223112
0.192938 0.192675
0.31652 0.3264
0.233291 0.22865
0.123581 0.119875
0.13367 0.1324
0.037831 0.0369625
0.075662 0.0723875
0.75662 0.761225
0.0416141 0.0405375
0.0882724 0.0888875
0.315259 0.318138
0.0970996 0.108575
0.0794451 0.0759875
0.466583 0.45625
0.0416141 0.04105
0.0100883 0.010825
0 0.0010625
0.614124 0.618088
0.361917 0.35775
0.0138714 0.012275
0.00882724 0.00945
0.00126103 0.00165
0.981084 0.981387
0 0.0007625
0.00882724 0.00675
0.986129 0.985012
0 0.0002375
0.00126103 0.000725
0.0126103 0.0125625
0 0.0014625
0.986129 0.984862
0 0.000275
0.00126103 0.000525
0.0126103 0.0131625
0 0.001175
0.0037831 0.0035875
0 0.0004
0.994956 0.99345
0.00126103 0.0009375
0 0.001625
0.00252207 0.0015875
0.0037831 0.004775
0.989912 0.989775
0.00126103 0.0008625
0.00252207 0.003
0.00882724 0.0072125
0.337957 0.336388
0.00504414 0.004725
0.259773 0.24625
0.388398 0.405425
0.200504 0.192938
0.00630517 0.0053625
0.0151324 0.0120875
0.361917 0.353388
0.416141 0.436225
0.0239596 0.02245
0.401009 0.4162
0.315259 0.310013
0.250946 0.244338
0.00882724 0.007
0.201765 0.199575
0.121059 0.116375
0.327869 0.32125
0.343001 0.35865
0.00630517 0.00415
0.160151 0.153125
0.124842 0.119425
0.335435 0.354812
0.319042 0.31545
0.0605296 0.0571875
0.326608 0.322075
0.208071 0.202912
0.274905 0.289812
0.0617907 0.0626375
0.128625 0.122563
0.12232 0.118587
0.185372 0.183987
0.490542 0.503962
0.0819672 0.0765375
0.119798 0.116925
0.160151 0.1531
0.306431 0.318462
0.374527 0.379713
0.113493 0.106075
0.0453972 0.04265
0.431274 0.428138
0.0453972 0.04465
0.315259 0.329663
0.177806 0.170525
0.0302648 0.027025
0.187894 0.180888
0.211854 0.2097
0.238335 0.247262
0.258512 0.264788
0.103405 0.0973625
0.127364 0.121938
0.0315259 0.0295625
0.0920555 0.0940375
0.263556 0.268125
0.485498 0.486337
0.0680958 0.064125
0.0151324 0.01515
0.0416141 0.03665
0.416141 0.430638
0.459016 0.453437
0.0226986 0.0226125
0.0517024 0.04695
0.56116 0.556863
0.18285 0.19535
0.181589 0.178225
0.238335 0.241237
0.114754 0.10915
0.3657 0.3753
0.035309 0.0356375
0.245902 0.238675
0.708701 0.718237
0.00504414 0.0049125
0.00882724 0.0060875
0.0277427 0.027075
0.249685 0.243688
0.445145 0.450437
0.00504414 0.004975
0.0390921 0.0366125
0.226986 0.230588
0.283733 0.277388
0.0113493 0.0106625
0.00252207 0.001625
0.0037831 0.003325
0.981084 0.9817
0.00126103 0.0026875
0.00630517 0.0049125
0.00630517 0.0054375
0.0075662 0.004725
0.978562 0.981712
0.00126103 0.0032125
0.0163934 0.0196
0.9029 0.905112
0.0781841 0.071975
0.00126103 0.0006875
0.00126103 0.002625
0.0844893 0.0808875
0.0491803 0.053075
0.0075662 0.0092875
0.833544 0.82865
0.0252207 0.0281
0.0390921 0.03695
0.0416141 0.0418125
0.477932 0.472025
0.399748 0.40405
0.0416141 0.0451625
0.0151324 0.0133
0.557377 0.545362
0.211854 0.21275
0.0302648 0.0299625
0.185372 0.198625
0.129887 0.133912
0.355612 0.353475
0.191677 0.185062
0.0718789 0.073975
0.250946 0.253575
0.3657 0.380012
0.157629 0.149938
0.13367 0.136912
0.10971 0.107787
0.233291 0.22535
0.194199 0.204325
0.0907945 0.0887625
0.10971 0.109037
0.0605296 0.0628875
0.544767 0.534987
0.0643127 0.0671125
0.0668348 0.0661125
0.0970996 0.102038
0.0277427 0.0285375
0.74401 0.7362
0.0832282 0.090375
0.0340479 0.036525
0.0895334 0.0884625
0.0466583 0.0441875
0.746532 0.74045
0.0718789 0.07445
0.0290038 0.029775
0.0794451 0.0788625
0.0668348 0.0723
0.752837 0.744613
0.0580076 0.0604875
0.074401 0.074025
0.0529634 0.0585125
0.0264817 0.02795
0.788146 0.779025
0.0453972 0.0489625
0.0718789 0.071
0.0290038 0.03165
0.0630517 0.06665
0.790668 0.781737
0.0327869 0.0368375
0.0100883 0.0102125
0.0214376 0.023425
0.0504414 0.0557375
0.885246 0.873788
0.075662 0.075225
0.0151324 0.0146125
0.0176545 0.0163125
0.0870113 0.0976125
0.80454 0.796238
0.119798 0.123512
0.0163934 0.0166
0.0327869 0.0365
0.0403531 0.0424375
0.790668 0.78095
0.0807062 0.083425
0.035309 0.0408375
0.0226986 0.019575
0.0655738 0.0699875
0.795712 0.786175
0.0907945 0.0900875
0.0617907 0.0586625
0.0605296 0.0607625
0.0655738 0.069775
0.721311 0.720712
0.0920555 0.0887625
0.107188 0.110463
0.0567465 0.0537125
0.114754 0.114488
0.629256 0.632575
0.179067 0.173288
0.0201765 0.0188
0.0542245 0.05345
0.123581 0.131188
0.622951 0.623275
0.121059 0.115138
0.0933165 0.095775
0.0252207 0.02585
0.143758 0.144313
0.616646 0.618925
0.184111 0.177813
0.0807062 0.0791375
0.0844893 0.0860375
0.0970996 0.105112
0.553594 0.5519
0.165195 0.176775
0.102144 0.096775
0.134931 0.138025
0.0769231 0.0796625
0.520807 0.508763
0.163934 0.166813
0.112232 0.110113
0.0668348 0.0710625
0.417402 0.416038
0.239596 0.235975
0.586381 0.576412
0.0277427 0.0270875
0.0517024 0.0561125
0.0970996 0.0957
0.237074 0.244688
0.0390921 0.0381
0.616646 0.617363
0.102144 0.105163
0.0416141 0.03955
0.200504 0.199825
0.121059 0.120563
0.0252207 0.0248
0.075662 0.0772125
0.582598 0.584925
0.19546 0.1925
0.172762 0.188725
0.126103 0.122588
0.119798 0.111838
0.075662 0.0735625
0.505675 0.503287
0.0567465 0.05255
0.0100883 0.0096
0.0189155 0.0195625
0.296343 0.2931
0.617907 0.625188
0.0807062 0.077275
0.035309 0.0343
0.147541 0.148187
0.162673 0.157625
0.57377 0.582612
0.0617907 0.0563625
0.0668348 0.066375
0.141236 0.145487
0.160151 0.153225
0.569987 0.57855
0.0920555 0.0912375
0.466583 0.476787
0.143758 0.1401
0.129887 0.129238
0.167718 0.162637
0.233291 0.238538
0.0832282 0.0818125
0.07314 0.0714
0.464061 0.464162
0.14628 0.144088
0.136192 0.133963
0.157629 0.165
0.0958386 0.101013
0.413619 0.406875
0.196721 0.19315
0.141236 0.134313
0.245902 0.237925
0.242119 0.244512
0.20681 0.219675
0.163934 0.163575
0.306431 0.303187
0.214376 0.211088
0.104666 0.105713
0.205549 0.214375
0.168979 0.165637
0.234552 0.233513
0.199243 0.208425
0.10971 0.1124
0.307692 0.300413
0.148802 0.14525
0.322825 0.320138
0.223203 0.228463
0.127364 0.131625
0.20681 0.200137
0.119798 0.119637
0.385876 0.39165
0.121059 0.11895
0.102144 0.101875
0.276166 0.26975
0.114754 0.117775
0.540984 0.5385
0.151324 0.157925
0.0933165 0.0888
0.162673 0.163825
0.0517024 0.05095
0.139975 0.140288
0.394704 0.3932
0.185372 0.191525
0.244641 0.242262
0.035309 0.032725
0.167718 0.169513
0.114754 0.11435
0.0769231 0.0779
0.272383 0.274662
0.368222 0.363575
0.711223 0.723537
0.104666 0.102763
0.0416141 0.0399625
0.118537 0.11175
0.0239596 0.0219875
0.581337 0.595912
0.229508 0.217775
0.107188 0.107475
0.0542245 0.054225
0.0277427 0.0246125
0.263556 0.265675
0.185372 0.190175
0.0655738 0.068425
0.346784 0.340263
0.138714 0.135463
0.124842 0.124438
0.515763 0.513475
0.104666 0.111312
0.191677 0.1879
0.0630517 0.062875
0.385876 0.396263
0.18285 0.184075
0.116015 0.110113
0.288777 0.283712
0.0264817 0.0258375
0.242119 0.250138
0.147541 0.148012
0.0970996 0.0921875
0.500631 0.498937
0.0126103 0.010725
0.250946 0.254962
0.267339 0.2688
0.301387 0.29195
0.150063 0.15305
0.0302648 0.0312375
0.156368 0.151175
0.147541 0.150838
0.440101 0.435038
0.235813 0.245287
0.0201765 0.0176625
0.313997 0.309975
0.186633 0.182875
0.145019 0.14375
0.322825 0.335462
0.0315259 0.0279375
