0.0220113
0.0716286
0.00521282
-0.23706
0
-0.256815
0.0435176
0.0676277
-0.00663913
0
-0.12253
-0.0123273
0.00747074
-0.0875185
0
-0.0510907
-0.0872417
-0.114187
-0.0192659
0
0.0136438
-0.027773
-0.0331408
-0.0911181
0
0.000178926
0.0345249
-0.0175462
0.0142682
0
-0.0421899
-0.00929953
-0.09591
0.0449345
0
-0.103742
0.0571729
0.0127043
0.0244618
0
0.0606684
0.0723595
0.0677943
0.0562938
0
0.0646399
0.0351715
0.0447252
0.101058
0
0.0454322
0.0897898
0.0933039
0.0967737
0
0.00742442
-0.00123151
0.101033
0.174665
0
0.0735992
0.071446
0.100055
0.0825231
0
0.0133873
0.100021
0.167584
0.0580029
0
0.0724813
0.0948398
0.116796
0.10507
0
0.0944089
0.13151
0.106956
0.068983
0
0.144933
0.168194
0.129227
0.152405
0
0.0869919
0.171703
0.102316
0.0669369
0
0.104473
0.0466253
0.0994423
0.118527
0
0.12433
0.0789324
0.00486094
0.0687146
0
0.0710464
0.0105713
0.00346606
0.0647103
0
-0.0623945
0.0730765
0.0853187
-0.0325783
0
0.0229832
0.106395
-0.0962724
-0.0225994
0
0.0593687
0.0705612
-0.215529
0.0864742
0
-0.258664
0.0677498
0.0437847
-0.0166297
0
-0.248669
0.0710806
0.0325882
-0.0168389
0
-0.000589578
0.0685707
-0.252843
0.0319014
0
0.018399
0.0448021
-0.22041
0.0481208
0
0.0810523
0.0124508
0.113849
-0.0962796
0
0.0128996
0.110857
0.0706326
-0.100261
0
-0.0281827
0.00439971
-0.155571
0.0418025
0
-0.171449
-0.0667231
-0.0612859
0.060198
0
-0.0529789
-0.00121862
0.0639397
0.0138832
0
-0.00396512
0.068363
-0.00779756
0.0793088
0
0.0492294
0.0882061
-0.0945533
0.0702394
0
-0.0196897
0.00574131
0.0122171
-0.0383556
0
-0.0414865
0.00821518
0.0443889
-0.0552313
0
0.0156739
0.107845
0.00268596
0.0313805
0
0.0984552
0.101386
0.0466685
0.10727
0
0.0897824
0.110122
0.14589
0.0907447
0
0.0913671
0.0813668
0.0382557
0.0827299
0
0.0793832
0.0589911
0.140099
0.105723
0
0.0861083
0.140263
0.115426
0.116888
0
0.0976327
0.146974
0.0986445
0.105624
0
-0.0159088
0.0211661
0.0250359
-0.210213
0
-0.0137901
-0.0080205
0.0137688
-0.191951
0
0.0126368
-0.194334
-0.0603763
0.0484001
0
-0.00788795
0.0682651
0.0631316
-0.195994
0
0.0347722
0.0425966
-0.0730973
-0.036336
0
0.075564
-0.0992428
0.0643706
0.0885833
0
0.0712298
0.114631
-0.00318689
0.0297445
0
0.0568451
0.0480193
0.0725284
0.0785824
0
0.0218479
0.123863
0.138878
0.109807
0
0.140217
0.136919
0.157161
0.18362
0
0.125728
0.14425
0.222248
0.150594
0
0.13859
0.158711
0.201614
0.164754
0
0.172122
0.199457
0.139172
0.182213
0
0.176805
0.180593
0.175065
0.182247
0
0.208294
0.170087
0.174249
0.229611
0
0.201023
0.158327
0.16559
0.18902
0
0.179019
0.181325
0.223838
0.141879
0
0.216921
0.158004
0.1312
0.206113
0
0.142611
0.100862
0.195728
0.158229
0
0.0946744
0.0404075
0.130362
0.211391
0
0.0769531
0.144424
0.131924
0.142628
0
0.0764014
0.184682
0.107691
0.0658261
0
0.0267143
0.0425242
0.0666792
0.126631
0
0.0639115
0.0403052
0.05492
0.128154
0
0.0395593
0.084855
0.0784153
0.0129973
0
-0.160931
0.08093
0.0652179
0.0978922
0
0.0553039
-0.0995786
0.0933164
0.0748616
0
-0.0239045
0.0943247
0.086742
-0.0263603
0
0.0091847
0.106184
0.000350673
0.111333
0
0.0799548
0.134753
0.176386
-0.0537191
0
0.0938763
0.0771626
0.0479645
0.0203018
0
0.0501302
0.0698299
0.06463
0.036263
0
0.0436479
0.00531326
-0.00197851
0.0934128
0
0.0179246
0.0277834
0.0242031
-0.000426442
0
0.0224246
0.0655796
0.0816829
0.0264738
0
0.0275687
-0.00911664
0.0798278
0.0897755
0
0.081482
-0.0122104
0.062884
0.0685612
0
0.0286937
0.0427851
0.0421838
0.0679439
0
0.0397262
0.00396372
0.0965283
-0.00171253
0
0.0281727
-0.0258769
0.03556
-0.0162712
0
-0.0908118
-0.012446
-0.0250688
0.0454582
0
0.0257058
-0.063989
0.028837
-0.0458086
0
0.073603
0.0174103
0.101061
0.123559
0
-0.150786
0.0538972
0.0247783
-0.00305878
0
-0.12232
-0.0811817
0.108819
0.025733
0
0.011118
-0.0373332
0.0637368
-0.0242126
0
0.0635955
-0.0857124
-0.00740619
-0.0773212
0
0.0141014
-0.0356635
-0.0700516
-0.078002
0
0.0591278
-0.0892065
-0.0455996
-0.116332
0
-0.0625557
0.0129796
-0.0674286
-0.0182665
0
-0.0662211
-0.0547047
-0.0627467
0.00578231
0
-0.0515345
-0.0572792
0.0329573
-0.00884347
0
