1.30439 22  48
0.812082 29  30
0.793022 7  18
0.709624 4  19
0.702608 68  69
0.700245 28  29
0.682267 5  20
0.664893 41  43
0.602428 12  13
0.547187 44  45
0.545961 23  24
0.543145 28  30
0.540772 14  15
0.53583 6  19
0.515553 31  39
0.50659 3  19
0.49186 23  25
0.489805 30  31
0.488971 88  91
0.480589 5  19
0.478133 47  48
0.477023 28  43
0.470353 82  85
0.457973 83  86
0.455939 4  5
0.45367 13  15
0.452729 24  26
0.446878 45  46
0.445423 70  71
0.441641 24  25
0.436381 25  26
0.435739 6  22
0.430558 4  21
0.403005 69  72
0.399983 70  73
0.39865 68  85
0.398385 31  32
0.396196 3  31
0.393433 77  85
0.392247 23  26
0.3804 93  94
0.37971 86  87
0.378265 69  70
0.377309 76  86
0.377185 0  1
0.363392 40  41
0.362954 50  68
0.362561 69  73
0.360101 36  39
0.359075 51  91
0.357636 62  65
0.35687 37  41
0.354506 3  17
0.353321 74  95
0.349122 32  33
0.346482 2  91
0.345973 9  11
0.342168 63  68
0.339729 25  27
0.337436 2  20
0.332776 76  77
0.330337 10  19
0.330325 21  89
0.327311 4  95
0.325178 60  62
0.324549 22  39
0.321719 36  90
0.321426 32  38
0.321118 16  33
0.319785 7  17
0.317829 21  50
0.316633 55  56
0.313561 17  90
0.312922 71  84
0.312598 0  45
0.312014 6  17
0.312014 31  36
0.310958 35  51
0.310294 67  72
0.309771 68  70
0.307816 50  82
0.301563 37  94
0.300623 71  73
0.297608 76  79
0.296911 34  75
0.296597 79  80
0.295516 48  64
0.29528 21  46
0.293591 24  27
0.29283 87  91
0.292473 4  36
0.292223 13  14
0.291734 82  95
0.291729 40  42
0.289675 86  95
0.288728 62  63
0.287778 1  26
0.287422 7  87
0.287347 37  47
0.287311 40  43
0.28608 73  74
0.285557 78  80
0.285114 38  43
0.284786 32  75
0.28358 44  46
0.283078 31  33
0.280987 76  85
0.280127 36  38
0.280024 78  92
0.27987 23  27
0.279347 31  38
0.278697 3  21
0.277399 49  72
0.27703 9  87
0.276938 80  86
0.276737 81  83
0.276167 0  24
0.275871 20  41
0.27549 37  75
0.275135 30  41
0.274862 37  82
0.273 51  68
0.272773 34  35
0.268116 27  44
0.265491 77  79
0.26505 86  94
0.263833 47  50
0.263825 74  76
0.263108 51  52
0.262928 73  75
0.262925 18  51
0.262265 11  79
0.262148 9  21
0.260951 30  43
0.259874 29  92
0.259679 21  80
0.25907 48  49
0.258734 40  48
0.257158 20  77
0.257021 43  47
0.256368 18  85
0.256017 2  49
0.25484 0  26
0.254689 41  94
0.253219 78  93
0.253117 10  81
0.252354 11  83
0.252019 57  65
0.251371 33  51
0.250758 85  95
0.249956 11  12
0.248729 11  80
0.248508 6  51
0.248417 31  68
0.247672 35  92
0.247663 17  38
0.246871 51  79
0.244907 1  24
0.243807 66  67
0.243001 77  81
0.241993 14  16
0.24148 1  25
0.240853 7  94
0.239404 19  61
0.237601 67  91
0.237123 48  72
0.237103 37  87
0.236743 4  62
0.236565 71  83
0.235455 1  27
0.235411 21  79
0.235095 54  55
0.23432 71  89
0.234013 26  27
0.233824 41  77
0.232894 0  46
0.232582 83  94
0.23244 84  91
0.232261 37  43
0.232107 65  67
0.23193 30  66
0.231748 4  78
0.231165 29  32
0.231015 8  93
0.229386 35  39
0.229058 19  65
0.228385 59  60
0.228337 67  71
0.227857 7  28
0.227348 42  45
0.226717 63  92
0.22525 6  35
0.225221 38  39
0.224955 5  43
0.224792 68  87
0.224708 82  94
0.224459 76  88
0.224458 50  83
0.224101 1  23
0.222745 12  16
0.222378 18  78
0.222179 3  6
0.221822 36  83
0.22178 33  95
0.221369 3  4
0.220225 33  76
0.220147 74  77
0.21882 83  85
0.218202 33  93
0.217847 28  72
0.217795 88  93
0.216611 53  57
0.216402 19  71
0.215651 84  87
0.215261 79  92
0.21279 7  89
0.212497 12  15
0.211397 27  29
0.211283 5  67
0.21092 62  94
0.210843 34  39
0.210678 69  71
0.210551 66  76
0.210122 32  80
0.210088 63  84
0.209797 85  88
0.209604 79  85
0.209562 52  53
0.209116 10  69
0.208906 89  94
0.208291 78  79
0.208157 33  48
0.206672 47  49
0.205712 0  25
0.204432 1  45
0.204217 22  25
0.204172 53  64
0.204062 48  81
0.203193 41  83
0.203127 37  48
0.202454 26  44
0.201706 55  60
0.20141 0  27
0.201145 0  47
0.200956 88  92
0.200522 73  76
0.200124 2  38
0.200104 29  77
0.199753 19  81
0.199587 91  92
0.199107 2  64
0.198622 23  38
0.197972 73  85
0.197687 23  42
0.197538 63  87
0.19743 34  36
0.197231 13  28
0.196772 52  92
0.196292 76  78
0.196161 7  82
0.195751 57  59
0.195735 54  57
0.195624 70  79
0.195602 9  89
0.194787 9  32
0.194731 45  47
0.194476 30  35
0.194227 9  68
0.194016 51  55
0.193358 8  35
0.193177 73  95
0.193001 68  76
0.192718 46  50
0.192477 21  36
0.191734 17  76
0.191276 6  11
0.190716 59  63
0.19016 48  50
0.190043 6  36
0.189406 40  94
0.189295 42  62
0.189136 1  2
0.188735 14  34
0.188443 10  11
0.188145 54  61
0.188064 50  81
0.188034 12  14
0.187913 9  14
0.187802 56  57
0.187477 55  66
0.187218 63  65
0.187212 87  92
0.187133 41  42
0.186706 4  94
0.186678 8  90
0.186606 0  23
0.186138 10  91
0.185863 18  76
0.185592 5  23
0.18544 4  49
0.185348 80  90
0.185249 9  22
0.184512 84  92
0.184084 3  40
0.183996 18  52
0.183577 88  89
0.182386 50  56
0.1822 18  35
0.180749 2  3
0.180281 72  73
0.17998 72  78
0.179331 63  69
0.17874 79  86
0.178406 52  93
0.178243 85  94
0.178198 38  80
0.177889 89  93
0.177593 35  45
0.177294 22  27
0.177271 11  81
0.177161 1  44
0.176967 81  87
0.175318 16  50
0.174964 34  84
0.174952 15  16
0.174709 14  29
0.17449 37  91
0.174099 21  45
0.173799 36  80
0.172854 35  68
0.172529 3  13
0.172441 72  80
0.172423 15  36
0.171288 6  48
0.171185 4  31
0.170937 1  46
0.170301 19  84
0.170216 59  87
0.169562 8  37
0.169505 59  62
0.169056 2  74
0.168767 41  47
0.168559 5  73
0.16849 6  18
0.168387 2  37
0.168059 28  65
0.167939 41  79
0.167554 32  65
0.167332 41  61
0.167275 8  19
0.167159 1  47
0.166797 27  46
0.16662 57  61
0.166601 17  46
0.166492 70  74
0.16625 91  95
0.165651 51  94
0.16501 10  12
0.164845 6  33
0.164766 42  74
0.164558 77  93
0.164552 69  92
0.164067 30  92
0.163946 32  48
0.163511 71  90
0.163368 37  64
0.163102 64  69
0.163071 74  90
0.163045 49  79
0.162962 4  20
0.162742 2  19
0.162696 7  22
0.162604 21  42
0.162398 5  63
0.162184 83  90
0.162023 37  38
0.161635 66  92
0.161574 35  91
0.160831 80  81
0.160744 62  75
0.160723 19  67
0.160028 33  55
0.159812 53  56
0.159457 64  74
0.158709 26  45
0.157995 8  14
0.157304 19  48
0.157282 18  33
0.156995 32  40
0.156986 31  64
0.156856 83  88
0.156794 26  46
0.155949 3  20
0.155749 9  52
0.155641 12  43
0.155615 37  93
0.155441 90  92
0.155333 79  84
0.155313 81  84
0.155181 10  49
0.155106 24  42
0.154999 24  44
0.154927 90  94
0.154905 37  74
0.15468 85  93
0.154636 9  39
0.15452 9  88
0.154013 82  91
0.153833 18  75
0.153558 87  88
0.153387 6  20
0.153245 10  63
0.152864 19  52
0.152255 2  53
0.152163 62  64
0.152148 5  24
0.151649 79  95
0.151433 13  16
0.151037 27  45
0.150875 10  83
0.150858 14  49
0.150443 28  73
0.15032 65  83
0.150193 56  82
0.14989 60  64
0.149402 6  39
0.149219 5  49
0.148995 55  57
0.148695 24  38
0.147928 17  55
0.147579 84  85
0.14719 13  48
0.147187 52  81
0.146771 17  52
0.146692 22  26
0.14637 35  36
0.146265 36  67
0.145748 22  30
0.145366 88  94
0.14525 54  63
0.144693 30  40
0.144618 42  50
0.144604 30  83
0.144471 46  81
0.14443 47  73
0.144276 6  81
0.144253 3  87
0.144248 30  32
0.143674 29  90
0.143282 11  34
0.143067 58  60
0.143066 59  86
0.142778 31  42
0.142756 10  13
0.142397 4  84
0.142298 5  42
0.142078 15  34
0.141624 63  93
0.141251 49  84
0.140964 8  50
0.140958 6  82
0.140868 77  95
0.140575 5  77
0.140408 4  50
0.140311 6  34
0.139982 4  72
0.139959 25  44
0.139722 8  11
0.139654 6  30
0.139586 34  92
0.139209 88  90
0.13882 0  44
0.138445 6  28
0.137999 10  94
0.137891 35  77
0.137469 21  92
0.13742 9  76
0.137278 61  62
0.137271 65  86
0.137213 40  47
0.137131 4  93
0.136988 50  61
0.136977 43  73
0.136704 35  93
0.136198 41  89
0.136093 42  46
0.135996 57  62
0.135898 85  90
0.135798 8  76
0.135101 5  12
0.135057 21  78
0.134966 22  76
0.13491 43  94
0.134794 33  35
0.134678 8  83
0.134678 28  71
0.134563 12  52
0.134459 29  64
0.134401 38  72
0.134315 8  34
0.134274 58  83
0.134122 66  95
0.134109 10  15
0.133984 9  12
0.133535 28  66
0.133531 18  93
0.133462 12  81
0.133407 53  55
0.133358 20  30
0.132965 64  70
0.132311 19  77
0.132267 81  91
0.132174 58  92
0.132014 3  37
0.131791 17  22
0.131504 60  63
0.13146 52  54
0.131458 85  86
0.131011 9  10
0.130953 80  94
0.130538 3  33
0.130315 37  40
0.129876 52  55
0.129717 68  94
0.129347 38  79
0.129313 13  53
0.129274 81  94
0.128903 61  65
0.128658 28  78
0.128631 50  64
0.128385 16  53
0.128229 32  46
0.128221 30  34
0.128143 49  54
0.127895 14  66
0.127593 2  42
0.127582 11  51
0.127563 20  65
0.127536 6  65
0.127499 6  95
0.127063 38  51
0.126786 0  69
0.126417 18  36
0.126259 10  55
0.125827 22  64
0.125774 15  25
0.125483 7  33
0.125239 51  60
0.125105 30  88
0.125024 5  37
0.124834 57  88
0.124683 54  59
0.124515 56  64
0.124488 43  84
0.124454 19  63
0.123905 61  92
0.123754 83  84
0.123593 33  80
0.123508 2  62
0.123435 48  90
0.123376 78  90
0.123334 80  95
0.123291 37  45
0.122996 43  63
0.122872 17  53
0.122783 12  95
0.122687 65  82
0.122657 64  77
0.122479 46  47
0.122384 14  32
0.12237 65  66
0.122188 27  28
0.122108 7  31
0.121902 41  68
0.121708 69  94
0.121676 15  38
0.12141 56  59
0.121374 33  89
0.121281 13  47
0.121197 89  95
0.120696 46  55
0.120635 2  61
0.120458 22  24
0.120328 41  85
0.120302 28  89
0.120211 3  78
0.120167 71  74
0.120031 8  10
0.119924 84  86
0.11984 62  74
0.119781 8  47
0.119766 86  91
0.119673 57  60
0.119611 9  93
0.119577 20  42
0.119557 40  55
0.119412 74  78
0.119272 75  93
0.119178 30  46
0.119035 23  44
0.118902 67  89
0.118806 82  86
0.11875 4  51
0.118591 17  78
0.118479 12  79
0.118308 9  80
0.118139 50  90
0.118013 72  91
0.117946 57  94
0.117856 42  73
0.117526 66  84
0.117397 14  52
0.117354 13  52
0.117054 35  76
0.116995 11  89
0.116794 30  81
0.116758 73  77
0.116471 74  79
0.116413 73  84
0.11618 35  67
0.116166 68  73
0.116025 42  43
0.115934 2  27
0.1159 57  85
0.115829 68  72
0.115736 32  39
0.115651 53  59
0.115472 22  38
0.115368 4  88
0.115322 41  69
0.115232 41  78
0.115113 28  31
0.114952 10  36
0.114901 16  47
0.114887 3  84
0.114846 53  60
0.114829 22  23
0.114614 37  80
0.114592 1  69
0.114566 16  29
0.114172 36  52
0.113897 28  44
0.11384 1  22
0.1138 61  94
0.113477 17  56
0.113475 18  88
0.113196 56  85
0.113156 83  91
0.113027 8  52
0.11281 78  89
0.1128 33  67
0.11279 20  66
0.112673 21  34
0.11266 57  80
0.112532 32  90
0.112436 20  52
0.112358 46  54
0.112149 29  43
0.111965 75  76
0.111932 56  67
0.111892 43  65
0.111777 15  18
0.111597 32  71
0.111254 34  49
0.111233 20  63
0.111196 80  89
0.110952 56  78
0.110934 8  65
0.110821 59  72
0.110813 42  44
0.110772 31  86
0.110645 7  76
0.110487 47  84
0.110483 9  85
0.110472 82  88
0.110251 17  84
0.110089 3  35
0.109929 9  66
0.109303 17  19
0.109109 25  38
0.109019 42  92
0.109003 17  92
0.108956 4  7
0.108834 49  94
0.108691 21  28
0.108576 8  13
0.108436 63  88
0.108108 28  75
0.107912 81  86
0.107911 2  29
0.107151 5  25
0.107048 38  66
0.107011 67  75
0.10677 6  42
0.10651 43  50
0.106471 38  41
0.106338 22  43
0.106279 30  62
0.106089 30  90
0.106057 20  68
0.106013 33  66
0.105582 71  81
0.105514 8  16
0.105475 24  46
0.105469 5  32
0.105318 40  91
0.105196 39  49
0.10515 49  95
0.104718 26  47
0.104717 0  29
0.104519 8  40
0.104044 21  35
0.103927 40  84
0.103757 3  14
0.103622 50  55
0.103548 47  55
0.10341 15  42
0.103384 20  32
0.103341 18  37
0.103314 54  83
0.103288 25  61
0.103244 22  44
0.10297 71  75
0.102961 30  65
0.102651 5  88
0.102645 68  71
0.102391 59  66
0.102191 46  56
0.101999 30  36
0.101972 8  17
0.101929 14  35
0.101873 2  50
0.101666 57  67
0.101409 52  60
0.101054 18  19
0.101049 2  36
0.101003 15  39
0.100794 34  38
0.100787 51  53
0.100779 63  67
0.100754 24  45
0.100699 3  28
0.100353 10  37
0.100248 28  58
0.100006 12  67
0.0998346 20  24
0.099701 31  90
0.0996797 35  86
0.0994102 6  15
0.099382 31  62
0.0993671 41  52
0.0990718 58  68
0.0990126 4  68
0.0989995 68  91
0.0989503 20  25
0.0988339 19  55
0.0987747 33  34
0.0987596 32  52
0.0986311 65  68
0.0985308 31  65
0.0985071 80  91
0.0983291 12  17
0.0982189 11  94
0.0981985 62  84
0.0979863 36  48
0.0978458 16  81
0.0978371 7  67
0.0977966 15  85
0.0972431 51  82
0.0969031 20  69
0.0966896 11  84
0.0966197 13  95
0.0964564 16  59
0.0964162 58  71
0.0963274 1  87
0.0961554 5  94
0.0961402 0  42
0.0960154 7  80
0.0954226 58  85
0.0953799 57  86
0.0952831 49  90
0.0952309 66  69
0.0952212 14  85
0.0949321 12  86
0.0947417 2  21
0.0945414 7  71
0.094303 3  63
0.0936326 13  68
0.0932583 40  80
0.0932079 12  77
0.0931557 46  51
0.0930121 50  92
0.0928942 56  58
0.092824 11  87
0.0927444 10  86
0.0923384 60  74
0.0922933 9  47
0.0922514 54  64
0.0921939 8  67
0.0918383 64  87
0.091792 25  29
0.0917334 29  75
0.0916603 35  75
0.0916065 19  21
0.0914137 47  74
0.091409 52  57
0.0913645 22  83
0.0912864 8  39
0.091282 65  77
0.0910183 33  52
0.0908186 25  46
0.0908043 4  12
0.0907358 55  65
0.0907287 84  94
0.0907278 8  85
0.0906939 25  45
0.0906192 29  67
0.0906069 36  70
0.0905002 61  66
0.0899738 53  93
0.0898746 49  64
0.0896794 19  20
0.0895678 32  82
0.0891965 67  94
0.0891227 66  91
0.0891166 31  66
0.0889419 54  56
0.0887672 67  93
0.0887329 16  52
0.0886503 70  90
0.0882856 67  79
0.088282 34  43
0.0881858 2  12
0.0881828 72  74
0.0880763 9  35
0.0880313 55  85
0.087973 3  45
0.08788 9  94
0.0878695 0  87
0.0878007 64  90
0.0876916 51  77
0.0874871 78  82
0.0874423 45  50
0.0873505 22  31
0.0873432 5  28
0.0872206 4  89
0.0869904 86  90
0.0869165 56  91
0.086661 54  58
0.0863486 59  61
0.0862732 15  80
0.0862618 18  74
0.0861041 10  77
0.0859621 78  91
0.0857647 66  75
0.0856201 66  90
0.0856106 7  77
0.0853748 10  38
0.0852356 50  94
0.0852011 62  90
0.0847809 13  63
0.0846985 2  56
0.0846669 74  93
0.0846119 21  81
0.0844394 35  47
0.0843175 22  59
0.0841082 12  82
0.0840342 22  50
0.0839754 71  79
0.0838353 13  44
0.0837659 40  49
0.0837478 19  51
0.0836392 58  93
0.083596 6  41
0.0832426 40  85
0.0831234 41  87
0.0828966 66  82
0.0828614 79  82
0.0828016 34  65
0.0826041 63  83
0.0825067 11  91
0.0824988 14  67
0.0824439 55  91
0.0821684 9  60
0.0821513 44  71
0.0819887 38  40
0.0818986 26  49
0.0818979 7  84
0.0818209 47  72
0.0817306 8  64
0.0817138 54  73
0.0816457 54  78
0.0816411 53  65
0.081559 36  51
0.0813489 15  21
0.081334 5  18
0.0813064 5  64
0.081227 82  89
0.0810128 42  59
0.0809363 35  38
0.0808843 17  89
0.0805466 7  61
0.0805041 56  95
0.0805032 7  53
0.0805026 13  50
0.0803926 38  90
0.0802549 27  47
0.0801944 23  69
0.0801875 23  46
0.0799836 38  92
0.0799736 8  33
0.079922 49  78
0.0797261 47  54
0.0791148 17  64
0.0791022 46  49
0.0787448 58  91
0.0787258 9  34
0.0787016 24  51
0.0785845 36  58
0.0784646 2  72
0.0784427 3  91
0.0783769 15  48
0.078343 32  81
0.0781471 84  89
0.0781173 2  75
0.0779934 35  81
0.07789 3  47
0.0778162 78  95
0.0775774 39  54
0.0775444 15  82
0.0774053 75  88
0.0772993 14  80
0.0772061 18  28
0.0771363 0  70
0.0770769 34  51
0.0770737 59  78
0.0770328 20  26
0.0770129 81  95
0.0768165 52  94
0.0767666 22  87
0.0765621 53  61
0.0765358 22  32
0.0764464 11  70
0.0763642 37  92
0.0760376 58  61
0.0759776 29  78
0.0758869 5  95
0.0757944 10  18
0.075684 59  64
0.0754305 49  56
0.0754216 59  85
0.0753587 10  84
0.0753287 81  88
0.0753282 17  21
0.0753261 18  70
0.0753019 42  88
0.0752704 67  86
0.0752287 24  32
0.0750684 31  35
0.0750638 69  75
0.0749671 23  32
0.0748995 48  89
0.0748838 36  45
0.0748512 39  83
0.0747951 37  49
0.0746645 43  83
0.0746119 70  78
0.0745781 27  69
0.074522 47  53
0.0744827 15  86
0.0744071 41  80
0.0743858 22  90
0.0743638 58  65
0.0742497 13  55
0.0742308 61  81
0.0742113 9  59
0.0741913 38  56
0.0741242 60  82
0.0739219 30  87
0.0739082 73  88
0.0738416 12  35
0.0738413 29  63
0.0738278 58  82
0.0737545 82  87
0.0734929 30  78
0.073154 7  23
0.0730684 61  63
0.0730175 51  72
0.0729089 5  65
0.0726898 54  71
0.0724121 75  94
0.0723211 20  27
0.0721027 39  44
0.0720635 56  66
0.0717318 46  59
0.0717265 29  31
0.0716031 40  50
0.0713621 6  90
0.0713351 12  39
0.0711749 5  75
0.0710545 0  2
0.07091 32  91
0.0708586 12  33
0.0708485 29  87
0.0707767 8  70
0.0707763 11  55
0.0706068 56  88
0.0704199 17  77
0.0703334 21  75
0.0702912 5  57
0.0700948 52  63
0.0700237 53  84
0.0698525 34  44
0.0698001 11  31
0.0697435 10  68
0.0696021 27  73
0.0693532 20  94
0.0692757 69  84
0.0691999 4  34
0.068749 83  89
0.0685552 67  69
0.068487 84  88
0.0682848 28  45
0.0682077 11  74
0.0681739 5  34
0.0681286 59  84
0.0679993 47  86
0.0679611 18  50
0.0677751 11  93
0.0677435 25  49
0.0670297 19  83
0.0668192 66  68
0.0668172 32  59
0.0665459 52  91
0.0662794 7  45
0.0662465 68  79
0.0661763 57  82
0.0660553 54  62
0.066028 43  71
0.0659703 11  82
0.065926 11  78
0.0658365 18  34
0.0657025 4  75
0.0656375 46  90
0.0656352 11  60
0.065472 60  65
0.065294 11  62
0.0651919 92  93
0.0650793 18  67
0.0650757 58  95
0.0649994 62  89
0.0649359 10  46
0.0648861 40  54
0.0648467 18  48
0.064576 30  80
0.0645061 63  64
0.0644633 39  71
0.0643341 8  58
0.063844 52  65
0.063834 39  40
0.0635896 0  73
0.0635826 16  93
0.063398 56  62
0.0632687 45  74
0.063253 5  79
0.0631599 68  82
0.0629059 31  55
0.0626282 25  42
0.0626204 56  92
0.0626052 5  31
0.0625839 36  66
0.0624629 29  34
0.0623659 29  73
0.0623604 21  31
0.0623326 5  17
0.0622893 70  75
0.0622291 21  61
0.0622261 38  95
0.0620837 32  87
0.0620714 26  42
0.0619274 63  85
0.0619207 31  80
0.0617785 16  31
0.0617732 39  61
0.0617415 15  84
0.0616734 3  12
0.0616317 14  30
0.0613905 54  87
0.0613216 79  90
0.0613179 6  7
0.0612878 4  55
0.061255 21  49
0.0611496 11  35
0.0609831 15  37
0.0608502 4  56
0.0608479 30  89
0.0608466 57  58
0.0607455 62  82
0.0607062 57  74
0.0606411 83  95
0.0605212 23  45
0.0605139 8  9
0.0605037 18  39
0.0604725 24  28
0.060462 37  81
0.0603669 64  75
0.0601108 39  76
0.0600721 9  86
0.0600142 66  87
0.0599998 14  84
0.0599206 9  79
0.0598263 4  71
0.0597521 6  66
0.059656 56  60
0.05965 39  70
0.0595006 37  79
0.0593867 43  64
0.0593194 39  74
0.0592553 70  77
0.0591763 49  89
0.0589854 18  22
0.0588138 90  93
0.0586945 2  24
0.0586644 45  48
0.0585562 49  74
0.0585392 57  84
0.0585369 60  89
0.0585174 5  72
0.0583183 41  50
0.0582549 8  81
0.0579768 51  85
0.0579332 36  65
0.0579049 10  72
0.0578354 54  60
0.0577836 89  92
0.0576366 14  40
0.0576179 34  77
0.057458 34  41
0.057403 58  73
0.0572138 14  79
0.0571173 29  45
0.0570811 25  28
0.0570228 2  25
0.0569541 12  57
0.0569021 65  93
0.0566053 23  91
0.0565948 15  27
0.0565883 37  58
0.056524 8  53
0.0564862 13  92
0.056473 54  69
0.0562053 21  33
0.055895 34  63
0.0556874 44  50
0.0555102 41  95
0.0552916 60  61
0.0552731 7  65
0.0551563 14  76
0.0551132 13  32
0.0550293 39  42
0.054994 65  81
0.0549881 40  53
0.0549583 70  72
0.0545489 60  77
0.0544922 49  55
0.0544709 29  40
0.0544641 4  26
0.0543291 48  59
0.0542957 52  67
0.054284 32  76
0.0542272 30  71
0.05417 17  18
0.0540769 58  69
0.0540361 28  32
0.0539621 35  70
0.0537999 60  93
0.0536974 3  58
0.0536924 1  48
0.0535609 46  53
0.0535598 39  51
0.0535168 21  44
0.0534545 17  33
0.053326 59  74
0.0533008 57  76
0.0532856 13  75
0.0531984 40  82
0.0531703 64  79
0.0530261 8  74
0.0530227 11  19
0.0529586 12  25
0.0529275 22  80
0.0528509 73  83
0.0525764 89  91
0.0524092 87  93
0.0523372 9  18
0.0522342 35  66
0.0522171 58  64
0.0522049 9  54
0.0520025 3  66
0.0519055 53  54
0.0517824 13  20
0.0516892 11  92
0.0516675 63  66
0.0516299 24  91
0.0515878 54  75
0.0514659 2  95
0.051385 8  59
0.0512751 40  81
0.0512589 4  77
0.0510846 29  74
0.050973 8  51
0.0509382 53  73
0.0507544 33  39
0.0507112 17  82
0.0506387 10  90
0.0504956 51  56
0.0504783 9  83
0.0504576 34  40
0.0503107 61  79
0.0502954 70  76
0.0500812 62  78
0.0500696 32  92
0.0500152 23  55
0.0499548 8  55
0.0499421 6  60
0.049919 43  48
0.0498973 32  93
0.0498473 67  78
0.0496563 24  69
0.0496362 62  80
0.0495857 41  54
0.0492922 29  46
0.0489654 19  87
0.0488531 53  87
0.0488424 45  60
0.0488211 10  60
0.0487424 45  75
0.0486901 0  3
0.0486848 22  75
0.0486043 36  46
0.0485423 50  52
0.0484157 45  70
0.0483242 11  16
0.0481191 13  17
0.0481098 78  86
0.048061 90  91
0.048036 35  89
0.0479993 49  53
0.047994 28  74
0.0479402 68  75
0.0478655 16  57
0.0477718 3  86
0.0477207 70  86
0.0476748 21  72
0.0475646 31  61
0.0475215 22  63
0.0474993 81  89
0.0474768 39  90
0.0472198 20  85
0.0471037 9  62
0.046842 13  56
0.0467521 3  59
0.0467188 32  36
0.0466356 13  40
0.0465164 16  95
0.046483 40  45
0.0464397 51  89
0.0463428 1  52
0.0463098 11  18
0.0462744 66  88
0.046269 14  78
0.0461619 55  77
0.0459929 87  89
0.0458752 74  85
0.0458115 5  47
0.0457266 37  85
0.0456133 58  67
0.0455311 43  68
0.0454447 0  59
0.0453831 39  52
0.0453571 68  77
0.0451976 4  18
0.0451742 14  77
0.0449267 27  42
0.0448936 52  58
0.0448493 54  81
0.0446451 50  54
0.0446238 2  6
0.0445387 11  14
0.0444503 69  79
0.0444436 31  63
0.0443698 25  32
0.0443444 15  30
0.0442668 17  40
0.0442394 3  44
0.0441628 17  39
0.0441056 69  76
0.0440948 25  50
0.0440826 16  32
0.0440406 24  67
0.043883 24  29
0.0438137 23  43
0.0436926 12  42
0.043581 20  93
0.0435447 1  56
0.0434105 5  84
0.0434051 4  65
0.0433628 7  8
0.0433263 51  93
0.0430901 33  77
0.0430229 31  87
0.0430045 1  63
0.0429609 24  47
0.0428552 19  74
0.0428327 35  79
0.0427709 5  11
0.0427231 1  73
0.0427135 23  47
0.0427111 7  24
0.0426787 27  40
0.0425668 35  71
0.0424802 10  17
0.042412 51  66
0.0423105 74  75
0.0422634 6  59
0.0422037 53  79
0.0421844 35  85
0.0421736 48  74
0.0421446 36  74
0.0420296 15  40
0.0420198 31  43
0.0418253 31  88
0.0418029 0  21
0.0416116 21  52
0.0416112 40  46
0.0414249 70  80
0.0413026 42  53
0.0411618 4  43
0.0411211 67  95
0.0410993 15  60
0.0410238 72  77
0.0409281 50  80
0.0405674 2  71
0.0405441 5  21
0.0404972 28  42
0.0404363 58  89
0.0403921 59  88
0.0403444 53  66
0.0402746 2  23
0.0400685 29  70
0.0400103 67  85
0.0399994 32  95
0.0399369 34  57
0.0398612 89  90
0.0398526 28  70
0.0397612 43  85
0.0396807 20  49
0.0396384 4  13
0.039587 69  74
0.0395418 60  70
0.0394203 47  51
0.0393477 42  47
0.0392725 52  56
0.0389333 2  30
0.0389197 51  87
0.0388486 58  79
0.0388327 33  91
0.0385269 4  46
0.0384592 10  71
0.0384404 22  89
0.038429 38  61
0.0383705 48  62
0.0383678 21  40
0.0383663 64  65
0.0383628 52  80
0.0383168 67  80
0.0381629 56  61
0.038064 43  58
0.0380413 19  66
0.0380291 41  72
0.0379927 5  36
0.0379897 25  30
0.0379779 4  16
0.0378922 15  52
0.037822 16  56
0.0377672 33  42
0.0376804 7  60
0.0376335 22  34
0.037382 65  72
0.0373789 35  53
0.0373629 14  45
0.0372776 29  41
0.0372166 64  92
0.0371214 30  75
0.0371179 62  87
0.0370411 57  75
0.0369455 4  79
0.0369054 55  80
0.0368324 65  78
0.0367585 27  49
0.036732 36  60
0.0367007 12  63
0.0366313 44  88
0.0365691 52  90
0.0365543 22  47
0.0365277 79  81
0.0362203 34  94
0.0361737 90  95
0.0358834 18  31
0.0358196 72  89
0.0357428 14  36
0.0357131 64  82
0.0355577 39  94
0.0354719 13  58
0.0354715 54  68
0.0353639 5  26
0.03515 7  43
0.0351451 25  31
0.0350255 44  74
0.0350085 28  39
0.034993 28  37
0.0349703 43  70
0.034948 13  89
0.0348445 9  49
0.0348251 27  39
0.0346813 28  91
0.0346224 28  61
0.034616 62  77
0.0345887 38  47
0.0345835 53  78
0.0345688 75  77
0.0344721 63  82
0.0344394 22  40
0.0344176 48  87
0.0343377 13  19
0.0342965 28  63
0.0342839 77  86
0.0342599 51  74
0.034204 71  85
0.0341812 28  60
0.0341677 50  71
0.0341615 8  69
0.0341225 32  41
0.0341208 7  15
0.034119 4  35
0.0340601 40  62
0.0340483 55  63
0.0340331 55  61
0.0339516 39  53
0.0337568 15  89
0.0337005 9  92
0.0336529 36  72
0.0336483 41  93
0.0336309 15  47
0.0335915 30  63
0.0335432 28  85
0.0335271 35  80
0.0334845 60  69
0.0334609 46  70
0.0334166 81  92
0.0333602 53  83
0.0333491 52  71
0.0332101 40  79
0.0331694 43  69
0.0329783 81  82
0.0329313 9  44
0.0328803 44  73
0.032727 31  56
0.0326932 30  70
0.0326087 82  90
0.0326027 35  94
0.0325339 57  83
0.0324627 75  83
0.0323827 48  58
0.0322842 3  53
0.0322516 14  38
0.0321342 58  78
0.0321034 57  69
0.0320721 5  6
0.0320292 38  42
0.0319695 25  88
0.0319465 3  62
0.0319081 17  93
0.0318008 44  48
0.0317719 27  70
0.0317614 11  44
0.0315593 17  83
0.0315557 40  68
0.0314215 58  76
0.0312123 10  35
0.0310414 62  85
0.030989 46  57
0.0308765 17  66
0.030862 31  48
0.0307698 20  75
0.0307149 38  64
0.0305404 24  49
0.0304988 33  41
0.0304936 72  81
0.0303376 25  41
0.0303259 19  38
0.0302094 25  40
0.0301425 44  63
0.0300444 2  84
0.0299864 21  67
0.0299106 39  46
0.029879 70  85
0.0298631 0  22
0.0297413 7  47
0.0297381 74  91
0.0297208 11  41
0.0296947 31  75
0.0296757 19  68
0.0296692 10  43
0.0296411 44  68
0.0296157 47  83
0.0296074 67  83
0.0295867 36  91
0.0295666 3  26
0.0295527 48  73
0.0295517 16  49
0.0294616 20  23
0.0294588 19  53
0.0293118 13  57
0.0292863 32  50
0.0292767 13  18
0.0291198 26  88
0.029075 2  26
0.0289081 17  61
0.0288697 1  11
0.0287895 8  77
0.0287826 33  53
0.0286103 14  92
0.0285929 8  92
0.0285733 21  56
0.0285558 8  12
0.0284265 2  88
0.0283507 32  49
0.028349 20  62
0.0282822 53  91
0.0282433 20  53
0.0281478 70  82
0.0281458 1  70
0.0281194 50  95
0.0280094 20  74
0.0276893 38  70
0.0276073 25  47
0.0275721 59  69
0.0275536 36  63
0.0275209 16  70
0.0274883 21  93
0.0274849 7  36
0.0273103 27  87
0.027269 30  44
0.0272382 69  78
0.0272359 3  48
0.027151 18  80
0.0271329 20  90
0.0271228 49  80
0.0271126 19  57
0.0270649 30  37
0.026955 5  89
0.0268218 54  65
0.026819 16  71
0.02667 14  59
0.0266479 20  28
0.0265081 13  91
0.0265051 36  68
0.0264293 4  59
0.0263976 26  28
0.0263688 34  76
0.0263473 45  59
0.0263426 23  70
0.0263286 5  55
0.0261655 57  93
0.0260055 13  86
0.0259793 11  54
0.0259578 2  48
0.0259561 57  64
0.0259232 45  73
0.0258332 18  68
0.025762 15  50
0.0257506 52  77
0.025727 0  88
0.0257042 23  28
0.0256178 48  94
0.0255767 59  67
0.0255395 21  39
0.0254444 7  85
0.0253573 34  82
0.0253154 7  34
0.025259 9  65
0.025209 66  94
0.0251549 7  51
0.0251515 5  35
0.025099 22  41
0.0250774 6  29
0.0250731 22  51
0.0249753 32  67
0.0249289 53  82
0.024758 49  71
0.0246708 27  71
0.0244854 23  85
0.0243514 8  32
0.0243171 47  92
0.024222 0  55
0.0241698 37  88
0.024114 37  90
0.0240668 51  70
0.0239666 12  74
0.0239085 10  61
0.0238374 33  70
0.0237549 48  61
0.0236912 19  31
0.023612 7  37
0.0234993 57  87
0.0234464 1  42
0.0233404 27  88
0.0232769 47  80
0.0232128 21  26
0.0232116 5  8
0.0231993 66  89
0.0230369 72  95
0.0229989 23  40
0.0229076 33  92
0.0228709 0  28
0.0228259 62  95
0.02282 11  59
0.0226465 17  60
0.0225955 15  56
0.0225526 53  67
0.02253 33  49
0.0224346 66  93
0.022402 54  88
0.0223664 15  54
0.0223637 55  64
0.0221032 55  86
0.0220795 6  16
0.0220476 74  92
0.0220278 16  58
0.022016 81  85
0.0219815 15  75
0.0219799 16  38
0.0218158 47  78
0.0216072 0  94
0.0215105 5  27
0.0215064 51  86
0.0214925 25  34
0.0214151 34  88
0.0214044 1  29
0.0213341 75  80
0.0212952 34  87
0.0212831 62  67
0.0212522 4  67
0.0212464 60  79
0.0210968 27  34
0.0210252 11  39
0.0209611 12  54
0.0207944 29  95
0.0206741 28  41
0.0205809 36  54
0.0205336 3  41
0.0205234 4  64
0.0204675 12  72
0.0204026 3  34
0.0203225 42  71
0.0203084 13  79
0.0202924 54  84
0.0202646 10  64
0.0202248 44  77
0.0201913 45  80
0.0201724 28  38
0.0201546 57  73
0.0201459 24  85
0.0200685 26  48
0.0199573 26  38
0.0199229 60  86
0.0199111 71  91
0.0197257 16  51
0.0196987 38  68
0.0193816 0  40
0.0193602 9  19
0.0193007 10  53
0.0192179 30  61
0.0192009 18  82
0.0190783 9  40
0.0190721 0  63
0.0190543 47  52
0.0190141 54  74
0.0190071 77  94
0.0189831 28  82
0.0189537 45  63
0.0188498 23  61
0.0187076 42  69
0.0186828 7  27
0.0186746 38  65
0.0184158 3  16
0.018256 61  68
0.0182278 24  55
0.0181829 66  70
0.0181135 0  48
0.0179983 2  10
0.0179866 23  73
0.0179813 49  87
0.0178647 75  81
0.0178172 39  64
0.0177521 16  30
0.0176643 29  61
0.0176636 14  86
0.0176009 75  82
0.0175709 61  67
0.017487 2  92
0.017468 76  93
0.0174414 3  72
0.0174248 1  28
0.0172736 46  71
0.0172723 57  89
0.0172554 73  91
0.0172535 7  64
0.0172222 46  60
0.0171967 15  81
0.017161 73  89
0.017124 14  70
0.0168517 45  49
0.016851 31  93
0.0166492 42  52
0.01661 23  80
0.0165875 74  82
0.0164775 40  44
0.0164442 34  64
0.0164207 42  57
0.0162624 54  72
0.0162515 17  94
0.0161661 52  95
0.0160869 4  87
0.0158461 46  69
0.0158164 9  82
0.0157389 16  39
0.0157202 50  58
0.0156586 64  88
0.0156131 75  79
0.0155763 0  41
0.0155012 9  30
0.0153809 6  52
0.0152338 63  74
0.0151905 76  91
0.0151893 36  95
0.0151649 50  57
0.0149659 80  83
0.0149192 55  89
0.0148706 16  37
0.0147999 75  89
0.0147585 71  76
0.0144321 69  82
0.0144133 20  72
0.0142375 73  86
0.0141737 67  87
0.0140977 22  45
0.014078 68  89
0.0140615 45  90
0.0139613 59  83
0.0139449 66  79
0.0138655 46  61
0.0136991 53  58
0.0136761 52  79
0.0136374 6  55
0.013597 30  53
0.0135808 20  82
0.0135371 7  26
0.0135049 25  77
0.0134804 14  69
0.0134508 1  76
0.0133943 0  76
0.013381 49  58
0.0133188 7  10
0.0132767 35  62
0.01326 16  54
0.0131982 61  64
0.0131435 34  50
0.0130059 3  61
0.0129794 82  84
0.0129743 39  57
0.0129166 8  86
0.0128687 6  45
0.012841 36  88
0.012798 32  42
0.0127902 33  64
0.0127252 29  89
0.0127249 50  78
0.0127046 53  88
0.0127046 0  74
0.012673 19  60
0.0126619 14  88
0.0126557 12  71
0.0126377 8  82
0.012599 10  24
0.0125371 21  58
0.012506 14  93
0.0124526 51  83
0.0124366 0  49
0.0124129 40  64
0.0123877 23  90
0.012373 56  80
0.0123323 3  38
0.0122155 63  79
0.0122136 11  22
0.0121713 28  46
0.0120894 12  59
0.0119669 88  95
0.0117808 46  58
0.0116578 13  81
0.0116103 6  9
0.0115006 4  8
0.0114632 32  66
0.011444 9  17
0.0113056 29  84
0.0112107 30  33
0.0111776 1  4
0.0111423 14  46
0.0111353 0  5
0.0111081 22  71
0.0110465 40  88
0.0107403 76  81
0.0107275 17  91
0.010672 32  63
0.010614 33  50
0.0102446 59  95
0.0100126 34  79
0.00992164 16  87
0.00979129 38  78
0.00978831 9  84
0.00976868 62  92
0.00972762 50  75
0.00961821 60  85
0.00961156 12  32
0.0095751 2  81
0.00955762 14  73
0.00953791 3  36
0.00953778 53  62
0.00949648 27  30
0.00946698 0  20
0.00946405 16  34
0.00920593 17  79
0.0091418 31  72
0.00910911 60  72
0.00903581 36  37
0.00903529 65  75
0.00899204 40  61
0.00896346 12  70
0.00895846 11  23
0.00883671 55  59
0.0088033 16  86
0.00875528 64  95
0.00874951 53  76
0.00871354 42  80
0.00868794 22  49
0.00864036 55  95
0.0085615 32  72
0.00854811 71  77
0.00851138 15  17
0.00841998 26  85
0.00831161 13  94
0.00817088 11  30
0.00811907 11  29
0.00810583 18  84
0.00808615 38  45
0.00808297 17  31
0.00807352 17  58
0.00804065 22  35
0.0080318 10  62
0.00794915 43  60
0.0079487 24  80
0.00790887 18  95
0.0079086 15  90
0.00790052 3  77
0.00783447 16  25
0.00748774 44  85
0.00724337 40  56
0.00722065 74  80
0.00711295 23  60
0.00706415 14  56
0.00699768 26  77
0.00689265 38  91
0.00678879 39  92
0.00672224 72  79
0.00666673 39  91
0.00663334 29  69
0.00660191 10  23
0.00636725 52  86
0.00628631 56  79
0.00621756 17  63
0.00618736 49  82
0.0061664 48  51
0.0061419 20  73
0.00613331 6  94
0.00602896 13  29
0.00596953 38  57
0.00596174 51  84
0.00589526 8  94
0.00585176 76  95
0.00578102 38  50
0.00576437 13  93
0.00575678 56  93
0.00572788 61  76
0.00549327 73  87
0.00548717 72  75
0.00547425 36  43
0.00544781 18  49
0.0054337 13  74
0.00543308 44  95
0.00529142 12  22
0.00527638 8  95
0.00521663 56  73
0.0052154 7  20
0.00514116 10  70
0.00499716 15  61
0.00497937 12  92
0.00487995 27  63
0.00477528 2  87
0.00475699 11  85
0.00468761 16  75
0.00467565 36  62
0.00463607 23  88
0.00463194 14  82
0.00451405 10  21
0.00448057 37  52
0.00425972 20  86
0.00411544 11  56
0.00397199 65  91
0.00395841 7  83
0.00390363 40  93
0.00384903 9  33
0.00383043 61  90
0.00377017 26  29
0.00372189 18  66
0.00371712 63  91
0.0037152 21  64
0.00350999 0  65
0.0034798 31  46
0.0034477 14  61
0.00344323 50  66
0.00343024 51  57
0.00320495 12  23
0.00319667 6  61
0.00314609 44  72
0.00311288 10  85
0.00305193 6  78
0.00295487 27  61
0.00292575 56  84
0.00285577 35  69
0.00282029 21  24
0.00280062 41  81
0.00277911 72  92
0.0027747 0  82
0.00275287 43  87
0.00267183 32  64
0.0025884 15  23
0.00250367 54  91
0.00244249 70  83
0.00241316 8  89
0.00236328 44  64
0.00231628 41  62
0.00224269 58  66
0.00218658 15  46
0.00217994 68  84
0.00209266 9  64
0.00203616 26  73
0.00196761 26  87
0.00196656 23  49
0.00190827 50  60
0.00184697 0  75
0.0017472 56  69
0.00173243 61  74
0.00164763 65  73
0.00158575 25  69
0.00155083 24  43
0.00151815 8  87
0.00149953 37  89
0.00143336 78  85
0.00141295 0  54
0.00140722 42  49
0.00128313 43  59
0.00120803 23  29
0.00119996 17  95
0.00115349 10  54
0.00111197 38  60
0.00109438 22  36
0.000988122 53  90
0.000934631 31  74
0.000568908 3  83
0.000445286 70  81
0.000395352 40  77
0.000278387 14  25
0.000156726 51  69
0.000106388 34  56
8.70025e-05 13  59
5.32329e-05 26  31
-9.2722e-05 21  71
-0.000107584 1  16
-0.00010815 16  60
-0.000150433 48  83
-0.000198254 13  27
-0.00021565 1  30
-0.000255479 27  43
-0.000335381 18  81
-0.000399219 65  89
-0.000421623 7  95
-0.000421853 68  95
-0.000425698 3  46
-0.000434515 12  49
-0.000463928 66  86
-0.000519438 29  60
-0.000642382 4  33
-0.000806772 16  26
-0.000835441 29  86
-0.000874433 36  89
-0.00103033 5  62
-0.00106997 33  44
-0.00107913 60  95
-0.0011269 49  77
-0.00116943 20  40
-0.00116963 33  75
-0.00118928 52  62
-0.00119196 71  93
-0.00128083 76  87
-0.00130084 42  64
-0.00131792 33  57
-0.00135418 20  81
-0.00135461 40  78
-0.00138402 33  86
-0.00138681 37  54
-0.00151066 56  90
-0.0015455 84  93
-0.00174132 16  74
-0.00201753 6  70
-0.00204384 60  92
-0.00207479 19  59
-0.00207885 37  53
-0.00221649 18  79
-0.00227033 16  90
-0.00228389 27  54
-0.00229483 18  91
-0.00235926 11  68
-0.00237182 55  70
-0.00245434 30  55
-0.0025178 26  69
-0.00251837 39  79
-0.00270574 16  18
-0.00275831 16  27
-0.00278748 15  57
-0.00282595 21  25
-0.00288503 24  72
-0.00291153 59  93
-0.00297393 20  76
-0.00306536 9  48
-0.00312263 5  22
-0.00314179 61  88
-0.00319015 44  90
-0.00323594 21  60
-0.00333878 77  83
-0.00336621 24  70
-0.00339806 44  47
-0.00343321 8  57
-0.00349174 39  62
-0.00354419 10  93
-0.00356218 13  82
-0.00357656 12  62
-0.00358514 45  61
-0.00361405 5  10
-0.00367574 57  81
-0.00386519 62  83
-0.00396635 34  37
-0.00408264 94  95
-0.0041013 70  84
-0.00413773 37  61
-0.00436157 19  62
-0.0043762 56  83
-0.00438463 4  61
-0.00439181 5  40
-0.00453169 26  84
-0.00456111 62  76
-0.00456212 31  58
-0.00456946 25  35
-0.00458661 41  53
-0.00469515 52  68
-0.00470194 38  94
-0.00480952 15  74
-0.00481224 6  88
-0.00485604 68  93
-0.00487135 7  41
-0.00487315 23  67
-0.00494496 39  73
-0.00498403 20  87
-0.00501384 56  63
-0.0051431 9  16
-0.00516034 25  39
-0.00516185 42  72
-0.00518125 21  37
-0.00526464 76  84
-0.00530485 3  93
-0.00530719 63  72
-0.00542519 12  58
-0.00578758 26  76
-0.0058714 32  89
-0.00589063 44  49
-0.00590606 67  76
-0.00597559 21  57
-0.00603179 0  43
-0.00609692 14  54
-0.00618768 52  74
-0.00650908 34  81
-0.00654582 60  75
-0.00655002 51  62
-0.00659654 54  77
-0.0066977 3  70
-0.00670423 66  78
-0.0067084 8  63
-0.00682794 28  62
-0.00692909 39  66
-0.00696447 3  54
-0.00701496 38  89
-0.00704245 16  67
-0.00705522 56  86
-0.00707845 0  17
-0.00710794 7  58
-0.00713674 20  34
-0.00717453 4  15
-0.00724496 41  71
-0.00728001 18  43
-0.00735051 24  59
-0.007469 48  75
-0.00748402 3  81
-0.00750495 78  83
-0.00763597 86  88
-0.0076654 20  91
-0.00780319 62  79
-0.00780925 4  6
-0.00784632 26  60
-0.00789979 11  75
-0.00790758 34  95
-0.00793054 0  37
-0.00793207 9  67
-0.00802404 24  73
-0.00804742 48  95
-0.0082671 9  58
-0.0083905 2  57
-0.00841604 3  94
-0.00851209 1  49
-0.00851589 33  68
-0.00856978 65  85
-0.00858517 68  92
-0.00865505 11  33
-0.00872565 73  78
-0.00873109 30  72
-0.00873538 20  22
-0.00875082 10  56
-0.00878844 21  54
-0.00885038 58  70
-0.00885119 24  60
-0.00890003 71  92
-0.00890716 61  89
-0.00910715 1  39
-0.00911114 17  80
-0.0091178 9  53
-0.00919982 23  62
-0.00920066 1  59
-0.00924216 34  78
-0.00924561 34  47
-0.00925631 68  80
-0.00932698 12  38
-0.00934656 44  84
-0.00936176 15  71
-0.00938637 64  66
-0.0094189 1  88
-0.00950535 7  57
-0.00952118 67  74
-0.00963668 1  92
-0.00966411 49  57
-0.00967868 18  55
-0.00981517 64  72
-0.00995624 82  83
-0.00998762 47  70
-0.0100631 24  66
-0.0101024 37  72
-0.0102066 33  88
-0.0102537 25  62
-0.0102723 75  92
-0.0103236 2  8
-0.0103327 39  60
-0.0104251 39  59
-0.0106252 44  83
-0.0107309 61  87
-0.0107378 23  41
-0.0108826 37  55
-0.0108943 61  72
-0.0109174 19  28
-0.0109529 21  23
-0.0110426 30  47
-0.0110887 33  94
-0.0111115 50  72
-0.0111331 2  11
-0.0111587 7  66
-0.0112028 14  31
-0.0114062 44  76
-0.0115027 50  86
-0.0115614 55  92
-0.0116206 32  44
-0.0118272 43  93
-0.0118739 1  90
-0.0119843 32  35
-0.0120089 35  60
-0.0120154 16  35
-0.0120964 18  60
-0.0121225 15  76
-0.012137 22  46
-0.0121464 17  65
-0.0121601 8  73
-0.0121721 22  62
-0.012175 65  79
-0.0121891 58  74
-0.0121894 7  25
-0.0121947 7  90
-0.0122338 44  82
-0.0122729 31  73
-0.012344 33  78
-0.0123494 2  65
-0.0123692 44  60
-0.0123756 10  95
-0.0123945 7  75
-0.0124009 10  27
-0.0124669 43  95
-0.0124914 43  78
-0.012508 44  70
-0.0125466 37  69
-0.0125626 23  51
-0.0126147 57  78
-0.0126397 57  66
-0.0126454 50  76
-0.0126685 4  86
-0.0127647 34  85
-0.0128102 58  88
-0.0129628 25  81
-0.0129983 35  88
-0.0130137 84  90
-0.0130395 21  62
-0.013091 79  89
-0.0131297 65  92
-0.0132458 58  77
-0.0132679 28  94
-0.0132828 7  49
-0.013339 18  41
-0.0135744 53  81
-0.013659 22  73
-0.013747 9  95
-0.0138967 23  65
-0.0139984 37  46
-0.0140275 58  84
-0.0141314 0  14
-0.0141373 31  34
-0.0141616 76  80
-0.0142172 56  75
-0.0143683 79  88
-0.0143855 2  4
-0.0143931 37  71
-0.0143954 1  83
-0.0146395 54  70
-0.0146571 46  91
-0.0147434 64  93
-0.0147735 19  78
-0.0147768 20  29
-0.0150554 14  51
-0.0150774 6  72
-0.0151514 10  34
-0.0151584 29  59
-0.0152114 23  34
-0.0152392 37  66
-0.0152928 69  90
-0.0153608 27  79
-0.0153774 14  27
-0.0154718 8  48
-0.0154862 16  85
-0.0154986 65  71
-0.0155289 33  73
-0.0155541 5  48
-0.0156793 19  47
-0.015687 31  85
-0.0157587 59  71
-0.0158274 13  69
-0.0159053 32  83
-0.0159122 11  21
-0.0159231 23  63
-0.0160678 47  65
-0.0161437 17  51
-0.0162146 47  63
-0.0162492 14  81
-0.0162537 46  80
-0.0164789 13  54
-0.0165136 0  52
-0.0165688 11  27
-0.0167316 9  27
-0.0168009 45  68
-0.0168013 12  53
-0.0168072 5  39
-0.0168301 40  76
-0.0168888 56  76
-0.0168987 43  75
-0.0169409 5  51
-0.0169837 43  54
-0.0170135 55  58
-0.0170577 45  51
-0.017092 1  86
-0.0171003 7  72
-0.0171688 54  67
-0.0171869 31  60
-0.0172132 0  56
-0.0172205 7  21
-0.0172227 15  79
-0.0172486 33  61
-0.0172559 70  94
-0.0173466 14  18
-0.0174633 1  17
-0.0175883 15  70
-0.0175928 3  69
-0.0176384 23  54
-0.0176466 23  92
-0.0178097 16  40
-0.0178932 13  26
-0.0179584 44  58
-0.017967 29  88
-0.0181105 12  27
-0.0181285 27  68
-0.0181638 29  58
-0.018164 37  44
-0.0181751 2  59
-0.0181857 0  90
-0.0181906 8  44
-0.018261 20  51
-0.0183462 2  46
-0.0183645 61  71
-0.0184103 2  67
-0.0184211 15  51
-0.0184419 26  53
-0.0187386 7  16
-0.0187672 16  78
-0.0188509 58  62
-0.018909 61  93
-0.0190203 13  73
-0.0190327 24  90
-0.0190434 14  95
-0.0190713 28  40
-0.0190739 21  70
-0.0191037 16  63
-0.0191059 22  70
-0.019117 25  80
-0.0191827 32  54
-0.0191888 34  61
-0.0192047 43  49
-0.0193044 14  53
-0.0193499 13  45
-0.0194023 27  41
-0.0194394 13  24
-0.0194634 23  79
-0.0194877 14  37
-0.019498 34  73
-0.0195056 22  37
-0.0198712 55  93
-0.0198939 12  66
-0.0199034 8  54
-0.0199133 39  93
-0.0199462 55  69
-0.0199918 68  74
-0.0201658 10  47
-0.0201843 33  69
-0.0202031 1  43
-0.0202143 15  87
-0.020343 28  69
-0.0203466 26  34
-0.0204267 63  75
-0.0204543 11  26
-0.0204737 45  69
-0.0206549 10  41
-0.0206682 25  54
-0.0206985 59  68
-0.0207449 34  72
-0.0208382 67  70
-0.0208727 52  84
-0.0208731 13  83
-0.0209418 43  44
-0.0210408 0  83
-0.0211204 51  81
-0.0211266 16  36
-0.0211741 1  58
-0.0212308 1  54
-0.021246 9  69
-0.0213698 32  58
-0.021435 3  71
-0.021539 11  69
-0.0215658 16  65
-0.0216153 8  26
-0.0216237 75  84
-0.021648 0  71
-0.0217149 1  53
-0.0217152 93  95
-0.0217406 35  55
-0.0217483 29  52
-0.0218237 10  32
-0.0218384 14  58
-0.0218462 10  57
-0.0218851 5  53
-0.0219784 25  33
-0.0220283 11  38
-0.0220644 1  3
-0.0221244 6  64
-0.0222078 33  56
-0.0222919 66  73
-0.0223847 30  39
-0.0224325 19  64
-0.0225856 28  64
-0.0226344 2  82
-0.0226679 64  83
-0.0227481 0  79
-0.0227689 46  74
-0.0227845 86  93
-0.0228243 8  45
-0.0228797 5  92
-0.0229063 3  60
-0.0230184 47  56
-0.0230254 1  20
-0.0230368 35  59
-0.0230559 1  21
-0.0230686 38  74
-0.0230997 42  54
-0.0231413 42  67
-0.0231544 16  42
-0.0231655 18  86
-0.0231656 1  55
-0.0231796 6  37
-0.0231952 38  58
-0.0232026 69  88
-0.0232756 28  86
-0.0232822 49  52
-0.0233536 35  44
-0.0233575 60  66
-0.0234329 37  70
-0.0234486 15  29
-0.0235614 61  70
-0.0235629 24  50
-0.0236255 44  55
-0.0236494 25  87
-0.0237253 40  60
-0.0237417 77  78
-0.0237452 51  65
-0.0238566 49  61
-0.0239787 13  72
-0.0239971 15  59
-0.0240482 19  91
-0.0242462 5  14
-0.0243296 51  58
-0.0243722 44  59
-0.0244111 11  25
-0.0244216 1  65
-0.02449 40  87
-0.0245376 12  83
-0.0245587 42  90
-0.024571 16  92
-0.0245823 49  81
-0.0245957 6  24
-0.0246454 9  45
-0.0246494 12  91
-0.0246964 34  69
-0.0247496 64  68
-0.0247812 8  75
-0.0248105 2  69
-0.0248711 17  20
-0.024915 26  75
-0.025017 2  90
-0.0250189 13  38
-0.0250666 56  71
-0.0250703 33  81
-0.0251265 17  43
-0.0251407 35  42
-0.0252891 34  90
-0.0253647 64  84
-0.0253769 13  51
-0.0253931 54  76
-0.0254283 36  61
-0.0255274 86  89
-0.0255284 19  40
-0.0255401 36  59
-0.025574 34  70
-0.0256138 29  44
-0.025747 8  66
-0.0257695 8  80
-0.025784 13  25
-0.0258034 18  42
-0.0258419 17  67
-0.0258487 59  75
-0.0258994 16  66
-0.0259141 15  33
-0.0260027 29  36
-0.0260329 34  59
-0.0260722 47  58
-0.0260947 42  68
-0.0261169 54  82
-0.026137 60  68
-0.0261598 6  92
-0.0261647 45  71
-0.026185 29  49
-0.0261901 24  54
-0.0262926 71  88
-0.0263048 26  83
-0.0263287 7  11
-0.0263291 27  37
-0.0263293 10  39
-0.0263414 16  62
-0.0264153 0  57
-0.0264161 43  51
-0.0265596 72  84
-0.0265609 1  34
-0.0266761 46  95
-0.0267236 27  89
-0.0267457 26  59
-0.0267986 47  59
-0.0268836 38  46
-0.0268844 2  16
-0.0269036 13  90
-0.0269106 20  71
-0.0269941 9  20
-0.0270076 42  58
-0.0270854 8  24
-0.0271126 22  42
-0.0271245 1  64
-0.0271758 12  68
-0.0271883 65  69
-0.0272236 16  55
-0.0272445 52  75
-0.0273281 28  93
-0.0273717 58  59
-0.0274095 41  76
-0.0274655 6  21
-0.027547 21  63
-0.0275766 20  55
-0.0275783 33  40
-0.0276582 56  87
-0.0276867 7  56
-0.0276926 32  62
-0.0276928 5  86
-0.0277147 20  80
-0.0278092 77  89
-0.0278505 52  61
-0.0278904 5  66
-0.0279045 32  60
-0.0279129 26  51
-0.0279646 33  59
-0.0280114 49  60
-0.0280127 21  55
-0.0281058 36  42
-0.0281225 21  73
-0.028154 62  68
-0.0282345 26  33
-0.0283528 68  83
-0.0283532 49  67
-0.0284107 30  64
-0.0284377 23  87
-0.0285082 53  77
-0.0285578 51  64
-0.0285757 32  45
-0.0287732 43  55
-0.0288289 1  51
-0.028842 20  48
-0.0288722 64  73
-0.028937 26  54
-0.028967 1  84
-0.0289991 15  92
-0.0290812 61  78
-0.0291017 27  95
-0.0291062 43  72
-0.0291166 4  54
-0.029141 46  67
-0.0291848 16  17
-0.029322 3  49
-0.0293301 18  65
-0.0294179 6  50
-0.0294414 55  82
-0.0294667 42  56
-0.0294844 16  88
-0.0294944 9  74
-0.0294964 11  45
-0.029505 30  86
-0.0295446 4  22
-0.0295608 48  77
-0.029633 63  95
-0.0297776 28  79
-0.0298065 42  70
-0.0298231 24  61
-0.0298255 34  58
-0.029831 42  75
-0.0298612 26  52
-0.0298948 23  77
-0.0299437 48  65
-0.0299448 1  41
-0.0299703 41  48
-0.0300332 34  89
-0.0300615 1  31
-0.0300896 13  23
-0.0301053 25  43
-0.0301149 19  58
-0.0301451 36  47
-0.0301777 17  69
-0.0301988 47  69
-0.0302933 64  67
-0.0303186 34  71
-0.0303923 0  92
-0.0304234 55  90
-0.0304411 78  88
-0.0304797 19  90
-0.0305025 10  31
-0.0305716 11  46
-0.0306514 27  52
-0.030678 26  58
-0.0307027 67  82
-0.0307593 11  71
-0.0307718 20  37
-0.0307871 11  47
-0.0308003 25  53
-0.0308286 19  50
-0.030867 28  33
-0.0308799 6  43
-0.0309251 9  13
-0.0310041 40  74
-0.0310375 65  95
-0.0310863 15  20
-0.0310884 16  24
-0.0310888 51  75
-0.0310891 3  56
-0.0311303 19  49
-0.0311332 74  81
-0.0311456 27  55
-0.0311812 71  82
-0.031254 76  82
-0.0313152 79  83
-0.0313657 32  86
-0.0313947 48  56
-0.0315713 47  57
-0.0316224 2  44
-0.0316651 29  82
-0.031718 1  74
-0.0317792 58  80
-0.0318489 21  95
-0.0319409 15  78
-0.0319654 10  66
-0.0320615 20  57
-0.0320747 54  66
-0.0321017 25  82
-0.0321739 5  81
-0.0322562 40  73
-0.0322673 23  66
-0.0323028 25  66
-0.0323715 6  23
-0.032458 0  6
-0.0324721 25  84
-0.0324876 37  51
-0.0325316 26  70
-0.0325796 27  53
-0.032592 52  89
-0.0326134 20  44
-0.0327568 19  73
-0.0327613 5  74
-0.032868 7  78
-0.0328876 21  53
-0.0329168 44  75
-0.0329255 17  62
-0.0329286 45  79
-0.0329324 28  53
-0.0330142 34  45
-0.0330481 56  81
-0.0330581 17  72
-0.0330795 19  45
-0.0330939 0  60
-0.0331681 3  82
-0.0336418 13  34
-0.0336775 22  91
-0.0337781 68  88
-0.0338763 2  93
-0.0339111 36  41
-0.0340208 73  79
-0.0340239 12  94
-0.0341651 63  78
-0.0341707 12  29
-0.0342081 51  88
-0.0344485 52  88
-0.0345733 10  42
-0.034582 11  66
-0.0345827 0  80
-0.0346339 44  93
-0.0346401 60  94
-0.0346519 6  69
-0.0347149 30  67
-0.0347528 14  94
-0.0347864 24  77
-0.0348031 66  72
-0.0348441 22  78
-0.0349409 43  77
-0.0349989 39  84
-0.0350568 0  50
-0.0350815 25  52
-0.0351205 85  87
-0.0351223 8  91
-0.0352823 17  54
-0.0352876 60  83
-0.035314 87  90
-0.0353659 12  26
-0.0355526 52  59
-0.0356081 35  65
-0.0356197 66  71
-0.0356717 9  31
-0.035698 4  45
-0.0357268 15  72
-0.035731 36  77
-0.0357564 43  61
-0.0358742 63  94
-0.0358963 11  95
-0.0359319 14  19
-0.0360625 48  70
-0.0361731 26  36
-0.0362132 32  88
-0.0362303 10  82
-0.0362444 38  55
-0.036272 36  76
-0.0363562 7  30
-0.0363664 45  85
-0.0364043 10  44
-0.0364426 7  29
-0.0364735 44  56
-0.0365504 10  76
-0.0365978 16  46
-0.0366305 47  60
-0.0367434 47  93
-0.0367712 1  61
-0.0368076 24  88
-0.0369813 3  15
-0.0369927 32  77
-0.0370219 9  78
-0.0370464 30  84
-0.0371396 80  85
-0.0371518 1  9
-0.0371754 2  14
-0.0372135 14  21
-0.0372402 15  24
-0.0372649 68  81
-0.0373073 9  75
-0.0373108 1  85
-0.0373221 5  76
-0.0373344 85  91
-0.037461 27  62
-0.0375121 3  29
-0.0375157 33  84
-0.0375438 3  32
-0.037586 12  51
-0.0376547 30  73
-0.037744 12  34
-0.0377537 58  90
-0.0377625 45  83
-0.0377717 67  92
-0.0377903 52  72
-0.0377925 6  47
-0.0378603 38  54
-0.0378607 12  56
-0.0379242 10  67
-0.0379891 44  91
-0.0380765 15  41
-0.0381923 26  81
-0.0382223 15  53
-0.0382328 24  62
-0.0382397 1  6
-0.0383096 0  61
-0.0383135 19  44
-0.0383221 13  77
-0.0383319 17  70
-0.0383754 54  95
-0.0384054 44  92
-0.0384502 77  91
-0.0385742 28  67
-0.0385867 3  50
-0.0386006 24  40
-0.0386104 18  38
-0.0386836 53  63
-0.0387382 76  89
-0.0387412 72  94
-0.0387532 1  57
-0.0387777 41  92
-0.0388509 48  60
-0.038854 14  72
-0.0389103 40  57
-0.0389601 24  92
-0.0390951 12  47
-0.0391268 39  77
-0.0392064 12  55
-0.0393481 39  58
-0.0394663 18  27
-0.039543 5  93
-0.0395905 21  51
-0.0396485 32  73
-0.0397243 26  72
-0.0397402 50  51
-0.0397532 38  71
-0.0397664 49  70
-0.0397818 27  36
-0.0398009 22  92
-0.039866 19  22
-0.0399047 0  33
-0.0399686 43  86
-0.0399732 39  43
-0.0399931 28  48
-0.0400922 29  47
-0.040095 26  39
-0.0401649 57  77
-0.0402544 42  65
-0.0402953 7  46
-0.0404354 62  88
-0.0405719 26  55
-0.0405856 15  58
-0.0406489 3  39
-0.0407764 10  20
-0.040802 6  57
-0.0408489 20  45
-0.0409337 19  54
-0.0409714 1  12
-0.0411258 13  35
-0.0411723 7  42
-0.0411784 2  89
-0.0412116 2  41
-0.0412512 42  89
-0.0413056 20  67
-0.0414653 7  35
-0.0415105 7  48
-0.0415256 12  24
-0.0415457 44  57
-0.0415564 16  94
-0.0415608 11  76
-0.0416382 11  86
-0.041659 76  90
-0.0416633 77  92
-0.0417382 58  72
-0.0417955 35  49
-0.0418006 39  68
-0.0419203 9  25
-0.0419651 2  43
-0.0420319 16  69
-0.0420406 7  38
-0.0421183 54  85
-0.0421256 2  63
-0.0421857 73  82
-0.042199 8  78
-0.0422423 7  93
-0.0422425 24  71
-0.0422456 14  48
-0.0423007 69  87
-0.0423628 3  24
-0.0424293 47  85
-0.0424804 29  76
-0.0424937 47  71
-0.0425262 26  80
-0.0426139 33  83
-0.0426335 15  26
-0.0426349 37  78
-0.0426853 27  74
-0.0426884 28  90
-0.0426947 12  44
-0.0426973 14  75
-0.0427504 24  87
-0.0427969 49  92
-0.0428305 4  11
-0.0428336 36  93
-0.042843 42  77
-0.0428496 7  81
-0.0429118 45  88
-0.0429493 14  33
-0.0429513 14  41
-0.0429868 74  83
-0.0429993 22  52
-0.0430212 38  52
-0.0430816 37  56
-0.0431113 10  80
-0.0432173 35  90
-0.0432502 53  89
-0.043252 12  64
-0.0433685 17  57
-0.0433843 30  49
-0.0434483 41  60
-0.0435794 16  76
-0.0437258 12  78
-0.0437541 14  87
-0.0438486 47  88
-0.0438554 23  71
-0.0439055 67  77
-0.0439275 2  13
-0.0439791 31  81
-0.0440273 31  76
-0.0440842 34  42
-0.0441454 17  49
-0.0442232 12  30
-0.0442481 60  67
-0.0443045 16  80
-0.0443255 32  34
-0.044429 17  81
-0.0444685 6  14
-0.0445768 65  84
-0.0445819 12  80
-0.0445856 8  56
-0.044591 38  59
-0.0445952 33  63
-0.0446763 3  57
-0.0447061 10  87
-0.0447295 20  59
-0.0448036 1  71
-0.0449254 22  58
-0.0449667 21  94
-0.0450257 59  65
-0.0450922 0  16
-0.0451016 46  63
-0.0451476 0  81
-0.045199 37  57
-0.0452247 14  65
-0.0452321 72  93
-0.0452388 1  33
-0.0452448 13  41
-0.0452655 26  67
-0.0452937 42  60
-0.045328 24  64
-0.0454233 14  44
-0.0454534 9  15
-0.0454967 72  85
-0.0455155 39  45
-0.0455178 56  94
-0.0456085 45  72
-0.0457064 44  53
-0.0457625 15  22
-0.0457674 47  61
-0.0457744 7  69
-0.0457852 29  38
-0.0458614 18  32
-0.0459025 29  80
-0.045991 80  87
-0.0460506 4  41
-0.0460546 44  80
-0.0460748 45  54
-0.0462069 26  43
-0.046268 0  53
-0.0464159 26  35
-0.0464322 62  73
-0.0465612 0  36
-0.0466159 17  48
-0.0466653 1  35
-0.0467768 28  88
-0.0468662 41  51
-0.0468838 29  57
-0.0468895 27  72
-0.0469062 16  44
-0.0469188 4  32
-0.0469835 33  82
-0.0470081 11  24
-0.0471344 39  63
-0.0471461 25  73
-0.04717 13  60
-0.0474139 27  83
-0.0474891 8  71
-0.0475441 27  65
-0.0476241 8  21
-0.0476291 42  79
-0.0476604 42  93
-0.0476659 15  67
-0.0476683 33  45
-0.0476792 1  89
-0.047785 3  11
-0.047872 0  72
-0.047903 9  57
-0.0479175 15  49
-0.0479343 8  60
-0.0479375 11  77
-0.0480935 59  91
-0.048159 71  72
-0.0481745 27  58
-0.0482684 48  54
-0.0482712 1  66
-0.048285 69  83
-0.0483017 30  95
-0.0483812 20  70
-0.0484926 14  23
-0.0485085 24  52
-0.0485424 3  75
-0.048638 26  89
-0.0486408 26  64
-0.0486979 21  66
-0.0487137 13  87
-0.0487437 41  88
-0.0487536 41  59
-0.0487718 35  48
-0.0487914 63  86
-0.0488096 13  21
-0.04885 36  55
-0.0488501 24  63
-0.0489063 50  63
-0.0489375 13  46
-0.0489687 67  88
-0.0490265 27  93
-0.0491823 52  83
-0.0492273 27  92
-0.0492376 1  5
-0.0492862 45  56
-0.0493696 8  23
-0.0495423 50  77
-0.0496437 18  58
-0.0497462 34  60
-0.0497626 18  87
-0.0499712 22  77
-0.0500191 53  86
-0.0500527 52  78
-0.0502454 21  77
-0.050289 17  59
-0.0503337 63  76
-0.050391 29  42
-0.0504266 76  92
-0.0505473 31  92
-0.0505623 31  41
-0.0505631 1  94
-0.0506094 18  89
-0.0506107 31  57
-0.0506206 27  60
-0.0506579 26  71
-0.050753 58  86
-0.0509989 25  90
-0.0510109 14  43
-0.0510468 35  58
-0.0510963 29  79
-0.0512474 27  86
-0.051262 25  65
-0.0512852 15  69
-0.0512996 6  53
-0.0513061 30  54
-0.0513074 12  46
-0.0513742 0  11
-0.051379 61  82
-0.0514782 20  61
-0.0515344 42  55
-0.0515418 1  78
-0.0515649 43  53
-0.0517408 12  36
-0.0517462 23  52
-0.0517919 6  58
-0.0520437 50  67
-0.0521121 50  87
-0.052235 4  81
-0.0522815 46  92
-0.0523161 42  91
-0.0523174 33  72
-0.052397 16  45
-0.0524373 75  86
-0.052444 23  64
-0.0525448 40  69
-0.0525678 42  87
-0.0525882 25  85
-0.0526327 82  93
-0.0528664 42  86
-0.0528715 13  49
-0.0528814 44  89
-0.052899 19  76
-0.0529034 12  89
-0.0529469 1  10
-0.0530123 21  27
-0.0530561 59  94
-0.0532105 48  57
-0.053219 3  9
-0.0532572 0  9
-0.0532674 20  56
-0.0533762 39  48
-0.0534056 34  93
-0.0534107 16  61
-0.0534901 26  56
-0.0535112 26  61
-0.0535856 45  81
-0.0535945 48  69
-0.0536189 21  86
-0.0536761 16  64
-0.05371 42  78
-0.053771 43  66
-0.0537798 12  88
-0.0537842 8  72
-0.0537925 15  31
-0.053835 10  45
-0.0538778 70  92
-0.0538831 23  75
-0.0539187 10  73
-0.0539319 38  53
-0.0539962 25  51
-0.0540188 38  86
-0.0540194 11  73
-0.0540379 13  85
-0.054072 15  55
-0.0541561 21  85
-0.0542277 20  89
-0.0543634 37  39
-0.0544308 34  53
-0.0547103 55  72
-0.0547665 27  48
-0.0548683 30  60
-0.0548931 60  73
-0.0549298 6  91
-0.0549578 46  62
-0.0550005 41  90
-0.0550058 38  75
-0.0550762 66  80
-0.055096 21  41
-0.0553274 47  75
-0.0553276 21  38
-0.0553497 15  88
-0.055438 15  83
-0.0554968 27  81
-0.0555147 11  42
-0.055653 3  73
-0.0556722 12  40
-0.0557634 16  72
-0.0558232 42  61
-0.0558374 10  51
-0.0559047 51  95
-0.0559541 32  55
-0.0560313 54  79
-0.0560436 26  65
-0.0562785 32  56
-0.0563028 2  94
-0.0563162 24  57
-0.0563953 24  56
-0.0564385 17  85
-0.056524 30  42
-0.0565337 11  61
-0.0565418 1  8
-0.0565586 51  54
-0.0566086 25  59
-0.0566834 16  21
-0.0567034 18  61
-0.0567968 21  91
-0.056805 2  58
-0.056849 27  64
-0.0569079 19  29
-0.0569585 4  53
-0.0569999 23  93
-0.0570961 59  76
-0.057216 37  83
-0.0572616 9  26
-0.0572764 17  71
-0.0572995 8  49
-0.0573093 15  73
-0.0574392 23  89
-0.0575254 7  14
-0.0577193 44  94
-0.0578399 45  76
-0.0578736 31  37
-0.0579118 15  65
-0.0579741 25  70
-0.057979 16  73
-0.0580076 50  70
-0.0580581 0  58
-0.0581248 72  87
-0.0581873 41  70
-0.0582609 20  79
-0.0584043 15  68
-0.0584074 25  91
-0.0584246 1  13
-0.0584947 10  33
-0.0586452 59  89
-0.0588221 0  62
-0.0588321 22  86
-0.0588931 28  76
-0.0589749 29  72
-0.0590516 4  91
-0.0590542 16  23
-0.0591275 11  67
-0.0591697 23  50
-0.0592891 45  58
-0.0593074 60  80
-0.0593197 17  68
-0.0593855 59  82
-0.0594052 19  37
-0.0594712 36  44
-0.0594846 12  75
-0.059505 30  79
-0.0595109 6  89
-0.0595615 50  73
-0.0596393 55  78
-0.0597193 15  44
-0.0597533 31  47
-0.0598158 62  66
-0.0598236 37  60
-0.0598319 18  56
-0.0598745 9  36
-0.0599624 5  80
-0.0599666 45  94
-0.0600016 45  82
-0.0600074 35  84
-0.0600236 6  44
-0.0600691 10  40
-0.0601129 31  78
-0.0601232 25  48
-0.0602375 22  60
-0.0602467 16  84
-0.060336 8  27
-0.0605197 1  15
-0.0605321 13  33
-0.0606078 25  92
-0.0606757 26  63
-0.0607026 11  52
-0.0607304 49  86
-0.0607441 48  93
-0.0608089 15  91
-0.0608955 1  81
-0.0609417 1  14
-0.0609727 29  71
-0.0611049 0  93
-0.0611352 65  70
-0.0611681 1  75
-0.061185 75  91
-0.0612167 12  45
-0.0612501 18  54
-0.0612792 27  38
-0.0613454 37  50
-0.0613633 36  82
-0.0614111 11  57
-0.061412 45  53
-0.0616625 19  72
-0.0617121 39  67
-0.061741 69  80
-0.0617676 31  84
-0.0618089 37  62
-0.0618148 2  17
-0.0618915 49  50
-0.0619021 41  58
-0.0619156 19  46
-0.0619806 4  17
-0.0620454 1  91
-0.0620833 31  77
-0.0620848 1  80
-0.0621034 11  53
-0.0621831 19  41
-0.0621957 44  52
-0.0624832 14  47
-0.0625049 46  52
-0.0625286 31  54
-0.0625305 26  40
-0.0625515 36  49
-0.0626183 65  88
-0.0627236 9  90
-0.0628298 26  92
-0.0628336 46  66
-0.0628751 2  78
-0.0629687 2  7
-0.063004 9  29
-0.0630171 41  49
-0.0630645 20  92
-0.0630811 5  56
-0.0630815 26  32
-0.0631691 29  83
-0.0631693 24  94
-0.0632072 24  33
-0.0632738 7  62
-0.0632755 1  72
-0.0633566 12  90
-0.0633698 0  32
-0.0634021 67  68
-0.0635184 43  90
-0.0635683 25  72
-0.063569 24  89
-0.0635776 80  82
-0.0636418 79  93
-0.0637222 15  64
-0.0639783 23  68
-0.0639954 0  66
-0.0639959 24  58
-0.0642587 50  88
-0.0642643 17  41
-0.0643041 1  79
-0.0643207 71  87
-0.0643883 9  46
-0.0644073 35  54
-0.0644931 33  74
-0.0645079 6  87
-0.0645656 10  50
-0.0645878 72  90
-0.0645951 48  53
-0.0645984 2  35
-0.0645991 26  50
-0.0646051 26  62
-0.0647089 27  90
-0.0648739 50  89
-0.0649504 0  35
-0.0650329 1  60
-0.0651212 30  45
-0.0651542 8  30
-0.0652406 26  66
-0.0653237 53  68
-0.0653245 49  66
-0.0653774 12  50
-0.0653809 18  69
-0.0655695 2  34
-0.0655715 15  45
-0.0656265 0  84
-0.0656444 38  81
-0.0657757 56  77
-0.0657815 36  71
-0.0658969 57  91
-0.0659644 38  48
-0.0659975 4  9
-0.0660144 2  68
-0.0660351 35  78
-0.0662225 7  70
-0.0662642 8  84
-0.0662663 31  59
-0.0664037 25  63
-0.066568 14  26
-0.0665777 58  81
-0.0666032 71  94
-0.0666264 23  72
-0.0666323 40  67
-0.0666746 12  61
-0.0667019 16  20
-0.0667292 60  71
-0.0667554 53  92
-0.066812 2  54
-0.0668465 21  84
-0.0668925 25  79
-0.066905 4  83
-0.0669175 25  76
-0.066938 45  95
-0.0669743 75  95
-0.0671692 24  65
-0.0672335 24  31
-0.0673409 80  93
-0.0673752 19  86
-0.0673867 18  29
-0.0674249 14  90
-0.0674522 67  81
-0.06765 10  52
-0.0677115 39  82
-0.0677347 23  59
-0.0677951 53  75
-0.067841 70  91
-0.0679011 40  72
-0.067975 72  88
-0.0680412 13  80
-0.0680449 44  54
-0.0680667 20  43
-0.0680777 27  85
-0.0682072 58  94
-0.0684304 11  63
-0.0684833 23  56
-0.0685988 14  64
-0.0687706 5  7
-0.0688994 31  69
-0.068947 7  19
-0.069024 26  57
-0.0690409 84  95
-0.0690767 25  75
-0.0690893 16  77
-0.0691128 17  26
-0.0691681 54  86
-0.0691732 9  56
-0.0692437 5  50
-0.0693235 29  53
-0.0693301 27  77
-0.0693536 45  77
-0.0694016 12  69
-0.0694098 30  58
-0.0694647 61  69
-0.0694836 40  70
-0.0697174 43  45
-0.0698019 41  86
-0.0698488 27  78
-0.0699369 6  79
-0.0699617 18  77
-0.0700562 72  76
-0.0700755 22  85
-0.0700978 12  65
-0.070228 10  26
-0.0704276 35  46
-0.0704292 22  94
-0.0705259 12  28
-0.0706617 74  89
-0.0706624 0  38
-0.070682 42  66
-0.0707132 73  80
-0.0707963 5  60
-0.070924 23  86
-0.071004 7  44
-0.0710053 39  81
-0.0710544 40  71
-0.0711128 27  59
-0.0711373 14  24
-0.0711389 38  67
-0.0711858 2  86
-0.0712183 53  85
-0.0713579 29  66
-0.0713613 68  86
-0.0713648 23  39
-0.071446 44  69
-0.0714657 9  50
-0.0714744 16  79
-0.0715968 10  25
-0.0716266 15  95
-0.0716299 14  68
-0.0716347 27  56
-0.0716653 25  58
-0.0717011 5  9
-0.0718144 46  64
-0.0718533 5  38
-0.0718806 20  33
-0.0720617 19  27
-0.072123 30  48
-0.0722309 60  87
-0.0722488 12  18
-0.0722502 91  93
-0.0723142 2  45
-0.0725433 4  90
-0.0725516 50  79
-0.0725679 61  91
-0.0725846 15  62
-0.0726505 19  23
-0.0726559 3  27
-0.0728359 49  59
-0.0731162 54  89
-0.0731726 65  90
-0.0731838 39  85
-0.0731997 6  84
-0.073206 14  63
-0.0732079 1  93
-0.0732865 3  80
-0.0733061 64  78
-0.0733175 41  84
-0.0733786 51  78
-0.073424 47  95
-0.07349 55  84
-0.0735309 45  62
-0.0736505 6  76
-0.0736747 39  75
-0.0737457 24  75
-0.0737981 24  86
-0.0739346 10  75
-0.0740227 13  64
-0.0740522 77  87
-0.074074 32  74
-0.0741894 0  89
-0.0742607 20  88
-0.0742697 0  8
-0.0742937 6  13
-0.0745948 10  59
-0.074627 26  86
-0.0746541 37  86
-0.0747008 27  82
-0.0747402 57  63
-0.0748742 27  67
-0.0748788 8  36
-0.0748887 55  62
-0.0748928 13  30
-0.0748963 18  64
-0.0750109 18  46
-0.0751463 32  84
-0.075183 9  55
-0.0752715 23  33
-0.0753074 27  91
-0.0753805 48  82
-0.0754786 0  31
-0.0756164 50  65
-0.0756507 23  58
-0.0757174 2  9
-0.0757344 55  71
-0.0757647 59  80
-0.0757807 55  94
-0.0758271 73  90
-0.0758453 7  91
-0.0758572 63  80
-0.0758732 31  79
-0.0758866 5  15
-0.075914 18  94
-0.0759187 26  82
-0.0759662 26  93
-0.0759895 22  88
-0.0761942 83  87
-0.0762133 43  74
-0.0763555 46  48
-0.0763952 39  55
-0.07641 46  75
-0.0764456 23  74
-0.076559 11  65
-0.0766127 66  85
-0.0766693 70  95
-0.0766751 36  40
-0.0767032 46  78
-0.0767319 17  23
-0.0767781 36  87
-0.0767813 51  76
-0.0768572 17  24
-0.0769664 56  68
-0.0769707 0  13
-0.0769825 41  56
-0.0770425 68  90
-0.0771607 46  72
-0.0771724 10  58
-0.077182 7  86
-0.0772098 59  70
-0.0772166 23  81
-0.077217 25  55
-0.077285 8  43
-0.0772981 70  89
-0.0773211 24  41
-0.0773395 15  35
-0.0773693 51  71
-0.0774868 25  56
-0.0775401 15  63
-0.0777206 1  40
-0.0777626 27  51
-0.0778365 24  30
-0.0778846 49  69
-0.0779241 3  65
-0.0779376 11  58
-0.07798 61  95
-0.0779878 2  33
-0.0779987 35  37
-0.0780363 5  59
-0.0781351 40  95
-0.0781824 17  88
-0.0781825 41  44
-0.0782073 4  92
-0.0782386 22  61
-0.0783007 62  72
-0.0783987 19  85
-0.0784055 25  60
-0.0784293 35  72
-0.078549 0  15
-0.0786208 23  83
-0.0786226 15  77
-0.0786253 22  82
-0.0787432 25  36
-0.0787789 76  83
-0.078848 29  48
-0.0789694 28  92
-0.078973 0  34
-0.0790686 37  73
-0.0791568 57  95
-0.0795229 44  66
-0.0795502 74  86
-0.0796615 15  66
-0.0796896 0  64
-0.0797388 19  34
-0.0797733 92  95
-0.0798684 7  59
-0.0798822 4  28
-0.0799185 27  84
-0.0799213 83  93
-0.0800038 8  61
-0.0800048 30  76
-0.0800237 55  81
-0.0800383 18  20
-0.0800789 30  50
-0.0803252 24  79
-0.080326 6  73
-0.0803546 27  94
-0.080396 23  76
-0.0805122 27  66
-0.0806033 2  39
-0.0806485 45  64
-0.0806546 35  73
-0.0808444 55  74
-0.0809147 25  67
-0.0809259 1  18
-0.0809771 0  12
-0.0810557 25  93
-0.0811422 3  18
-0.0811584 36  57
-0.0812231 8  46
-0.0813462 3  55
-0.0813533 46  65
-0.0813626 70  93
-0.0813917 59  73
-0.0814 48  78
-0.0814177 40  89
-0.0814651 21  76
-0.0814955 57  90
-0.0815747 54  80
-0.0816243 43  91
-0.0816333 53  70
-0.0816464 29  39
-0.0816506 36  84
-0.0816751 18  40
-0.0817128 21  43
-0.0817385 23  36
-0.0817951 46  83
-0.0818527 46  88
-0.0818843 13  78
-0.0818986 51  59
-0.0820045 52  69
-0.0820047 39  78
-0.0820937 35  57
-0.0820944 17  35
-0.0821875 24  82
-0.0822606 29  33
-0.0823909 53  72
-0.0824157 36  86
-0.0824665 25  94
-0.0826426 3  23
-0.0827827 26  79
-0.0828146 9  72
-0.0828173 39  69
-0.0828208 57  70
-0.0828557 26  90
-0.0828818 78  81
-0.0829246 59  90
-0.0829339 65  74
-0.0830104 44  86
-0.0830644 0  18
-0.0831321 29  62
-0.0831633 7  55
-0.0833018 35  52
-0.0834546 24  39
-0.0834988 5  44
-0.0836227 16  91
-0.0836613 14  62
-0.0836839 7  9
-0.0836876 28  36
-0.083712 23  35
-0.0837287 0  51
-0.0837602 12  93
-0.083806 38  76
-0.0838405 37  59
-0.0838852 24  74
-0.0839084 10  16
-0.0840019 6  25
-0.0840456 48  55
-0.0842824 1  77
-0.0843009 5  61
-0.0844031 20  60
-0.0844473 30  82
-0.0845723 45  55
-0.0845778 40  90
-0.0846613 18  26
-0.0846739 19  36
-0.084809 46  82
-0.0848163 1  38
-0.0851213 50  62
-0.08519 13  70
-0.0851964 34  74
-0.0851994 13  31
-0.0852056 49  83
-0.0853209 55  68
-0.085448 28  47
-0.0855323 61  75
-0.0856289 19  93
-0.0856831 23  53
-0.0857216 23  94
-0.0857239 19  75
-0.0857627 44  81
-0.0857934 2  32
-0.0858818 26  78
-0.0859168 17  29
-0.085951 36  69
-0.0859994 6  67
-0.0860776 18  92
-0.0861025 27  33
-0.0861155 2  83
-0.0861508 35  64
-0.0862353 14  42
-0.0862512 34  54
-0.0862768 43  57
-0.0862936 25  95
-0.086368 0  67
-0.0863951 25  83
-0.0863983 57  71
-0.0864761 2  18
-0.0864911 34  46
-0.0869202 31  50
-0.0869395 28  52
-0.0870552 39  41
-0.0871391 43  80
-0.0871529 36  73
-0.0873451 10  74
-0.0874044 11  37
-0.087503 32  51
-0.0875671 13  43
-0.0876562 50  93
-0.0876802 35  61
-0.0877107 10  78
-0.0877764 19  24
-0.0877956 44  61
-0.0878062 11  13
-0.0878094 31  53
-0.0878982 42  51
-0.0879698 27  57
-0.0881207 10  14
-0.0882059 81  90
-0.0882196 3  76
-0.0882313 1  82
-0.0885171 52  76
-0.0885326 3  88
-0.088624 5  83
-0.0887049 2  70
-0.0887536 5  69
-0.0887604 3  42
-0.0888387 1  19
-0.0890624 0  85
-0.0890646 24  76
-0.0891402 32  94
-0.0893283 55  73
-0.0893937 44  78
-0.0894049 42  95
-0.0894935 3  10
-0.0896313 10  92
-0.0896693 33  62
-0.0897596 53  69
-0.089768 5  46
-0.0897847 43  46
-0.0898092 6  32
-0.0898134 32  61
-0.0899113 44  67
-0.0899423 26  91
-0.0900826 56  65
-0.0900998 2  5
-0.0901028 1  50
-0.0901345 18  57
-0.0901785 0  39
-0.0902172 61  85
-0.0902397 20  38
-0.0902487 66  74
-0.0903939 42  48
-0.0904567 20  46
-0.0905027 45  57
-0.0905162 64  85
-0.0905772 14  57
-0.090591 4  80
-0.0905956 14  20
-0.0906722 40  66
-0.0907191 36  50
-0.0907401 43  88
-0.0908395 40  58
-0.0908534 71  86
-0.0909037 71  78
-0.0909581 73  81
-0.0911139 24  53
-0.0911745 22  93
-0.0912019 29  55
-0.0912141 55  83
-0.0913095 14  17
-0.0913121 24  68
-0.0914448 2  79
-0.0915175 24  84
-0.0915596 24  81
-0.0916199 2  80
-0.0919184 6  49
-0.09193 29  68
-0.0919771 68  78
-0.0920641 3  7
-0.092074 37  76
-0.0921292 4  29
-0.0922865 18  71
-0.0925722 28  87
-0.0925876 20  35
-0.0926 39  56
-0.092665 69  77
-0.0926724 4  63
-0.0927372 25  71
-0.0929306 53  95
-0.0930764 55  75
-0.0931162 6  63
-0.0931642 23  57
-0.0931801 72  82
-0.0932658 9  43
-0.0933052 51  80
-0.0934763 37  67
-0.0935001 24  35
-0.0935276 5  54
-0.093556 6  56
-0.0936409 10  22
-0.0936709 14  60
-0.0936972 1  36
-0.093733 63  89
-0.0937395 39  80
-0.0937431 22  55
-0.0938664 36  94
-0.0939178 77  84
-0.0939429 55  87
-0.0939866 17  47
-0.0940169 29  50
-0.094061 29  81
-0.0941235 49  93
-0.0941669 32  69
-0.094208 54  93
-0.0942208 45  67
-0.0943867 2  22
-0.0944149 56  74
-0.094424 9  37
-0.0944668 6  12
-0.0945608 87  94
-0.0945988 48  91
-0.0946265 26  95
-0.0946487 35  43
-0.0948423 28  77
-0.0949107 62  70
-0.095001 58  75
-0.0951765 14  39
-0.095204 19  35
-0.0953242 2  55
-0.0953295 27  76
-0.0953665 4  76
-0.0954863 33  54
-0.0956389 26  30
-0.0956481 2  66
-0.0957337 45  78
-0.0957938 28  84
-0.0958415 20  31
-0.0958462 33  87
-0.0960476 13  76
-0.096075 8  88
-0.0961916 26  41
-0.0962549 30  57
-0.0963097 49  76
-0.0963165 4  60
-0.0963528 46  89
-0.0964359 25  74
-0.0965783 64  71
-0.0965783 1  62
-0.0966533 39  86
-0.0967164 23  31
-0.0967461 34  55
-0.0967577 1  7
-0.0967802 14  83
-0.0968717 24  83
-0.0969375 61  73
-0.0969613 40  59
-0.0970052 33  58
-0.0970422 66  81
-0.0971398 16  89
-0.0971631 8  68
-0.0971747 63  71
-0.0972829 60  84
-0.09734 1  37
-0.0973628 49  75
-0.0973636 22  29
-0.0974587 26  74
-0.0974821 77  82
-0.0975836 17  50
-0.097667 7  13
-0.0977363 33  37
-0.0978005 26  94
-0.0979013 20  64
-0.098231 79  87
-0.0982795 26  68
-0.0983135 28  57
-0.0985599 1  95
-0.0988815 24  93
-0.0989074 39  95
-0.0989744 69  86
-0.0990074 0  91
-0.0990657 6  77
-0.0991232 16  43
-0.099187 39  72
-0.0991935 58  87
-0.099194 25  89
-0.0992822 24  34
-0.0993698 7  92
-0.0993769 44  65
-0.0995762 6  75
-0.0996494 13  62
-0.0996726 34  86
-0.0997018 35  83
-0.0998052 9  42
-0.0998232 7  74
-0.0998479 14  28
-0.0999304 11  20
-0.0999695 22  81
-0.100012 24  36
-0.100013 1  68
-0.100024 6  74
-0.100064 0  68
-0.100166 32  57
-0.100257 45  93
-0.100409 16  83
-0.100427 67  90
-0.10049 16  41
-0.10049 12  73
-0.100701 75  87
-0.100743 61  86
-0.100826 5  41
-0.100857 12  48
-0.100893 46  73
-0.101014 2  47
-0.101182 16  28
-0.101221 80  92
-0.101329 25  57
-0.101343 0  10
-0.101422 38  83
-0.101503 4  58
-0.101611 3  74
-0.101611 13  39
-0.101721 50  59
-0.101819 45  91
-0.101897 64  81
-0.101999 27  50
-0.102141 38  93
-0.102173 31  45
-0.102263 13  71
-0.10229 42  84
-0.102367 45  65
-0.102383 6  38
-0.102632 12  60
-0.102787 83  92
-0.102968 3  64
-0.103275 55  79
-0.103318 57  68
-0.103363 32  53
-0.103489 41  57
-0.103595 43  92
-0.103645 18  59
-0.103652 64  91
-0.103684 44  87
-0.103711 6  26
-0.103733 13  61
-0.103734 67  73
-0.103837 6  85
-0.104061 20  58
-0.104164 29  54
-0.104226 47  64
-0.104505 14  89
-0.104535 6  54
-0.104717 44  51
-0.104718 5  87
-0.104739 0  78
-0.104954 8  62
-0.104956 4  73
-0.105135 43  52
-0.105168 3  30
-0.105274 30  74
-0.105282 10  88
-0.105311 9  70
-0.105313 52  87
-0.105477 17  27
-0.105498 62  91
-0.10551 45  84
-0.10554 23  84
-0.10558 24  48
-0.105673 7  52
-0.105677 17  44
-0.10569 37  42
-0.105799 33  36
-0.105816 27  35
-0.105931 8  20
-0.105976 0  7
-0.106074 49  62
-0.106131 52  70
-0.106156 18  62
-0.106374 45  52
-0.106394 27  32
-0.106397 60  76
-0.106658 10  30
-0.10667 47  87
-0.106787 22  57
-0.106801 58  63
-0.106811 47  89
-0.106999 49  73
-0.107111 46  87
-0.107113 50  74
-0.10729 2  51
-0.107335 42  63
-0.107402 24  78
-0.107407 38  87
-0.107494 12  84
-0.107507 37  77
-0.107513 6  27
-0.107548 25  68
-0.107554 6  80
-0.107605 0  86
-0.107649 13  22
-0.10773 8  18
-0.107764 48  80
-0.107838 13  66
-0.107879 14  55
-0.107887 11  36
-0.108004 4  44
-0.108129 28  49
-0.108178 31  91
-0.108208 55  88
-0.108337 7  12
-0.108503 26  37
-0.108594 61  84
-0.108596 57  92
-0.108642 51  61
-0.108642 0  95
-0.108684 17  34
-0.109068 11  64
-0.109138 17  74
-0.109172 25  64
-0.109185 45  87
-0.109237 41  82
-0.109249 21  74
-0.109341 2  73
-0.109417 38  44
-0.109421 46  85
-0.10946 40  52
-0.109544 44  62
-0.109573 6  40
-0.109674 78  84
-0.109679 3  89
-0.109939 54  92
-0.110173 31  95
-0.110437 64  76
-0.110524 0  4
-0.110598 4  85
-0.110702 48  52
-0.110704 76  94
-0.110782 12  76
-0.1109 2  60
-0.111002 48  86
-0.111121 86  92
-0.111136 19  88
-0.111225 4  66
-0.111226 66  77
-0.111347 38  77
-0.111406 57  72
-0.111684 18  44
-0.111952 3  85
-0.112029 25  86
-0.112226 18  25
-0.112254 16  48
-0.112267 28  50
-0.11239 8  41
-0.11239 53  71
-0.11246 40  92
-0.112511 3  79
-0.112623 0  77
-0.112746 4  70
-0.112771 59  81
-0.11304 74  84
-0.113119 41  46
-0.113142 10  48
-0.113175 7  54
-0.113175 4  27
-0.113245 33  38
-0.113366 21  47
-0.113401 1  67
-0.113456 18  53
-0.113551 33  60
-0.113571 16  22
-0.113609 17  45
-0.113703 77  90
-0.11373 23  78
-0.11375 33  65
-0.113811 0  30
-0.113907 29  37
-0.113919 45  86
-0.114055 18  72
-0.114146 7  88
-0.114199 48  67
-0.114252 11  88
-0.114548 51  67
-0.114552 5  45
-0.114577 8  31
-0.11461 48  84
-0.11474 16  19
-0.114947 5  13
-0.115212 30  77
-0.115278 24  37
-0.115752 30  52
-0.115798 41  63
-0.115884 30  59
-0.115895 36  75
-0.115902 43  67
-0.115905 38  85
-0.115985 2  31
-0.116334 56  70
-0.116561 33  85
-0.116674 27  75
-0.11691 72  83
-0.117005 29  65
-0.11706 36  64
-0.117243 40  63
-0.11745 4  82
-0.117536 19  56
-0.117582 52  73
-0.118052 9  38
-0.118214 41  74
-0.118252 21  82
-0.118482 55  67
-0.118584 60  81
-0.118832 2  40
-0.118996 74  94
-0.1194 31  52
-0.119505 35  95
-0.119538 51  73
-0.119563 20  39
-0.119782 31  40
-0.119822 19  30
-0.119939 22  53
-0.120044 17  25
-0.120251 5  33
-0.120498 12  21
-0.120574 39  88
-0.120766 18  24
-0.120806 38  73
-0.120817 23  82
-0.121204 30  94
-0.121293 12  87
-0.121416 37  68
-0.121455 7  39
-0.12152 87  95
-0.121988 11  28
-0.122042 25  37
-0.122195 44  79
-0.12241 70  88
-0.12249 21  68
-0.122798 7  63
-0.122812 20  50
-0.12284 74  88
-0.122892 28  80
-0.123006 29  93
-0.123121 75  78
-0.123159 32  78
-0.123193 62  71
-0.123261 21  32
-0.123305 43  79
-0.1234 15  32
-0.123625 39  50
-0.123909 39  87
-0.12396 42  83
-0.123974 75  90
-0.124048 20  21
-0.124245 28  56
-0.124287 15  93
-0.124296 12  20
-0.124326 6  68
-0.124477 27  80
-0.124538 3  8
-0.124744 41  73
-0.124795 67  84
-0.124801 53  80
-0.124816 59  77
-0.124889 27  31
-0.1249 9  23
-0.124992 49  65
-0.125051 11  72
-0.125112 8  25
-0.125123 19  43
-0.125409 54  94
-0.125459 3  25
-0.125474 56  89
-0.125576 48  63
-0.125643 28  95
-0.125752 16  82
-0.125809 46  93
-0.125856 14  71
-0.12602 45  92
-0.126187 19  26
-0.126222 48  88
-0.126285 6  62
-0.126311 23  48
-0.126314 1  32
-0.126408 78  87
-0.126545 55  76
-0.126564 61  77
-0.126705 46  86
-0.126756 17  32
-0.126884 69  89
-0.127509 36  78
-0.127559 20  84
-0.127568 40  65
-0.127611 34  62
-0.127611 13  67
-0.127776 7  50
-0.127838 28  59
-0.127872 11  40
-0.127943 35  63
-0.128129 38  88
-0.128196 54  90
-0.128199 19  69
-0.128295 39  89
-0.128368 22  95
-0.128406 18  23
-0.128496 2  77
-0.128744 5  90
-0.128911 52  66
-0.129047 13  37
-0.129116 5  58
-0.129179 28  81
-0.129498 20  47
-0.129519 4  47
-0.129697 65  87
-0.129763 11  17
-0.129867 17  87
-0.130059 45  66
-0.13007 31  44
-0.130944 60  90
-0.130955 52  82
-0.130994 41  45
-0.131059 29  56
-0.131101 8  29
-0.13111 49  88
-0.131111 82  92
-0.131215 17  37
-0.131249 30  93
-0.131408 22  68
-0.131495 5  16
-0.131517 17  73
-0.131611 77  88
-0.131655 63  81
-0.13168 56  72
-0.131819 47  79
-0.131829 17  28
-0.132026 46  94
-0.132305 20  36
-0.132699 18  45
-0.132765 4  52
-0.133119 47  67
-0.133505 71  80
-0.133594 13  88
-0.133678 10  79
-0.133734 19  80
-0.134073 47  76
-0.134206 53  74
-0.134713 34  52
-0.134955 17  86
-0.135153 40  75
-0.135424 28  34
-0.135433 0  19
-0.135525 5  30
-0.135533 50  69
-0.135669 5  70
-0.13628 35  74
-0.136746 18  30
-0.136768 22  54
-0.136845 16  68
-0.136901 11  15
-0.137038 17  36
-0.137099 8  42
-0.137253 31  83
-0.13734 39  47
-0.137503 36  85
-0.137686 85  89
-0.137705 36  53
-0.13773 19  25
-0.137832 69  93
-0.137967 30  56
-0.137992 18  73
-0.138201 19  33
-0.138366 6  86
-0.138519 9  77
-0.138616 21  29
-0.138675 78  94
-0.138724 2  15
-0.138787 4  24
-0.138832 40  51
-0.138841 8  15
-0.139035 59  92
-0.139226 6  10
-0.139291 43  56
-0.139296 65  76
-0.139321 60  78
-0.139413 19  82
-0.13945 45  89
-0.139659 69  81
-0.140048 30  69
-0.140077 19  89
-0.140263 20  95
-0.1404 73  93
-0.140473 23  95
-0.14061 42  85
-0.140615 69  91
-0.140792 9  73
-0.140806 9  63
-0.140998 22  56
-0.141085 33  90
-0.14112 35  50
-0.141238 33  47
-0.141256 71  95
-0.141497 47  77
-0.141597 65  94
-0.141609 22  69
-0.141663 43  89
-0.141687 4  10
-0.141738 48  92
-0.14221 38  82
-0.142367 36  56
-0.142372 39  65
-0.142477 28  83
-0.142553 15  28
-0.142758 31  51
-0.143107 4  25
-0.143441 18  63
-0.143502 13  42
-0.14359 13  65
-0.143665 18  21
-0.143946 41  91
-0.143961 47  66
-0.144006 9  71
-0.144681 13  84
-0.144958 20  78
-0.14536 11  48
-0.145451 38  62
-0.145678 12  31
-0.14571 3  68
-0.146146 4  74
-0.146692 91  94
-0.146755 32  79
-0.146823 35  82
-0.14705 21  59
-0.147359 61  80
-0.14737 49  91
-0.147739 3  67
-0.148005 17  42
-0.148073 2  85
-0.148254 6  8
-0.14856 43  62
-0.148796 9  24
-0.148834 48  66
-0.148882 22  72
-0.149088 63  90
-0.149139 6  31
-0.149206 65  80
-0.149265 42  94
-0.149608 47  62
-0.149642 35  56
-0.149809 47  91
-0.149896 60  88
-0.150367 13  36
-0.150677 63  73
-0.150937 46  77
-0.150961 14  74
-0.151037 9  81
-0.151291 4  48
-0.151508 62  86
-0.151836 29  91
-0.152438 33  79
-0.152756 12  37
-0.152857 3  52
-0.153155 12  19
-0.153213 28  68
-0.153706 46  84
-0.153752 92  94
-0.153764 59  79
-0.15421 61  83
-0.15444 18  83
-0.155138 21  65
-0.155268 46  76
-0.155282 32  47
-0.155369 21  69
-0.155545 19  39
-0.155818 9  61
-0.155978 4  14
-0.156052 62  93
-0.156113 29  51
-0.156143 4  69
-0.156144 22  33
-0.156202 25  78
-0.156298 4  37
-0.156344 12  41
-0.157239 36  81
-0.157914 4  42
-0.157978 36  92
-0.158069 31  49
-0.158219 46  79
-0.158453 51  63
-0.158617 48  76
-0.158634 11  90
-0.158794 22  28
-0.158996 31  70
-0.159065 38  49
-0.159103 23  37
-0.159516 8  79
-0.159712 48  71
-0.160132 24  95
-0.160169 7  32
-0.16024 69  95
-0.161063 19  70
-0.161133 15  43
-0.161278 7  79
-0.161499 8  38
-0.162024 20  83
-0.162043 5  78
-0.1621 19  79
-0.162253 63  77
-0.162295 42  81
-0.162298 85  92
-0.162483 47  68
-0.162843 28  55
-0.162843 28  54
-0.162936 4  57
-0.163054 49  68
-0.163262 31  82
-0.163265 63  70
-0.16387 43  76
-0.164027 33  46
-0.16481 32  85
-0.165759 10  29
-0.165867 40  83
-0.166697 41  65
-0.166888 50  91
-0.167303 22  67
-0.167605 20  54
-0.167669 66  83
-0.168286 75  85
-0.168366 42  82
-0.168366 10  65
-0.168786 3  22
-0.168975 34  80
-0.169368 15  19
-0.169564 62  69
-0.170183 3  51
-0.171225 23  30
-0.171533 47  82
-0.171998 40  86
-0.172423 73  92
-0.172453 48  79
-0.172786 14  22
-0.173053 10  89
-0.173152 47  94
-0.173502 32  43
-0.173542 57  79
-0.17365 2  76
-0.17373 14  91
-0.174642 37  95
-0.174667 22  66
-0.174725 46  68
-0.174742 41  55
-0.174795 22  79
-0.175076 19  94
-0.175352 3  95
-0.175735 50  53
-0.176101 6  71
-0.176101 50  84
-0.176197 34  66
-0.176198 5  29
-0.176283 64  94
-0.176313 38  84
-0.176396 18  90
-0.176613 7  40
-0.176816 14  50
-0.176858 12  85
-0.176882 7  73
-0.177569 18  47
-0.17791 4  23
-0.178296 74  87
-0.179246 5  71
-0.179301 34  67
-0.179881 4  39
-0.179947 30  91
-0.180198 28  35
-0.180748 42  76
-0.18114 2  28
-0.181595 41  66
-0.181632 37  84
-0.181791 31  67
-0.182023 41  67
-0.182031 21  22
-0.183259 11  50
-0.183419 3  5
-0.183558 11  32
-0.183797 37  63
-0.184045 35  41
-0.184514 9  41
-0.185178 29  35
-0.185695 47  90
-0.186209 32  68
-0.186501 77  80
-0.187014 34  83
-0.187347 28  51
-0.187625 8  28
-0.187781 6  83
-0.187795 79  91
-0.188454 60  91
-0.188806 30  38
-0.189373 7  68
-0.189449 33  43
-0.191046 51  90
-0.191277 19  42
-0.191928 17  75
-0.192119 19  92
-0.192126 64  86
-0.192129 29  85
-0.193507 22  65
-0.193561 21  87
-0.193614 48  85
-0.194238 30  85
-0.194329 80  84
-0.194383 9  91
-0.194512 80  88
-0.194747 31  89
-0.19498 53  94
-0.195233 5  52
-0.195735 8  22
-0.196399 10  28
-0.196438 47  81
-0.196496 52  64
-0.198203 6  93
-0.200352 6  46
-0.200724 49  51
-0.200771 3  43
-0.201448 2  52
-0.201739 43  82
-0.202554 38  63
-0.203985 15  94
-0.204067 4  30
-0.204162 11  49
-0.204536 3  90
-0.204623 64  89
-0.204765 64  80
-0.205985 41  64
-0.206288 5  82
-0.206651 21  90
-0.207231 69  85
-0.209308 73  94
-0.209367 9  51
-0.209591 50  85
-0.210366 22  84
-0.213244 43  81
-0.213505 22  74
-0.214761 51  92
-0.214865 48  68
-0.214932 21  88
-0.215041 3  92
-0.216431 49  85
-0.21708 34  48
-0.217327 62  81
-0.217437 35  87
-0.217818 49  63
-0.217883 33  71
-0.218621 31  71
-0.218698 37  65
-0.219927 70  87
-0.22069 30  51
-0.221659 81  93
-0.222071 11  43
-0.225111 21  48
-0.226517 79  94
-0.226798 19  32
-0.22775 41  75
-0.228988 19  95
-0.229249 35  40
-0.229668 52  85
-0.229685 4  38
-0.232501 72  86
-0.233355 21  30
-0.235274 9  28
-0.237148 36  79
-0.238311 32  70
-0.23837 5  85
-0.242501 17  30
-0.243913 29  94
-0.244131 34  68
-0.244719 5  91
-0.24615 38  69
-0.2498 21  83
-0.261717 34  91
-0.26176 5  68
-0.262264 30  68
-0.265408 32  37
-0.272376 4  40
-0.402435 31  94
