0.12002 0.14295
0.205749 0.204888
0.0832073 0.0866125
0.315179 0.253163
0.275845 0.312387
0.331316 0.270637
0.0988401 0.107213
0.161876 0.168425
0.1059 0.113825
0.302068 0.3399
0.226425 0.175825
0.125567 0.126887
0.266768 0.258937
0.0917801 0.116
0.28946 0.32235
0.149773 0.156938
0.400403 0.3808
0.189107 0.188612
0.149773 0.174113
0.110943 0.0995375
0.0337872 0.0402
0.120524 0.113013
0.419062 0.399562
0.302572 0.328962
0.124054 0.118263
0.0675744 0.05975
0.328795 0.27925
0.423096 0.479475
0.0690872 0.081575
0.111447 0.09995
0.0731215 0.0773625
0.0680787 0.0830125
0.0534544 0.049175
0.681795 0.679388
0.12355 0.111062
0.347958 0.316663
0.265255 0.298662
0.161876 0.159062
0.0806858 0.0952625
0.144226 0.13035
0.363591 0.321188
0.0161372 0.0173875
0.0766515 0.0798125
0.441755 0.486975
0.101866 0.0946375
0.344428 0.356175
0.0630358 0.0500625
0.0342915 0.0329
0.456379 0.469662
0.101866 0.0912
0.0706001 0.0712875
0.164397 0.211075
0.120524 0.13735
0.535048 0.482363
0.10943 0.097925
0.263742 0.212325
0.0418558 0.0565125
0.0378215 0.038475
0.520928 0.56945
0.135653 0.123237
0.340393 0.322613
0.161876 0.163238
0.0494201 0.0445875
0.159355 0.146437
0.288956 0.323125
0.171962 0.185875
0.0272315 0.0298625
0.0368129 0.0463125
0.500756 0.437213
0.263238 0.300737
0.0726172 0.0814875
0.086233 0.0783125
0.179022 0.142962
0.305598 0.31935
0.356531 0.377887
0.242562 0.234212
0.139687 0.110937
0.168936 0.155425
0.178517 0.196162
0.270298 0.303262
0.328795 0.3837
0.0398386 0.0410875
0.0781644 0.0910875
0.447302 0.387813
0.1059 0.0963125
0.072113 0.0925875
0.377711 0.394512
0.122037 0.16125
0.312658 0.251487
0.115482 0.100163
0.21886 0.190062
0.0554715 0.0630375
0.369642 0.3309
0.249622 0.321012
0.106404 0.0949875
0.072113 0.0906125
0.406959 0.410737
0.150277 0.188225
0.108422 0.105313
0.262229 0.205113
0.434695 0.4637
0.0171457 0.0172375
0.00907716 0.0085625
0.103379 0.0957375
0.435703 0.414762
0.245587 0.29405
0.00252143 0.0033125
0.0171457 0.014375
0.27534 0.246113
0.459405 0.44215
0.0453858 0.0493625
0.166415 0.213962
0.0741301 0.0587375
0.22239 0.202412
0.491679 0.475525
0.260212 0.262775
0.00655572 0.006
0.170953 0.21755
0.114473 0.092225
0.447806 0.42145
0.260716 0.2433
0.200706 0.238125
0.0231972 0.022525
0.0625315 0.071375
0.452849 0.424675
0.0665658 0.0587625
0.00958144 0.009575
0.01059 0.009725
0.380736 0.424787
0.532526 0.49715
0.0726172 0.0780125
0.0237015 0.0226375
0.172466 0.17615
0.0075643 0.00755
0.723651 0.71565
0.0504286 0.0442625
0.0499244 0.0536375
0.0711044 0.063425
0.0630358 0.0816625
0.765507 0.757012
0.00655572 0.006575
0.0408472 0.0302375
0.0408472 0.048275
0.0579929 0.05985
0.853757 0.855062
0.0393343 0.0287125
0.00857287 0.0101
0.0242057 0.0320125
0.0453858 0.0484625
0.882501 0.880713
0.149269 0.206388
0.00655572 0.007775
0.0453858 0.038125
0.0161372 0.0197875
0.782653 0.727925
0.16591 0.214762
0.0196672 0.00945
0.00453858 0.00475
0.0297529 0.03425
0.780131 0.736788
0.0494201 0.043375
0.00252143 0.0036875
0.00252143 0.0033625
0.162885 0.2128
0.782653 0.736775
0.0231972 0.01085
0.00403429 0.005475
0.00252143 0.0030625
0.170449 0.21795
0.799798 0.762663
0.228946 0.2207
0.02471 0.025875
0.2118 0.2521
0.136662 0.125012
0.397882 0.376312
0.065053 0.05055
0.0574887 0.073475
0.122542 0.1501
0.554211 0.533175
0.200706 0.1927
0.162885 0.200625
0.0302572 0.0254
0.0655572 0.0730625
0.524962 0.5053
0.216339 0.195612
0.26475 0.271213
0.01059 0.0089375
0.514372 0.505925
0.0297529 0.0234
0.180535 0.190525
0.795764 0.786075
0.00655572 0.0061875
0.00353001 0.00375
0.0423601 0.035125
0.15179 0.168862
0.688351 0.707375
0.0121029 0.0122875
0.0322743 0.039025
0.17297 0.157675
0.0943016 0.0836375
0.557237 0.557887
0.113969 0.120438
0.129097 0.112638
0.0307615 0.0340875
0.168936 0.17495
0.191125 0.227112
0.200706 0.166662
0.262229 0.269437
0.086233 0.082125
0.259708 0.254663
0.082703 0.07165
0.220877 0.261263
0.346445 0.34855
0.124054 0.104663
0.22592 0.213875
0.0504286 0.063675
0.343923 0.309312
0.32476 0.350413
0.0937973 0.102288
0.18709 0.174313
0.0816944 0.0837
0.222895 0.261225
0.311649 0.276487
0.103379 0.1103
0.280383 0.268288
0.0519415 0.05
0.280888 0.244312
0.310136 0.363025
0.103883 0.107037
0.253152 0.235625
0.0509329 0.051625
0.0347958 0.03425
0.0418558 0.0467
0.718104 0.717562
0.154312 0.149863
0.286939 0.273987
0.0706001 0.075425
0.0468986 0.05175
0.30711 0.274112
0.288452 0.324725
0.150277 0.156587
0.185577 0.140575
0.199193 0.211688
0.286435 0.322688
0.178517 0.168462
0.0272315 0.0253625
0.153303 0.20815
0.568835 0.523425
0.108422 0.108512
0.142209 0.13455
0.0332829 0.032275
0.290469 0.26325
0.495714 0.538375
0.0332829 0.025975
0.147252 0.140125
0.153303 0.14505
0.15885 0.205412
0.100857 0.1205
0.389309 0.35065
0.19768 0.178388
0.634897 0.608287
0.0100857 0.0090375
0.00857287 0.0089
0.149773 0.197513
0.196672 0.176262
0.296016 0.330075
0.0201715 0.0172625
0.156833 0.104262
0.108926 0.100388
0.418053 0.448012
0.0448815 0.0387625
0.0226929 0.0226125
0.0741301 0.06835
0.318205 0.251912
0.540091 0.618363
0.168936 0.121688
0.0231972 0.0184125
0.0181543 0.0202
0.0882501 0.0666625
0.701462 0.773038
0.19768 0.119288
0.0242057 0.020775
0.0489158 0.0437125
0.00857287 0.0094625
0.720625 0.806763
0.0645487 0.05915
0.02471 0.024
0.28593 0.278212
0.0695915 0.0621625
0.555219 0.576475
0.231972 0.149062
0.0146243 0.012975
0.02118 0.0191125
0.174483 0.2396
0.557741 0.57925
0.15885 0.218913
0.0121029 0.01345
0.0272315 0.0207
0.142713 0.0803375
0.659102 0.6666
0.272819 0.271537
0.00453858 0.004125
0.00403429 0.0036875
0.0519415 0.0480375
0.666667 0.672612
0.148764 0.0772375
0.0237015 0.0275
0.14473 0.20365
0.0136157 0.0142625
0.669188 0.67735
0.307615 0.304787
0.00504286 0.0051875
0.0110943 0.0104375
0.00655572 0.005575
0.669692 0.674013
0.0151286 0.0181625
0.0816944 0.0308125
0.0700958 0.0424875
0.165406 0.233763
0.667675 0.674775
0.139183 0.196538
0.0418558 0.0197375
0.106909 0.058725
0.0373172 0.04705
0.674735 0.67795
0.238527 0.25765
0.0368129 0.016475
0.00958144 0.0072375
0.0398386 0.0391375
0.67524 0.6795
0.173475 0.239625
0.0171457 0.00835
0.103379 0.0385375
0.0277358 0.0334
0.678265 0.680087
0.138174 0.07165
0.00353001 0.0044
0.00554715 0.0065625
0.00857287 0.008025
0.844175 0.909362
0.00655572 0.00645
0.140696 0.0727875
0.00353001 0.0042125
0.00403429 0.0052625
0.845184 0.911288
0.107413 0.05865
0.0115986 0.0104125
0.01412 0.009575
0.00201715 0.00305
0.864851 0.918312
0.00706001 0.0068125
0.0448815 0.040425
0.0574887 0.05765
0.01412 0.01735
0.87645 0.877763
0.0842158 0.09175
0.00302572 0.0030625
0.00706001 0.0062375
0.0645487 0.0669375
0.84115 0.832013
0.0771558 0.07585
0.0257186 0.026275
0.0907716 0.083325
0.208775 0.1989
0.597579 0.61565
0.0206757 0.018425
0.00907716 0.00995
0.02471 0.034875
0.396873 0.369925
0.548664 0.566825
0.2118 0.262825
0.0937973 0.0943
0.0907716 0.03825
0.0988401 0.08355
0.504791 0.521075
0.221382 0.252425
0.0615229 0.0291875
0.15179 0.148138
0.113464 0.0996
0.451841 0.47065
0.0847201 0.037925
0.141704 0.122075
0.290469 0.323012
0.0978316 0.108838
0.385275 0.40815
0.292486 0.332188
0.13061 0.0862625
0.0998487 0.0905
0.157842 0.145712
0.319213 0.345338
0.140696 0.10435
0.103883 0.100687
0.281392 0.322688
0.228442 0.183413
0.245587 0.288863
0.426626 0.399863
0.0322743 0.0146875
0.0267272 0.0138875
0.238023 0.2723
0.276349 0.299262
0.236006 0.269763
0.222895 0.202712
0.413011 0.437862
0.0645487 0.0386
0.0635401 0.0510625
0.302572 0.314475
0.147252 0.16175
0.2118 0.224575
0.273323 0.246775
0.065053 0.052425
0.231972 0.217975
0.154816 0.1214
0.19415 0.223763
0.191629 0.19795
0.227433 0.238912
0.357035 0.322425
0.0615229 0.0587625
0.238527 0.297312
0.198185 0.217375
0.14473 0.104125
0.510338 0.608375
0.0842158 0.0550875
0.0474029 0.0374875
0.216843 0.19555
0.1412 0.1035
0.157337 0.139625
0.236006 0.306463
0.0499244 0.0481375
0.288956 0.200687
0.267776 0.305088
0.249117 0.316375
0.244075 0.28755
0.0605144 0.06595
0.202723 0.12745
0.24357 0.202675
0.256178 0.267512
0.178013 0.191525
0.0736258 0.0935625
0.193142 0.170238
0.299042 0.277162
0.108422 0.120963
0.340393 0.331725
0.126072 0.142775
0.13414 0.142675
0.290973 0.261862
0.628341 0.618513
0.0186586 0.016475
0.0191629 0.0188375
0.246092 0.248438
0.0877458 0.0977375
0.694402 0.678475
0.0121029 0.010525
0.0121029 0.0120375
0.179526 0.18615
0.101866 0.112812
0.0569844 0.0518375
0.131619 0.11705
0.225416 0.193662
0.516389 0.5683
0.0695915 0.06915
0.0736258 0.0569375
0.0665658 0.03985
0.156833 0.165225
0.441251 0.509487
0.261725 0.2285
0.101362 0.0984375
0.202219 0.147313
0.539082 0.595712
0.0882501 0.0885875
0.0690872 0.06995
0.113464 0.120737
0.371155 0.357687
0.0842158 0.083525
0.302572 0.29345
0.128593 0.1446
0.275845 0.319387
0.153303 0.195775
0.128593 0.121875
0.354513 0.279325
0.0877458 0.0836375
0.435199 0.438113
0.0660615 0.0749
0.179022 0.11455
0.0917801 0.09955
0.227937 0.272888
0.207766 0.192438
0.325769 0.298638
0.0912758 0.0892125
0.214826 0.25515
0.160363 0.164563
0.384771 0.347825
0.117499 0.107362
0.113464 0.128325
0.276853 0.303212
0.107413 0.113275
0.25416 0.21225
0.276349 0.3242
0.0922844 0.0850625
0.191629 0.175625
0.185577 0.202863
0.384771 0.3793
0.103883 0.10955
0.0403429 0.0411375
0.11649 0.127812
0.354513 0.3422
0.104892 0.1163
0.11649 0.152675
0.178517 0.1357
0.223903 0.239588
0.376198 0.355737
0.209279 0.157287
0.0731215 0.091075
0.122542 0.149025
0.229955 0.25805
0.365103 0.344562
0.0907716 0.0497125
0.173979 0.211475
0.0842158 0.0926125
0.188099 0.17255
0.462935 0.47365
0.0852244 0.0674
0.174987 0.203525
0.0953101 0.0712
0.138679 0.1309
0.505799 0.526975
0.0418558 0.040675
0.0907716 0.0625625
0.113969 0.075475
0.247605 0.29685
0.505799 0.524438
0.272315 0.241125
0.0983359 0.101212
0.0499244 0.049775
0.357035 0.347288
0.22239 0.2606
0.550177 0.471913
0.0484115 0.0553125
0.0463944 0.0543875
0.12708 0.147475
0.227937 0.270913
0.248613 0.179075
0.156329 0.201962
0.0353001 0.029625
0.472012 0.504038
0.0877458 0.0853
0.0519415 0.048775
0.0191629 0.0172375
0.0680787 0.060675
0.780131 0.793488
0.0806858 0.079825
0.182047 0.231662
0.0948058 0.0482125
0.369642 0.31205
0.0882501 0.09695
0.265255 0.311125
0.253152 0.29355
0.260716 0.31065
0.258699 0.19595
0.142713 0.118538
0.0847201 0.0813125
0.18709 0.210063
0.160363 0.13715
0.188603 0.111312
0.379728 0.462213
0.0842158 0.0792625
0.463944 0.475375
0.223903 0.2349
0.0872416 0.0792875
0.1412 0.132
0.0837115 0.0784375
0.196672 0.118425
0.173979 0.21125
0.161372 0.165337
0.354513 0.396462
0.113464 0.108525
0.131114 0.1189
0.398386 0.40535
0.213313 0.206925
0.157337 0.17705
0.0998487 0.091775
0.213313 0.149175
0.169945 0.197788
0.240545 0.233863
0.269289 0.327275
0.106909 0.0919
0.177509 0.1427
0.248109 0.282525
0.331316 0.381375
0.152295 0.122125
0.0907716 0.071275
0.184569 0.221337
0.143217 0.148737
0.180535 0.123275
0.266263 0.31615
0.225416 0.1905
0.0978316 0.0957
0.0620272 0.071825
0.245083 0.319663
0.0690872 0.0618
0.525971 0.451012
0.195159 0.231187
0.0917801 0.110588
0.086233 0.0913875
0.0801815 0.0915125
0.546646 0.475325
0.259708 0.317125
0.238023 0.202588
0.111447 0.126663
0.0963187 0.09675
0.294503 0.256875
0.518406 0.554863
0.0816944 0.08875
0.0569844 0.0592
0.221886 0.200788
0.121029 0.0964
0.32123 0.377738
0.122542 0.0913625
0.251135 0.263788
0.224912 0.215125
0.0801815 0.0519875
0.256682 0.29565
0.093293 0.0626625
0.420071 0.440575
0.146747 0.144487
0.0832073 0.056625
0.443268 0.487837
0.0519415 0.050275
0.21886 0.165587
0.0927887 0.0729625
0.193142 0.223337
0.419062 0.4921
0.0781644 0.0874125
0.113464 0.119825
0.331316 0.264788
0.0579929 0.035875
0.380232 0.440325
0.0549672 0.0685125
0.0484115 0.050925
0.469995 0.408913
0.0463944 0.031325
0.430156 0.438238
0.0948058 0.100475
0.163389 0.183413
0.259708 0.242825
0.0519415 0.03505
0.13767 0.0878375
0.193142 0.201538
0.568331 0.6281
0.0509329 0.048575
0.0499244 0.03395
0.33888 0.416838
0.068583 0.03685
0.13414 0.125938
0.369642 0.376225
0.0887544 0.04415
0.676248 0.7525
0.0529501 0.040175
0.134644 0.114275
0.0806858 0.0568625
0.0554715 0.0361875
0.547151 0.616
0.0453858 0.037525
0.0257186 0.0200125
0.280888 0.239575
0.100857 0.0868875
0.170953 0.14995
0.0574887 0.0483875
0.115482 0.103288
0.349975 0.467
0.306102 0.231375
0.202219 0.1945
0.301563 0.347087
0.135653 0.16395
0.0771558 0.0403375
0.283409 0.254125
0.0474029 0.0328
0.133636 0.116275
0.300555 0.339413
0.164902 0.162412
0.353505 0.3491
0.0796773 0.0541
0.0857287 0.054525
0.318205 0.380238
0.0801815 0.07635
0.436208 0.434787
0.226929 0.240262
0.072113 0.0662
0.146243 0.1564
0.0781644 0.059175
0.476551 0.477963
