0.0571358
0.112091
0.0473923
0.12706
0
-0.0106707
0.137919
0.337914
-0.0307558
0
0.256071
0.01788
0.0173354
0.139038
0
0.156676
0.143385
-0.0893253
0.176179
0
0.104514
0.134861
0.334471
-0.146629
0
0.065828
-0.051697
0.159644
0.187428
0
0.0689275
0.132249
0.103975
0.0831917
0
0.00415106
0.185704
0.162401
0.0950583
0
0.261518
0.0243778
0.119475
-0.0180672
0
0.316556
0.0355178
0.147303
-0.0588049
0
-0.00266489
-0.0111672
0.129257
0.28571
0
0.133413
0.0480183
0.0686726
0.239811
0
0.132097
0.142932
0.133898
-0.0197923
0
0.0165698
0.0630214
0.091656
0.146366
0
-0.00746424
0.130107
0.134664
0.268183
0
0.000924465
0.130127
0.0689306
0.176511
0
0.334209
0.0500818
-0.0593699
0.0375532
0
0.0801019
0.104666
0.0692617
0.152978
0
0.175055
0.0978149
0.196442
-0.0795911
0
-0.124498
0.324697
0.158853
0.084216
0
0.255228
0.0723087
0.136608
0.121542
0
0.215012
0.190349
0.133817
0.329383
0
0.201486
0.239402
0.103264
0.502583
0
0.0470367
0.152402
0.218384
0.234902
0
0.274695
0.170091
0.139503
0.0446867
0
0.315472
0.150222
0.162201
0.200314
0
0.27216
0.152472
0.151931
0.187531
0
0.253346
0.203231
0.159175
0.0926528
0
0.206074
0.327838
0.274645
0.283648
0
0.364998
0.218314
0.256691
0.274172
0
0.316304
0.22085
0.366036
0.214469
0
0.29599
0.298353
0.219498
0.245351
0
0.365864
0.227074
0.22573
0.324415
0
0.332631
0.208592
0.219649
0.283151
0
0.168318
0.110133
-0.0643529
0.38426
0
0.0833396
-0.0740128
0.241878
0.278207
0
-0.00449965
0.107724
0.156473
0.20904
0
0.00958434
0.067923
0.248389
0.13859
0
0.0569038
0.0957952
0.139737
0.0789759
0
0.18376
0.0792065
0.0907915
-0.0170329
0
0.550458
0.211139
-0.0534021
0.0945251
0
0.360375
0.26865
0.161448
0.181889
0
0.160053
0.210489
0.535953
0.0149252
0
0.159863
0.380715
0.125787
0.227618
0
0.184351
0.135524
0.543979
0.0979436
0
0.110327
0.500373
0.187998
0.153272
0
0.0632629
0.0392357
0.130758
0.66873
0
0.0824393
0.159239
0.150193
0.420011
0
0.212065
0.355237
0.37964
0.0400644
0
0.0881687
0.119817
0.610742
0.0698964
0
0.166535
0.435209
0.210475
0.0990652
0
0.0828819
0.163599
0.214442
0.561788
0
0.619087
0.103072
0.118804
0.215472
0
0.200066
0.163199
0.535147
0.35276
0
0.128014
0.147405
0.230042
0.675697
0
0.514564
0.196473
0.181856
0.34104
0
0.652235
0.132893
0.139732
0.176934
0
0.211706
0.131163
0.610254
0.0607457
0
0.647753
0.105044
0.119323
0.180587
0
0.208886
0.157282
0.223812
0.460755
0
0.422055
0.18201
0.173271
0.359317
0
0.601931
0.139285
0.230149
0.156542
0
0.661188
0.185376
0.130374
0.164397
0
0.149863
0.329445
0.292407
0.307263
0
0.214237
0.289627
0.488687
0.147139
0
0.416393
0.25188
0.140034
0.332884
0
0.198698
0.19775
0.501097
0.258103
0
0.634937
0.207937
0.184149
0.179969
0
0.173167
0.635129
0.217335
0.201793
0
0.509085
0.225327
0.22585
0.221578
0
0.191652
0.230894
0.153374
0.219514
0
-0.0623972
0.204257
0.171776
0.250974
0
0.20906
0.131596
0.0137573
0.445599
0
0.130891
0.116338
0.0714271
0.477243
0
0.242035
0.0787252
0.24962
0.272408
0
0.394159
0.225014
0.0803396
0.234999
0
0.278648
-0.168154
0.240199
-0.00777534
0
0.459346
-0.0440748
-0.162563
0.0683367
0
0.24489
-0.215136
0.0503849
0.0483992
0
-0.282168
0.101978
0.0811133
0.131477
0
0.21068
-0.263586
-0.0587101
0.0471972
0
0.442723
-0.278426
-0.0564223
-0.172138
0
-0.0275742
0.29032
0.171652
-0.53406
0
-0.510646
0.11967
0.307915
-0.0472132
0
-0.0758332
0.186903
-0.0665619
-0.206879
0
-0.261314
0.200103
0.0773416
-0.0427773
0
0.206294
0.0545116
-0.203805
0.455376
0
0.0724767
0.18767
0.118069
0.140519
0
-0.00183991
0.660879
0.165332
-0.307752
0
-0.231697
0.0847999
0.0773612
0.140547
0
-0.0418582
0.0536296
0.0822084
0.190616
0
-0.0055621
-0.370895
-0.0617745
0.67137
0
0.192843
0.0861608
-0.119146
0.476815
0
0.0628398
-0.157285
0.084273
0.146073
0
0.071329
0.278521
0.191731
-0.331061
0
-0.151467
0.099288
0.00160302
0.256832
0
-0.526801
0.1342
0.437623
0.0650744
0
0.243877
-0.111009
0.146835
-0.144881
0
0.0483183
0.161817
0.151174
-0.241791
0
-0.0347766
0.0851153
0.0743099
0.063271
0
0.0782788
0.218006
0.184235
0.168436
0
0.17967
0.149223
0.438006
-0.0307947
0
0.427815
0.18507
-0.096935
0.275958
0
0.266589
0.173233
0.147664
0.157048
0
0.266023
0.388286
0.371815
0.306971
0
0.0998132
0.313881
0.507914
0.390548
0
0.195047
0.187332
0.0455104
0.224867
0
0.296465
0.0327796
0.0841288
0.0558154
0
0.459822
0.173392
0.0752687
-0.365423
0
0.128793
0.0576333
0.051191
0.0347278
0
0.0289183
0.21463
-0.0604206
0.100642
0
-0.217199
0.240373
0.314845
-0.0395911
0
-0.296583
0.0901342
0.367697
0.143886
0
-0.130532
0.198351
0.0558829
0.186661
0
0.224321
0.0771807
0.134712
-0.0747041
0
0.223615
0.209906
-0.0458737
-0.01999
0
0.348746
0.0300378
-0.164016
-0.0413634
0
0.231266
-0.03651
-0.0473267
0.13621
0
0.120682
0.110373
0.217084
0.0631389
0
0.197181
0.294589
0.131506
-0.0133387
0
0.104378
0.133659
0.123344
0.30532
0
0.23523
0.389366
0.160171
0.0759007
0
0.180794
0.0810365
0.0211618
-0.102627
0
-0.0566399
0.102398
0.291255
-0.168058
0
0.154863
-0.000902203
-0.0665296
0.0974542
0
0.412135
-0.111794
-0.0908755
-0.08313
0
0.106509
-0.017037
-0.0379484
-0.0525046
0
0.181155
-0.115447
-0.0681516
-0.0201467
0
-0.15895
0.103618
0.0650676
-0.0028784
0
0.0698159
-0.173164
0.112049
0.00710255
0
-0.169039
0.151755
0.223615
-0.276955
0
-0.206625
-0.0232858
0.209518
0.0684782
0
0.245912
0.180695
0.115451
-0.247392
0
0.172088
0.149835
-0.152138
0.131935
0
-0.250813
0.320699
0.184666
0.201473
0
0.0741583
0.212651
0.308951
-0.151785
0
0.134437
0.22073
0.425174
0.149692
0
0.279373
0.17303
0.254027
0.271765
0
