2.64459 15  29
2.51885 16  28
2.36237 14  30
2.34877 42  58
2.2107 18  26
2.18415 5  65
2.16624 12  32
2.16438 45  54
2.15043 44  56
1.93416 43  57
1.90117 6  64
1.88543 41  59
1.7915 17  27
1.64817 4  66
1.42489 2  68
1.33537 3  67
1.1018 46  53
1.01121 41  60
0.854657 20  21
0.81586 11  12
0.777104 8  62
0.714647 19  48
0.664749 13  31
0.628628 24  26
0.552548 11  61
0.543869 1  68
0.536654 17  48
0.521765 43  56
0.505595 1  69
0.478256 20  24
0.448101 2  3
0.44671 21  24
0.420629 50  51
0.410737 48  49
0.408979 2  64
0.392314 67  70
0.387126 4  5
0.378976 48  52
0.375153 4  65
0.37111 17  19
0.370251 69  70
0.359002 49  51
0.342094 12  30
0.330916 27  52
0.330407 9  10
0.323963 36  37
0.319947 14  19
0.316329 29  30
0.314118 7  9
0.312312 37  39
0.309703 9  39
0.309376 20  48
0.308338 29  43
0.307976 60  61
0.30196 7  10
0.299793 0  69
0.297007 9  37
0.29534 7  37
0.292731 10  39
0.292158 7  39
0.28996 30  42
0.287331 33  39
0.28339 14  49
0.281733 19  52
0.280488 10  37
0.278874 33  37
0.278379 36  39
0.275673 21  22
0.275227 54  58
0.274246 9  36
0.273136 7  33
0.2731 10  33
0.272337 34  37
0.270984 22  45
0.270327 9  33
0.269678 21  48
0.268004 37  63
0.267134 42  68
0.265521 34  39
0.264551 49  50
0.264005 39  63
0.261965 24  44
0.258986 33  34
0.257856 34  36
0.254852 48  53
0.253428 23  35
0.25296 10  36
0.252852 10  34
0.252736 7  36
0.251596 19  53
0.250833 3  64
0.250285 9  34
0.250271 7  34
0.248325 7  63
0.246311 48  51
0.245817 66  68
0.245184 10  63
0.244286 9  63
0.244147 33  36
0.242785 48  56
0.241756 67  68
0.240336 36  63
0.240196 20  44
0.23976 4  15
0.237743 45  55
0.237047 33  63
0.236384 32  59
0.235873 19  23
0.23199 33  40
0.231673 34  63
0.231427 8  38
0.230903 12  26
0.227772 4  68
0.227572 42  55
0.225381 11  32
0.223829 9  25
0.223342 15  43
0.223319 19  49
0.223128 20  50
0.222186 7  25
0.221441 56  58
0.220985 1  55
0.220752 10  25
0.22057 1  2
0.218333 25  39
0.217706 12  35
0.216213 28  29
0.215063 32  45
0.213952 55  58
0.21355 3  4
0.212923 3  6
0.212825 24  67
0.212755 17  49
0.212192 15  66
0.211187 25  37
0.209232 21  50
0.208674 39  47
0.208504 56  57
0.208432 5  66
0.208315 65  66
0.207777 3  56
0.207428 38  39
0.207158 54  56
0.206181 32  35
0.205068 46  50
0.203468 39  40
0.202461 38  62
0.201861 59  62
0.201719 34  38
0.201573 59  60
0.201522 17  53
0.200597 3  69
0.20054 25  33
0.200393 9  38
0.20016 0  2
0.200115 37  38
0.199579 7  38
0.198724 21  26
0.198009 22  60
0.197596 10  38
0.195645 15  30
0.195101 61  68
0.193966 53  69
0.19248 37  47
0.19128 3  58
0.190838 32  64
0.190623 18  19
0.190094 9  47
0.189983 7  47
0.189818 33  38
0.189598 27  43
0.189241 10  47
0.187686 13  35
0.187245 5  31
0.187216 42  61
0.186143 13  67
0.185779 25  36
0.185351 24  50
0.18519 55  67
0.185015 37  40
0.184729 14  48
0.18373 33  47
0.182805 10  40
0.181558 3  24
0.18132 30  31
0.18097 48  55
0.179601 7  40
0.179585 0  61
0.177914 11  13
0.177115 40  60
0.176779 36  38
0.176726 59  64
0.176637 9  40
0.176595 25  34
0.176391 14  17
0.176329 14  29
0.175145 41  61
0.175124 68  70
0.174293 1  70
0.174245 47  63
0.173573 25  63
0.172806 18  23
0.17147 22  24
0.170845 8  22
0.170484 3  54
0.170268 40  63
0.169677 46  60
0.169582 38  63
0.169455 36  47
0.168513 32  44
0.168454 58  68
0.168329 45  53
0.167534 58  60
0.167369 28  62
0.165319 46  55
0.165256 16  29
0.163361 45  52
0.161327 38  60
0.161233 20  46
0.160966 8  59
0.160855 34  47
0.160278 44  57
0.160267 52  56
0.159754 66  67
0.159292 17  57
0.158903 12  13
0.158166 18  27
0.157302 45  51
0.15682 0  16
0.156591 13  70
0.156114 17  55
0.1559 27  62
0.155189 36  40
0.154396 34  40
0.154312 22  48
0.153734 22  51
0.152373 2  61
0.152046 37  61
0.15176 62  63
0.151723 53  55
0.150492 53  54
0.150289 33  61
0.150104 42  69
0.14955 11  27
0.149346 39  61
0.149312 11  18
0.148587 61  63
0.147705 19  55
0.145305 6  52
0.144443 49  53
0.144367 7  8
0.144085 20  26
0.143538 18  61
0.143368 8  27
0.142748 9  61
0.142594 10  61
0.142147 35  67
0.141454 48  57
0.141325 8  16
0.140897 31  65
0.140762 23  48
0.140738 16  62
0.139987 22  43
0.139764 1  64
0.138917 43  69
0.138458 35  38
0.137704 13  49
0.137285 6  66
0.136795 7  61
0.136693 30  51
0.136675 2  70
0.136024 11  42
0.135224 34  61
0.134209 3  43
0.134171 46  70
0.133925 32  70
0.133316 19  31
0.133147 13  56
0.132867 30  41
0.132781 19  56
0.13261 30  49
0.132408 64  69
0.131552 4  31
0.131142 50  55
0.130188 25  38
0.130039 21  44
0.129937 54  70
0.129476 2  31
0.128461 25  47
0.12841 26  42
0.128095 8  28
0.128023 42  44
0.127405 27  29
0.126763 18  52
0.126719 18  55
0.126474 55  56
0.126047 6  8
0.125927 51  53
0.125705 8  9
0.124777 61  67
0.124248 22  50
0.123776 24  48
0.123679 61  69
0.123462 42  70
0.123172 11  14
0.123171 35  45
0.122999 2  67
0.122161 29  66
0.122065 13  43
0.121615 13  60
0.121367 0  46
0.121201 25  40
0.120368 1  23
0.120365 36  61
0.120255 8  15
0.120174 8  10
0.120126 22  29
0.119429 6  30
0.118452 3  5
0.118199 17  30
0.117737 2  66
0.117427 43  52
0.116699 17  52
0.116441 23  32
0.116421 14  45
0.116244 58  59
0.115732 19  21
0.115452 12  69
0.115111 5  41
0.115075 5  62
0.114546 0  11
0.114437 12  60
0.114077 27  53
0.113219 13  17
0.112469 31  35
0.111022 21  52
0.110846 38  47
0.110268 3  65
0.110169 13  55
0.109908 13  57
0.109149 8  34
0.10913 52  53
0.109129 14  68
0.108466 8  39
0.108359 5  8
0.108088 49  57
0.107972 1  13
0.107353 3  70
0.107231 0  54
0.106723 14  28
0.106536 64  67
0.106467 1  53
0.105431 22  62
0.105099 22  41
0.104454 46  57
0.104092 60  64
0.103944 0  1
0.103813 1  49
0.103707 29  55
0.103426 62  65
0.103313 45  67
0.103288 17  20
0.103122 6  38
0.10289 27  50
0.102665 0  57
0.102446 26  53
0.102285 16  19
0.102262 53  57
0.101734 44  58
0.101724 20  52
0.101531 8  37
0.10147 19  20
0.10034 17  18
0.100217 20  51
0.0992222 23  68
0.0989774 1  54
0.0989686 38  40
0.098688 13  42
0.0985858 42  54
0.0982149 40  47
0.0972604 54  69
0.0962838 47  61
0.0960939 8  33
0.0960779 3  41
0.0960313 23  29
0.096031 41  65
0.095994 34  35
0.0956434 18  53
0.0949995 0  31
0.0949316 3  57
0.0948555 16  57
0.0946833 50  60
0.0944623 28  61
0.0940384 26  46
0.0939242 45  46
0.0937081 0  43
0.093669 17  21
0.0936174 13  32
0.0932817 3  45
0.0931897 4  29
0.0931496 66  70
0.0924845 0  28
0.0924426 55  68
0.0918671 53  70
0.0911074 23  42
0.0901861 16  43
0.0893203 65  70
0.0891877 56  68
0.0877989 13  48
0.0870395 28  30
0.0869599 1  67
0.086747 26  58
0.0866012 28  31
0.0865966 31  32
0.0861191 25  61
0.0856906 24  47
0.0844953 30  64
0.0842563 41  62
0.0829359 12  67
0.082656 58  67
0.0824899 8  36
0.0822917 32  58
0.0817137 2  4
0.0815716 59  66
0.0811792 39  48
0.080914 30  68
0.0808457 6  59
0.0807334 48  50
0.0806839 2  22
0.0806452 27  61
0.0801992 55  69
0.0797953 18  70
0.079371 44  62
0.0792616 25  46
0.0792382 15  62
0.0791739 14  16
0.0778479 8  63
0.0776508 12  70
0.0775589 4  64
0.0769004 2  24
0.0765686 41  68
0.0757607 49  69
0.0755115 50  65
0.0746488 28  44
0.0743314 8  64
0.0740456 62  64
0.0738095 21  27
0.0737603 50  58
0.0736658 12  51
0.0736153 0  35
0.0733554 19  32
0.0727634 19  50
0.0726689 11  49
0.0726257 6  69
0.0722759 44  70
0.0717081 17  43
0.071638 6  10
0.0715179 13  14
0.0714848 61  65
0.0714813 12  16
0.0714059 22  64
0.0712744 26  59
0.0711978 52  61
0.0709195 4  41
0.0708822 40  66
0.0704568 23  70
0.0694239 50  52
0.0689045 23  60
0.0687909 3  50
0.0686381 44  45
0.0685739 3  68
0.0684567 23  66
0.0683991 44  54
0.0681071 8  41
0.068073 27  28
0.0678736 0  30
0.0673848 62  69
0.0670403 51  67
0.0670225 29  57
0.0670045 15  23
0.0668601 23  51
0.0666773 4  60
0.0666225 18  51
0.0664592 37  48
0.0664096 32  54
0.0661711 12  41
0.0660906 16  51
0.0660769 9  48
0.0658204 6  7
0.0657628 53  58
0.0654767 4  12
0.0653491 6  9
0.065258 39  62
0.064572 17  50
0.0645329 31  42
0.0644872 32  67
0.0640951 31  50
0.0636177 33  62
0.0634177 22  52
0.0633982 15  27
0.0633913 40  51
0.0632468 32  41
0.0631979 40  42
0.0629835 2  55
0.0628682 15  45
0.0628233 44  55
0.0626793 2  6
0.0625037 30  59
0.0619624 6  39
0.0617994 16  48
0.0613289 28  40
0.0613076 6  34
0.0606989 28  32
0.0602948 30  32
0.0602857 21  46
0.0601429 34  62
0.0600737 62  66
0.05976 6  37
0.0597011 42  51
0.0595661 32  42
0.0595339 41  70
0.059511 50  70
0.0593535 24  29
0.0593245 2  49
0.0593235 33  35
0.0593215 40  65
0.0592576 64  68
0.0591727 51  58
0.0583665 12  58
0.058023 10  48
0.0579853 56  67
0.0578893 10  62
0.0575339 6  33
0.0573542 11  47
0.0573131 7  48
0.0572973 37  62
0.0571622 22  23
0.0569222 21  35
0.0565002 35  64
0.0563814 44  69
0.0562113 9  62
0.0560386 8  65
0.0560382 14  56
0.0558713 23  26
0.0555424 8  70
0.0552014 60  65
0.0550497 41  66
0.0547136 47  52
0.0543463 30  56
0.0543087 15  22
0.0536031 26  38
0.0527865 0  70
0.052699 32  69
0.0524375 3  28
0.0522057 22  57
0.0520952 11  60
0.0514704 15  42
0.051322 32  50
0.0511341 0  4
0.0510567 2  18
0.05102 19  35
0.0509976 11  31
0.0509604 35  49
0.0508887 16  22
0.0504705 21  57
0.0503755 6  36
0.050087 25  59
0.0500333 23  31
0.0498272 7  62
0.0497757 51  62
0.0494763 20  67
0.0490971 38  64
0.0490634 11  44
0.0490573 1  12
0.0488985 46  54
0.0488395 27  70
0.0482996 55  65
0.0482336 3  20
0.0481138 24  34
0.0478581 0  23
0.0477475 45  70
0.0476861 68  69
0.04761 6  63
0.0475473 17  56
0.0469267 35  69
0.04691 4  47
0.0468471 38  61
0.046619 33  48
0.0464179 4  67
0.0462776 49  55
0.0462766 11  40
0.0462096 20  27
0.0461847 60  68
0.0459288 0  3
0.0457282 46  69
0.0455951 52  57
0.0454208 29  42
0.0453547 0  44
0.0453419 46  67
0.0452591 31  67
0.0452277 19  27
0.0449362 44  64
0.0446666 4  40
0.044432 13  65
0.0442632 42  56
0.0440182 0  12
0.043944 12  40
0.0436507 52  64
0.0434282 29  59
0.0434191 6  32
0.0432597 40  61
0.0431282 41  45
0.0423534 45  62
0.0422462 64  66
0.0420696 35  36
0.0420208 46  56
0.041843 12  46
0.0415942 10  35
0.0413005 22  35
0.0412149 2  69
0.0410614 22  26
0.0407251 8  69
0.040698 2  58
0.0406406 30  53
0.0406309 8  25
0.040511 35  62
0.0404466 30  54
0.0401934 14  51
0.0401251 0  14
0.0399934 19  57
0.0399809 35  39
0.0398167 31  54
0.0393555 36  62
0.0392885 1  42
0.0388068 52  54
0.038727 16  17
0.0387048 6  47
0.0386578 14  58
0.0385514 7  35
0.0384134 9  35
0.0380088 15  18
0.0379969 5  43
0.0379327 11  19
0.0378772 13  30
0.0378452 26  40
0.0378079 12  15
0.0377329 8  45
0.0375004 35  37
0.0373008 2  60
0.0372419 5  45
0.0372075 27  47
0.0369397 3  49
0.0368781 18  59
0.0367894 6  62
0.0362571 12  59
0.0361725 24  31
0.036155 0  47
0.0360844 6  53
0.0356874 13  19
0.0355006 0  41
0.0352886 52  70
0.0349707 45  50
0.0347694 57  59
0.0347019 31  47
0.0345165 26  44
0.034093 54  67
0.0338542 11  30
0.0337984 35  40
0.0337208 24  54
0.033719 8  35
0.0336734 5  50
0.0335666 5  70
0.0334138 41  42
0.033328 47  64
0.0330547 22  30
0.0330365 38  50
0.0329882 6  25
0.0329732 4  45
0.0326578 5  21
0.0326325 56  59
0.0326112 1  51
0.0326079 46  65
0.0321935 24  51
0.0317975 35  44
0.0317005 5  6
0.0316966 3  26
0.0315293 24  25
0.0313717 43  54
0.0312365 15  53
0.0309739 24  33
0.0309189 5  20
0.0308047 20  29
0.0307357 34  64
0.0307288 44  65
0.0303576 11  36
0.0302825 0  50
0.0301457 10  24
0.0299232 31  63
0.0297137 34  48
0.0295513 14  35
0.0293097 5  61
0.0291591 16  23
0.0290695 17  51
0.0289274 65  69
0.0289107 43  66
0.0288915 27  46
0.0288476 8  47
0.0287201 28  69
0.0284945 30  69
0.0283117 16  69
0.028309 5  44
0.0282507 50  53
0.0281378 25  35
0.0280604 31  43
0.0280368 13  46
0.0280299 46  49
0.0280285 51  57
0.0278393 0  45
0.0278255 35  63
0.0274818 4  43
0.0272647 0  15
0.0271683 51  56
0.0268968 28  57
0.0268116 16  52
0.0267693 63  64
0.0264855 9  11
0.0264045 49  58
0.026137 15  28
0.0260694 44  68
0.0259879 6  68
0.0259114 2  54
0.0258114 0  13
0.0257874 0  22
0.0250885 5  68
0.0250521 33  60
0.0250413 4  70
0.0247947 4  59
0.0247543 18  24
0.0247352 6  60
0.0245936 55  64
0.024406 27  41
0.0243696 3  32
0.024171 36  48
0.024095 64  70
0.0240185 24  37
0.0237976 4  55
0.0237364 51  70
0.0237313 3  66
0.0236984 35  57
0.0236171 18  48
0.0235598 15  64
0.0233316 60  62
0.0233146 51  52
0.0232964 14  15
0.0232072 18  25
0.0231638 20  57
0.0229568 8  66
0.0227138 46  58
0.0223912 1  27
0.0222929 21  51
0.0220002 1  45
0.0213576 24  36
0.0210875 17  28
0.02102 1  35
0.0206264 32  60
0.020126 11  33
0.0197034 31  70
0.019601 31  37
0.0194513 15  16
0.0193182 2  41
0.0191752 24  40
0.0191572 46  59
0.0188751 27  59
0.0188372 57  60
0.0187316 1  47
0.0186961 35  61
0.0184795 14  23
0.0184466 50  69
0.0184177 8  11
0.0182314 20  58
0.0181117 1  31
0.0176978 45  58
0.0174303 8  56
0.0173908 48  63
0.0172401 22  28
0.0172058 31  51
0.0170797 33  64
0.0167952 10  11
0.0167739 4  62
0.0166325 8  40
0.0165616 55  57
0.0164091 26  68
0.0163007 1  22
0.0162566 8  54
0.0161988 19  30
0.0161639 25  28
0.0161273 20  49
0.0158936 20  28
0.0156347 25  62
0.0153515 7  24
0.0150863 42  53
0.0148675 16  68
0.0147976 0  27
0.0146597 20  23
0.0145706 23  55
0.0143981 1  11
0.0143652 1  15
0.0142504 2  11
0.0142479 17  68
0.0142389 22  46
0.0141697 24  27
0.0138066 25  51
0.0138016 43  45
0.0136857 4  38
0.0135343 14  18
0.0133059 1  20
0.0130109 20  66
0.0129497 11  25
0.0127461 8  44
0.0123572 19  22
0.012013 29  69
0.0118147 29  49
0.0118132 5  40
0.0117077 11  58
0.0117071 2  14
0.0115926 46  63
0.0111925 50  61
0.0108229 12  42
0.0106699 3  55
0.0106449 0  62
0.0106053 39  46
0.0105801 36  46
0.0104419 0  56
0.0103937 3  53
0.0101322 13  51
0.00979258 15  49
0.0096462 49  54
0.00962893 23  27
0.00958248 26  39
0.00955826 43  47
0.00946116 47  65
0.0092046 6  11
0.00918583 18  32
0.00907488 22  69
0.00897992 43  49
0.00897198 20  31
0.00883067 22  31
0.00828744 42  60
0.0080376 6  44
0.00792356 1  30
0.00780529 50  68
0.00774919 35  47
0.00768007 27  65
0.00762635 35  68
0.00752246 39  64
0.00751564 11  46
0.00748428 7  11
0.00746744 62  70
0.00730972 18  33
0.00730556 6  67
0.00723788 26  63
0.00701204 23  49
0.00690141 32  61
0.00677198 57  69
0.00659498 18  34
0.00653165 16  54
0.00628681 23  50
0.00609571 11  65
0.00602475 7  64
0.00563285 26  64
0.00559715 5  16
0.00549604 24  30
0.00545943 30  58
0.00510006 21  64
0.00507665 13  54
0.00505078 5  46
0.00498326 26  70
0.00488615 54  62
0.00486542 60  63
0.00481916 43  59
0.00472554 1  4
0.00462435 17  37
0.00450005 7  17
0.0044884 20  65
0.00440729 11  39
0.00429353 18  64
0.0041332 38  68
0.0041271 16  41
0.00407213 9  26
0.00403 6  21
0.00397021 10  31
0.00393534 45  65
0.00366295 65  68
0.00360548 2  35
0.00357038 11  37
0.00351914 8  21
0.00349706 37  64
0.00340806 12  54
0.00321164 9  31
0.00310011 44  49
0.00305621 10  60
0.00299558 9  60
0.00290095 46  68
0.00264359 20  62
0.00237551 9  24
0.00231212 32  46
0.00229773 19  46
0.00224631 23  53
0.00212205 1  28
0.00210123 1  41
0.00188808 16  32
0.00170938 47  66
0.00160989 31  69
0.00160931 24  63
0.00125183 50  67
0.00119789 18  39
0.00080823 4  23
0.000740283 23  69
0.000635601 0  8
0.000508087 10  64
0.000436086 34  46
0.000422775 13  44
0.000353362 63  66
0.000134008 26  67
8.71943e-05 13  68
-3.00024e-05 20  22
-0.000133255 13  26
-0.000158152 44  60
-0.000437147 1  3
-0.000501135 21  62
-0.00052575 10  17
-0.000572627 22  61
-0.000576003 11  38
-0.000585868 6  40
-0.000693795 9  18
-0.000929193 11  23
-0.00112721 17  22
-0.00119281 31  33
-0.00127696 15  69
-0.00137228 13  23
-0.00141569 25  32
-0.00141792 20  35
-0.00143041 9  17
-0.00143728 23  54
-0.00158254 7  60
-0.00158255 3  18
-0.00175323 28  56
-0.00175673 17  39
-0.00182356 24  39
-0.00183496 31  39
-0.0019837 31  57
-0.00201359 15  38
-0.00204267 21  23
-0.00226876 46  66
-0.00249741 16  61
-0.00251683 34  59
-0.00253311 58  61
-0.00274768 21  67
-0.00285857 26  66
-0.00306167 11  59
-0.00308869 13  53
-0.003198 9  64
-0.00334019 50  57
-0.00368009 28  59
-0.0038453 49  64
-0.00390948 0  49
-0.00403438 42  46
-0.00426123 44  51
-0.00431242 45  66
-0.00452221 36  64
-0.00455102 5  47
-0.00499352 47  62
-0.00541647 41  50
-0.0055594 0  32
-0.00561484 2  21
-0.00566484 11  67
-0.00578189 7  31
-0.00598434 48  61
-0.00601212 6  14
-0.00609362 20  42
-0.00634128 5  28
-0.00634997 34  60
-0.00647656 18  36
-0.00657792 29  64
-0.00667997 27  58
-0.00692361 21  65
-0.00697478 23  41
-0.00704756 17  33
-0.00717325 39  60
-0.00718753 26  52
-0.00731622 29  68
-0.00739888 4  8
-0.00782124 17  63
-0.00785637 11  34
-0.00796227 22  66
-0.00799125 31  66
-0.00812717 18  68
-0.0082068 23  28
-0.00825062 12  25
-0.00826415 31  40
-0.00831639 8  20
-0.00888201 33  52
-0.00897281 8  43
-0.00901914 46  61
-0.00903909 1  58
-0.00905297 41  58
-0.0091597 23  43
-0.00922454 27  64
-0.00933458 11  63
-0.0093978 4  28
-0.00956005 26  45
-0.00956075 23  62
-0.00979511 7  26
-0.00981945 40  46
-0.00994145 1  57
-0.0100437 2  59
-0.0103038 40  59
-0.0103078 22  47
-0.0106871 41  69
-0.0111072 29  65
-0.0112048 5  34
-0.0114279 37  60
-0.0114395 0  67
-0.0116495 28  54
-0.0117493 1  52
-0.0118932 16  70
-0.0120556 23  52
-0.0121816 21  25
-0.0123314 0  52
-0.0125214 21  29
-0.0126123 4  63
-0.0126604 11  62
-0.0126889 5  13
-0.0127335 22  56
-0.0127997 54  60
-0.0130594 38  70
-0.0131101 30  44
-0.0131148 16  50
-0.0133102 15  54
-0.0135253 26  29
-0.0136878 35  53
-0.0140329 12  14
-0.0141198 29  51
-0.0141664 25  60
-0.0143579 38  66
-0.0145325 3  21
-0.0145645 59  63
-0.0151871 17  23
-0.0152323 32  66
-0.0152799 52  63
-0.0153086 31  56
-0.0153241 6  27
-0.0153695 2  57
-0.015532 11  16
-0.0155629 40  62
-0.0156887 31  36
-0.0160181 19  42
-0.0160786 5  55
-0.0161211 25  64
-0.0162216 26  37
-0.0165949 7  18
-0.0169352 43  61
-0.0169437 58  69
-0.0171456 0  51
-0.0171576 10  46
-0.0172389 8  51
-0.0173125 43  46
-0.0173258 0  68
-0.0175826 1  24
-0.0176347 14  59
-0.0177025 28  66
-0.0179153 0  55
-0.0180466 0  53
-0.0181893 26  61
-0.0182563 24  49
-0.0184422 17  29
-0.0187798 3  52
-0.0188182 10  18
-0.0189043 1  33
-0.0189345 34  52
-0.0192343 28  36
-0.0193823 16  49
-0.0195079 35  50
-0.019694 17  36
-0.0197142 17  34
-0.0197649 0  60
-0.0197955 18  29
-0.0198314 27  54
-0.019991 5  25
-0.0200068 36  43
-0.0200229 56  62
-0.0202056 25  69
-0.0202204 11  20
-0.0202532 15  47
-0.0202593 8  23
-0.0204228 53  65
-0.0205975 18  37
-0.0206996 36  60
-0.0208105 10  26
-0.0208734 6  35
-0.0210407 4  22
-0.0210648 15  32
-0.0211011 2  16
-0.0212604 27  35
-0.0213413 38  52
-0.0213815 21  49
-0.0214817 41  43
-0.0214902 19  24
-0.0217191 2  50
-0.0218226 52  65
-0.0218638 2  47
-0.021927 29  47
-0.0219886 0  19
-0.0221219 43  58
-0.0222233 32  56
-0.0223463 22  38
-0.022474 51  55
-0.0224989 38  44
-0.0226376 14  60
-0.022692 25  52
-0.0227296 0  38
-0.0228138 60  66
-0.0230575 12  23
-0.0231428 32  52
-0.023366 16  40
-0.0233905 15  52
-0.0236134 0  29
-0.0237757 25  27
-0.0237912 45  47
-0.0238781 16  18
-0.0239847 8  60
-0.0240865 26  69
-0.0241089 25  41
-0.024112 26  50
-0.0241679 31  46
-0.0248588 23  46
-0.0249512 45  61
-0.0250583 54  68
-0.025223 28  49
-0.0254325 20  43
-0.0256993 33  46
-0.0260484 19  43
-0.0260485 50  59
-0.0262746 21  61
-0.0265638 15  65
-0.0267954 12  66
-0.0268264 42  59
-0.0268914 56  70
-0.0270034 27  30
-0.0272612 51  68
-0.0273424 14  42
-0.0274088 25  70
-0.0276829 6  61
-0.02799 3  35
-0.0279969 14  44
-0.0280897 4  6
-0.0281002 40  58
-0.0281361 0  25
-0.0281916 36  52
-0.0282327 45  56
-0.0284332 1  19
-0.0286674 16  31
-0.0288257 24  69
-0.0288698 13  69
-0.0288784 21  59
-0.028903 35  65
-0.0289443 5  52
-0.0289689 13  64
-0.0290532 56  66
-0.029113 33  49
-0.0292316 34  51
-0.0292347 2  38
-0.0292892 14  20
-0.0294351 24  57
-0.0294998 35  46
-0.0295107 51  54
-0.0295703 15  20
-0.0296188 30  48
-0.0296837 31  45
-0.0300281 10  49
-0.0302453 5  36
-0.0304166 39  57
-0.0305044 52  55
-0.0305265 31  55
-0.0305336 49  66
-0.0305957 16  56
-0.0306722 27  40
-0.0307021 47  51
-0.0307421 26  36
-0.0311141 20  25
-0.0315297 31  49
-0.031601 1  48
-0.0316104 24  52
-0.0316989 30  60
-0.0319549 11  56
-0.0319925 61  62
-0.0320945 1  21
-0.032393 59  69
-0.0324687 23  47
-0.032734 19  36
-0.0327562 21  31
-0.0328748 58  70
-0.0330899 13  22
-0.033134 38  59
-0.0331606 30  70
-0.033331 59  70
-0.0335049 31  64
-0.033542 24  41
-0.0339668 46  47
-0.0341151 24  59
-0.0342426 9  46
-0.034281 3  31
-0.0344134 47  54
-0.0345089 29  35
-0.0346522 15  59
-0.0346948 28  41
-0.0347895 41  46
-0.0350147 3  60
-0.0350418 11  68
-0.0350475 16  45
-0.035066 37  46
-0.0351237 21  47
-0.0353342 5  15
-0.0353979 11  66
-0.035406 13  27
-0.035459 39  49
-0.0355402 38  45
-0.0357757 7  46
-0.0359921 1  32
-0.036013 7  49
-0.0362059 14  55
-0.0362986 4  9
-0.0363459 2  52
-0.0364497 23  45
-0.0364562 18  66
-0.0364599 21  33
-0.0364977 23  65
-0.0365765 11  21
-0.0365904 66  69
-0.0367381 17  47
-0.0368574 6  29
-0.0369909 38  48
-0.0369967 47  60
-0.0370388 54  55
-0.0372223 4  7
-0.0372593 43  65
-0.0372681 49  70
-0.0373747 38  57
-0.0374967 2  42
-0.0376636 27  60
-0.0377938 31  44
-0.037881 44  67
-0.0379061 28  65
-0.0379535 40  64
-0.0379663 14  54
-0.0380208 23  34
-0.0380878 15  55
-0.0382118 40  67
-0.0383978 43  62
-0.038586 9  19
-0.0388423 26  41
-0.0389841 19  39
-0.0390127 31  53
-0.039132 46  52
-0.0391486 49  63
-0.0394329 22  68
-0.0394653 2  56
-0.0395091 30  52
-0.039587 34  49
-0.0397256 6  15
-0.0398289 4  10
-0.0399707 5  26
-0.0401157 13  52
-0.0402201 19  37
-0.0402317 28  51
-0.0402624 31  38
-0.0402732 19  51
-0.0402977 18  45
-0.0403024 37  49
-0.0406346 59  61
-0.0407483 28  43
-0.0408048 4  25
-0.0408272 32  51
-0.0408737 9  49
-0.0409407 8  52
-0.0409933 49  67
-0.0412038 22  55
-0.0413453 12  45
-0.0414694 38  65
-0.0416723 41  55
-0.041739 21  63
-0.0418269 5  9
-0.0421279 15  21
-0.0422553 49  52
-0.0422566 40  45
-0.0423029 19  59
-0.0425381 9  53
-0.0428978 16  59
-0.0432342 58  65
-0.0433502 31  34
-0.0433755 25  42
-0.0436188 11  43
-0.0438915 22  63
-0.0438926 4  39
-0.0439729 23  58
-0.0440931 0  5
-0.0441865 9  55
-0.0442947 36  49
-0.0443887 39  53
-0.0446311 25  48
-0.0446715 25  53
-0.0447036 31  41
-0.0447926 32  34
-0.0448075 0  63
-0.044834 21  39
-0.0448865 37  57
-0.0449109 26  35
-0.0450273 19  60
-0.0450642 27  49
-0.0451752 4  34
-0.0452199 7  55
-0.0453346 6  12
-0.0453723 21  43
-0.0454025 5  10
-0.0454424 52  62
-0.0454582 23  38
-0.0455484 7  19
-0.0457549 50  66
-0.0457723 47  56
-0.045788 39  55
-0.0458394 16  38
-0.0459106 23  67
-0.0459328 28  46
-0.0460244 16  60
-0.0462136 9  57
-0.046236 15  25
-0.0462371 0  37
-0.0462717 4  33
-0.0463649 10  57
-0.0464525 16  65
-0.0466385 7  52
-0.0467746 17  24
-0.0468891 22  49
-0.0469674 4  37
-0.0471528 21  37
-0.0471685 7  57
-0.0473113 18  22
-0.0474464 2  65
-0.0476865 33  57
-0.0479175 10  19
-0.0479217 20  47
-0.0481233 15  60
-0.0481819 37  53
-0.0481986 52  69
-0.0484412 1  46
-0.0486025 9  50
-0.0487397 8  24
-0.0487761 0  24
-0.0487777 11  50
-0.0487827 43  70
-0.0489459 5  57
-0.0490387 36  65
-0.0491668 5  24
-0.0492468 23  57
-0.0492483 7  53
-0.0494111 2  5
-0.0494115 21  58
-0.0495912 45  69
-0.0498665 5  7
-0.0498674 25  56
-0.0499382 35  41
-0.0499858 43  44
-0.0499975 57  62
-0.050255 29  52
-0.050272 23  25
-0.0503303 13  58
-0.05046 3  42
-0.050663 19  33
-0.0507214 19  45
-0.0508241 19  69
-0.0508751 5  11
-0.0509123 35  54
-0.0509137 0  9
-0.0509401 10  53
-0.0510938 3  19
-0.0511526 13  36
-0.0512274 44  66
-0.0512393 5  35
-0.0513261 4  56
-0.0513818 16  64
-0.0514375 37  55
-0.0516034 43  53
-0.0516677 40  48
-0.0518047 7  50
-0.0518588 37  52
-0.0518605 12  24
-0.0520135 21  36
-0.052035 16  30
-0.05216 1  7
-0.0522109 36  50
-0.0522879 21  66
-0.0525187 55  63
-0.052601 13  34
-0.0527039 40  52
-0.0527328 0  18
-0.0527471 42  43
-0.0529073 33  55
-0.0529233 11  69
-0.0529541 21  38
-0.0529624 26  27
-0.05307 23  44
-0.0530988 4  54
-0.0531897 2  43
-0.0532666 23  24
-0.0532789 10  21
-0.0535386 50  62
-0.0535555 6  49
-0.0536473 7  66
-0.0539995 1  37
-0.0542241 16  47
-0.054282 11  51
-0.0542849 31  60
-0.0544632 34  41
-0.0545068 36  57
-0.0545257 13  33
-0.0547175 47  50
-0.0547906 35  60
-0.0548217 26  33
-0.0548584 1  36
-0.0548585 1  60
-0.0550464 21  40
-0.0552116 9  21
-0.0555114 1  34
-0.0555759 23  63
-0.0557978 7  21
-0.0558005 40  44
-0.0558433 33  66
-0.0559169 31  52
-0.0559521 30  45
-0.0560267 38  51
-0.0560814 5  63
-0.0561113 45  59
-0.0561295 8  29
-0.0561369 15  57
-0.0561746 10  55
-0.0562203 34  65
-0.0563027 18  50
-0.0563313 37  69
-0.056394 63  70
-0.0565999 0  20
-0.0566292 20  59
-0.0566896 19  34
-0.0567634 29  70
-0.0569029 14  63
-0.0569047 9  67
-0.0569828 39  52
-0.0569832 24  35
-0.0570656 37  66
-0.0571173 52  58
-0.0571174 15  51
-0.0571306 13  45
-0.0572323 13  16
-0.0572937 19  62
-0.0573007 13  63
-0.0573029 23  36
-0.057306 1  39
-0.057326 50  54
-0.0573545 26  34
-0.0573734 2  51
-0.0574296 20  37
-0.0574909 0  39
-0.0575026 11  55
-0.0576498 25  29
-0.0577282 22  36
-0.057786 22  32
-0.0578309 28  70
-0.057843 14  27
-0.0578511 21  34
-0.0579984 0  17
-0.0580336 20  63
-0.0581277 23  56
-0.0581386 21  42
-0.0583098 13  50
-0.0583324 10  13
-0.0584328 40  43
-0.0585544 6  23
-0.0585607 20  39
-0.0586795 9  66
-0.0587568 24  70
-0.0589864 15  40
-0.0590187 6  56
-0.0590238 34  55
-0.0590618 67  69
-0.0591532 5  69
-0.059279 39  50
-0.0594982 1  50
-0.0595178 36  53
-0.05955 27  66
-0.059554 10  66
-0.0595833 14  52
-0.0595873 46  64
-0.0596969 47  48
-0.0597027 9  52
-0.0599133 10  50
-0.0599167 1  63
-0.0599488 12  22
-0.0599849 27  57
-0.0601477 25  66
-0.0603184 2  26
-0.0604538 28  68
-0.0605003 3  17
-0.0605746 23  30
-0.0606196 5  38
-0.0607031 33  53
-0.0607664 36  55
-0.0608597 47  53
-0.0608804 42  45
-0.0609152 13  37
-0.0609224 46  51
-0.0609367 8  31
-0.060964 35  52
-0.0609809 42  49
-0.0609903 25  54
-0.0610049 1  40
-0.061047 4  36
-0.0610572 51  63
-0.0611884 18  47
-0.0612264 39  69
-0.0614815 10  69
-0.0615316 38  69
-0.0615784 7  13
-0.0616992 22  53
-0.0617654 8  61
-0.0618026 10  52
-0.0618265 40  56
-0.0618553 35  51
-0.0618746 15  26
-0.0621364 22  67
-0.0621382 37  50
-0.0621919 16  55
-0.0622361 22  33
-0.0624014 25  50
-0.0625022 24  62
-0.0625797 13  38
-0.0626089 10  22
-0.0626144 33  51
-0.062791 20  34
-0.0630395 16  20
-0.063125 18  62
-0.0631545 47  55
-0.063199 28  53
-0.0632564 1  44
-0.0632723 14  39
-0.0632762 5  64
-0.0633637 34  53
-0.0633941 5  58
-0.0634278 18  63
-0.0634477 20  38
-0.0635436 0  40
-0.0635509 2  30
-0.0636045 19  28
-0.0636861 19  41
-0.063825 19  63
-0.0638909 0  10
-0.0640951 6  54
-0.0641121 7  67
-0.0641569 39  67
-0.0642524 14  64
-0.0642612 20  36
-0.0644795 6  55
-0.0646403 43  50
-0.0647077 7  14
-0.0647711 9  13
-0.0647866 5  33
-0.0648295 22  70
-0.0651731 22  37
-0.0653166 64  65
-0.0653756 12  49
-0.0653835 13  21
-0.0655446 30  65
-0.0656224 24  53
-0.0656545 8  50
-0.0656644 10  67
-0.0658653 13  20
-0.0660045 57  63
-0.066091 23  40
-0.0661629 6  51
-0.0663996 10  14
-0.0664331 13  39
-0.06668 27  67
-0.0667999 22  34
-0.0668146 1  56
-0.0668311 1  25
-0.0669604 17  25
-0.06699 0  7
-0.0671128 50  63
-0.0671712 22  25
-0.0675301 18  42
-0.0675328 41  51
-0.0675587 30  55
-0.0675879 7  22
-0.0678075 26  49
-0.0678105 13  25
-0.0678488 10  20
-0.0678519 12  20
-0.067902 4  16
-0.0681057 7  23
-0.0681498 37  70
-0.0682179 39  66
-0.0682241 38  67
-0.0682559 28  58
-0.0682649 22  59
-0.0683709 63  65
-0.0685012 14  53
-0.0685476 5  39
-0.0686841 43  60
-0.0686897 4  14
-0.0686937 10  59
-0.0687387 12  44
-0.0688969 47  49
-0.0690921 45  57
-0.069209 23  61
-0.069263 18  58
-0.0693328 4  21
-0.0693796 32  40
-0.0694811 24  68
-0.0694812 20  33
-0.0695283 49  68
-0.0695607 21  55
-0.0696056 26  47
-0.0696204 7  20
-0.0696247 0  66
-0.0696375 34  56
-0.0697228 32  38
-0.0697386 3  44
-0.069775 6  58
-0.069851 0  59
-0.0698776 25  55
-0.069907 27  51
-0.0699504 21  28
-0.0700954 14  33
-0.0701363 24  38
-0.0701821 5  37
-0.0702008 2  40
-0.0704683 3  40
-0.07052 17  70
-0.0706455 9  20
-0.0710335 52  66
-0.0711111 36  51
-0.071168 14  36
-0.0711829 28  38
-0.0712674 34  57
-0.0713263 2  28
-0.0715181 34  66
-0.0716379 2  13
-0.0716644 33  65
-0.0716843 14  37
-0.0717995 25  49
-0.0718498 3  12
-0.0720693 14  34
-0.0720965 0  33
-0.0721212 3  36
-0.0721466 59  68
-0.0721476 9  14
-0.072292 55  70
-0.0723283 5  59
-0.0724661 51  69
-0.0724912 9  69
-0.072569 4  48
-0.0726522 12  47
-0.0727487 2  8
-0.072899 10  28
-0.0730108 40  57
-0.0730237 1  65
-0.0731124 12  34
-0.0731253 4  27
-0.0732064 37  43
-0.0732242 10  23
-0.0733379 29  36
-0.0734112 15  56
-0.0734214 21  54
-0.0735666 3  13
-0.0736174 18  54
-0.0736319 14  70
-0.0736726 32  62
-0.0736727 57  65
-0.0737402 40  49
-0.0738155 13  24
-0.073962 38  58
-0.0740722 0  6
-0.0741003 9  59
-0.0742228 32  48
-0.0742853 55  60
-0.0743632 6  41
-0.0743949 18  35
-0.0743963 25  31
-0.0745133 1  10
-0.0745148 13  47
-0.0746274 22  39
-0.0747103 43  51
-0.0748156 1  18
-0.0748241 19  47
-0.074898 41  67
-0.0749282 36  44
-0.0749704 4  20
-0.0749892 38  43
-0.0750603 9  23
-0.0752571 7  12
-0.075329 1  8
-0.0753315 42  62
-0.0756342 16  25
-0.0757677 53  67
-0.0757877 11  24
-0.0759238 12  19
-0.0759685 43  48
-0.0759952 43  63
-0.0760171 2  25
-0.0762249 1  9
-0.0762801 11  54
-0.0763998 17  46
-0.0766346 59  65
-0.0767073 40  41
-0.0768176 31  62
-0.0768394 17  42
-0.0769428 7  59
-0.0769788 33  50
-0.077139 33  70
-0.0771877 33  59
-0.0773147 6  13
-0.0774412 29  62
-0.0775513 35  55
-0.0775776 43  55
-0.0777305 5  23
-0.0777619 6  31
-0.0777743 26  54
-0.0778951 29  53
-0.0779378 20  54
-0.0779478 10  51
-0.0780663 25  68
-0.0781648 7  70
-0.0783612 2  46
-0.0783664 53  59
-0.0784889 23  37
-0.0785093 16  21
-0.0785809 19  65
-0.0786046 53  63
-0.078648 4  19
-0.078685 56  69
-0.0787346 24  65
-0.0791256 28  35
-0.0792342 30  40
-0.079272 33  69
-0.0792868 1  5
-0.0793765 1  14
-0.0794091 55  66
-0.0794967 36  59
-0.0794971 7  51
-0.0796646 34  50
-0.0797635 18  69
-0.0798142 9  22
-0.0798712 20  40
-0.0798848 12  28
-0.0798925 19  25
-0.0798935 57  70
-0.0799571 26  48
-0.0800109 5  49
-0.0800841 25  65
-0.0802057 37  59
-0.0803165 40  69
-0.0803283 38  56
-0.0803501 20  61
-0.0803917 2  44
-0.0804741 33  42
-0.0805018 12  55
-0.0805343 13  40
-0.0805499 24  66
-0.0806001 45  60
-0.0806387 22  58
-0.0807033 11  22
-0.0810727 26  55
-0.081104 39  51
-0.0811836 18  44
-0.0814487 20  55
-0.0815168 1  17
-0.0816369 37  51
-0.081919 5  27
-0.0822599 36  66
-0.082435 12  38
-0.082453 44  63
-0.0824566 36  42
-0.0824892 0  36
-0.0824924 9  28
-0.0826637 5  67
-0.0827141 28  67
-0.0828229 27  42
-0.0829953 39  59
-0.0830912 14  31
-0.0832206 8  18
-0.0832623 16  36
-0.0832708 3  47
-0.0833743 17  40
-0.0835549 0  65
-0.0836369 7  65
-0.0836484 41  48
-0.0838383 9  65
-0.0838874 34  70
-0.0839846 63  69
-0.0840949 11  53
-0.0841051 10  12
-0.084266 33  67
-0.0845121 47  70
-0.084613 16  26
-0.0846794 31  58
-0.0847717 2  45
-0.0848626 26  51
-0.0851679 23  33
-0.0853013 29  38
-0.0853286 39  65
-0.0854232 30  47
-0.0855396 41  47
-0.0855412 17  45
-0.0855636 11  52
-0.0855905 9  51
-0.0856622 34  69
-0.0858564 10  70
-0.086114 23  39
-0.0861818 33  68
-0.0863493 62  67
-0.0863553 22  42
-0.0864288 47  57
-0.0865798 16  35
-0.0867334 0  21
-0.0869337 17  31
-0.0870775 2  62
-0.0872212 27  36
-0.0872767 51  65
-0.0873976 24  64
-0.0874465 19  44
-0.0876161 15  68
-0.0876547 22  40
-0.0877845 27  63
-0.0878099 49  59
-0.0880354 37  65
-0.088062 9  70
-0.0881769 7  68
-0.0882443 21  70
-0.0883323 17  35
-0.088487 35  59
-0.0886709 5  42
-0.088694 5  53
-0.0888135 18  67
-0.0889123 51  61
-0.0889379 14  67
-0.0892292 3  23
-0.0896699 42  65
-0.0897286 17  38
-0.0897488 10  65
-0.0897603 9  12
-0.0900602 1  38
-0.0902292 40  68
-0.0903422 54  57
-0.0903665 28  48
-0.0904304 8  42
-0.0904743 39  70
-0.090501 24  55
-0.0906484 12  33
-0.0906717 25  43
-0.0906943 47  59
-0.0907148 28  37
-0.0909556 4  26
-0.0909887 17  69
-0.0910342 21  41
-0.0910649 6  65
-0.0911906 20  32
-0.091321 29  56
-0.0913261 27  48
-0.0913914 13  18
-0.0913955 34  68
-0.0914139 12  53
-0.0914325 40  55
-0.0914467 2  33
-0.0915288 7  28
-0.0916329 15  70
-0.0916504 29  44
-0.0916842 29  63
-0.0917753 25  67
-0.0919126 19  61
-0.0920044 27  38
-0.0921603 40  70
-0.0924221 9  29
-0.0924536 23  59
-0.0924667 37  67
-0.092545 40  50
-0.0925665 18  40
-0.0926273 51  59
-0.0926376 15  31
-0.0926788 25  57
-0.0927199 58  62
-0.0930945 18  30
-0.09316 25  26
-0.0932873 35  43
-0.0933457 7  15
-0.0935339 3  51
-0.0937013 15  41
-0.0937774 27  32
-0.0939091 59  67
-0.0939699 38  55
-0.0941224 48  67
-0.0941325 12  62
-0.0945129 10  15
-0.0945456 27  34
-0.0945621 25  45
-0.0946378 47  69
-0.0946444 28  34
-0.0947821 2  36
-0.0949242 1  62
-0.0950862 0  42
-0.0951009 7  69
-0.0951362 16  58
-0.095147 29  34
-0.0951822 35  42
-0.0952036 24  58
-0.0954538 32  43
-0.0955596 18  20
-0.0955873 16  63
-0.0956675 43  67
-0.0957064 15  58
-0.0958412 2  23
-0.0958423 5  60
-0.0959438 29  50
-0.0959743 14  50
-0.0959999 29  31
-0.0962038 36  41
-0.0962376 14  47
-0.0962601 22  54
-0.0963986 13  66
-0.0965911 30  33
-0.0966281 54  63
-0.0967362 10  27
-0.0969095 8  32
-0.0969606 15  63
-0.0970254 16  27
-0.0970706 36  54
-0.097211 15  35
-0.0972389 29  54
-0.0972405 20  69
-0.0975223 12  63
-0.0975773 54  66
-0.0976045 38  46
-0.0977025 44  52
-0.0977533 9  68
-0.0977638 57  67
-0.0978472 1  66
-0.0978662 14  24
-0.0979561 3  25
-0.0983612 57  66
-0.0985406 18  41
-0.0986363 36  69
-0.0987362 15  36
-0.098772 1  29
-0.098773 37  68
-0.0988032 23  64
-0.0989243 38  42
-0.099002 0  34
-0.099064 7  43
-0.0990669 52  67
-0.0990744 56  60
-0.0991711 5  18
-0.0992091 12  50
-0.0992536 5  29
-0.0992781 53  66
-0.0993098 28  55
-0.0993162 30  63
-0.0994603 28  63
-0.0996572 16  67
-0.09977 6  22
-0.0998342 4  52
-0.0999195 27  33
-0.100126 33  41
-0.10021 21  53
-0.100267 35  56
-0.100336 10  41
-0.100374 10  29
-0.100643 44  47
-0.100731 32  47
-0.100829 2  29
-0.100885 28  33
-0.101024 4  46
-0.101217 52  68
-0.101284 20  60
-0.101547 24  60
-0.101566 26  32
-0.10158 42  57
-0.101586 8  19
-0.101639 14  65
-0.101685 26  56
-0.101689 4  58
-0.101854 15  34
-0.101866 44  46
-0.101882 26  57
-0.101972 18  38
-0.10211 38  49
-0.102179 19  54
-0.10221 12  36
-0.102254 40  53
-0.10234 6  24
-0.102475 3  34
-0.1025 3  11
-0.102667 6  43
-0.102868 15  39
-0.10287 31  59
-0.102913 9  15
-0.103149 18  21
-0.103392 3  16
-0.103397 2  34
-0.103414 28  47
-0.103533 36  67
-0.103648 24  61
-0.103747 2  37
-0.104604 10  42
-0.10462 20  70
-0.104653 28  39
-0.104669 15  37
-0.104712 14  25
-0.104932 9  41
-0.104939 2  63
-0.104996 0  58
-0.105239 34  43
-0.105337 22  65
-0.105404 34  44
-0.105592 10  68
-0.105913 2  15
-0.105957 34  54
-0.106267 7  45
-0.10631 63  68
-0.106377 7  27
-0.106492 27  55
-0.106649 5  12
-0.106699 7  42
-0.106855 39  68
-0.106953 4  35
-0.106975 34  42
-0.107059 29  48
-0.107099 53  61
-0.107171 32  65
-0.107176 65  67
-0.107223 26  31
-0.107358 9  42
-0.107423 36  70
-0.10769 16  44
-0.107911 12  56
-0.107936 2  39
-0.107983 27  37
-0.108025 9  27
-0.108153 35  70
-0.108386 34  67
-0.108649 12  39
-0.108731 12  27
-0.108937 29  41
-0.108945 30  36
-0.109043 49  60
-0.109044 49  65
-0.109161 19  40
-0.109253 44  53
-0.109427 15  33
-0.109434 10  45
-0.109499 20  41
-0.109604 37  41
-0.109613 8  57
-0.109627 8  12
-0.109943 45  63
-0.110042 16  33
-0.110103 42  47
-0.110153 46  48
-0.110171 19  67
-0.110233 15  50
-0.110631 25  44
-0.110636 1  59
-0.110848 14  21
-0.110964 14  69
-0.111441 7  41
-0.111726 58  66
-0.111805 54  59
-0.111897 26  62
-0.111912 54  65
-0.11216 18  46
-0.112202 56  64
-0.112264 5  51
-0.112314 4  42
-0.112345 42  63
-0.112453 3  33
-0.112509 25  58
-0.112514 4  24
-0.112607 3  63
-0.112616 2  7
-0.112764 47  67
-0.112778 16  34
-0.112809 4  13
-0.112838 60  70
-0.112884 3  22
-0.113067 63  67
-0.11325 32  63
-0.113269 3  39
-0.113361 14  41
-0.113385 47  68
-0.11343 19  38
-0.11352 39  43
-0.113553 5  14
-0.113575 40  54
-0.11369 41  56
-0.113749 26  28
-0.113779 3  10
-0.113954 9  30
-0.114137 7  29
-0.114166 12  31
-0.114269 14  43
-0.114281 27  39
-0.114318 33  43
-0.114425 32  33
-0.114485 11  35
-0.114496 19  29
-0.114678 10  54
-0.114748 20  53
-0.114751 37  45
-0.114913 20  68
-0.114949 25  30
-0.11499 14  66
-0.115225 22  27
-0.115286 19  26
-0.115289 15  17
-0.115435 44  50
-0.1155 33  54
-0.115613 44  59
-0.115628 18  60
-0.115645 29  33
-0.115647 3  7
-0.115966 8  26
-0.116048 51  66
-0.116087 30  39
-0.116214 38  41
-0.116337 29  61
-0.116343 12  37
-0.116785 52  60
-0.116996 41  63
-0.117109 21  60
-0.117387 14  57
-0.117459 36  45
-0.117628 34  45
-0.117635 6  70
-0.117773 28  50
-0.117832 10  44
-0.117879 9  43
-0.118187 32  36
-0.1185 39  41
-0.118529 17  41
-0.118658 13  28
-0.118685 2  10
-0.11872 36  56
-0.118888 32  49
-0.119145 2  9
-0.119269 6  46
-0.119272 21  45
-0.119593 7  54
-0.119689 41  57
-0.119702 18  65
-0.119863 39  45
-0.12027 27  31
-0.120692 1  16
-0.120777 7  16
-0.120861 29  40
-0.120886 18  57
-0.120959 42  52
-0.120976 10  30
-0.121021 3  9
-0.121135 29  67
-0.121177 15  44
-0.121275 29  45
-0.1215 10  43
-0.121518 37  54
-0.121901 19  58
-0.121903 29  37
-0.121922 4  57
-0.122243 48  59
-0.122674 3  38
-0.123074 51  60
-0.123127 39  54
-0.123141 32  55
-0.123226 1  43
-0.123406 15  61
-0.123671 16  37
-0.123721 11  64
-0.123976 12  52
-0.12417 37  44
-0.12433 2  53
-0.124551 4  11
-0.124618 31  48
-0.124722 53  68
-0.124739 38  53
-0.124838 36  58
-0.12493 56  63
-0.124939 58  63
-0.124979 14  38
-0.125038 30  37
-0.125146 53  62
-0.125463 3  30
-0.125492 48  65
-0.125854 49  61
-0.126222 17  26
-0.126345 30  35
-0.126428 21  32
-0.126473 47  58
-0.126618 57  68
-0.126989 14  40
-0.126994 3  37
-0.127124 10  16
-0.12742 48  70
-0.127484 6  17
-0.127742 49  56
-0.127792 36  68
-0.127849 11  28
-0.127942 9  45
-0.128313 48  62
-0.128347 29  39
-0.128541 61  70
-0.128586 7  44
-0.128867 28  64
-0.128956 6  20
-0.12896 4  44
-0.129051 12  18
-0.129073 9  44
-0.129203 9  54
-0.129246 17  58
-0.129333 11  41
-0.129819 2  12
-0.130347 27  45
-0.130486 37  58
-0.130549 33  45
-0.130809 2  20
-0.13104 15  24
-0.131097 7  32
-0.131427 48  54
-0.131701 32  53
-0.131778 32  37
-0.131829 12  29
-0.131924 11  45
-0.131952 12  68
-0.132575 44  61
-0.132654 7  30
-0.132917 61  66
-0.133157 7  56
-0.133377 6  26
-0.133473 28  60
-0.133569 3  27
-0.133692 62  68
-0.134148 24  56
-0.134383 9  16
-0.134442 21  56
-0.134671 33  44
-0.134672 21  30
-0.134673 60  69
-0.135011 50  64
-0.135149 18  56
-0.135205 39  58
-0.135256 10  32
-0.135355 16  66
-0.13541 45  49
-0.135522 53  60
-0.135598 16  39
-0.135964 12  57
-0.136173 8  46
-0.13627 28  42
-0.136363 39  44
-0.136589 29  60
-0.136818 14  22
-0.137012 5  48
-0.13722 38  54
-0.137232 57  58
-0.137251 30  57
-0.13732 32  39
-0.137755 6  19
-0.137817 2  27
-0.137912 37  42
-0.13832 42  66
-0.138407 16  24
-0.138517 28  52
-0.139309 48  60
-0.139352 13  41
-0.139412 6  48
-0.139495 53  56
-0.139589 53  64
-0.13967 33  56
-0.140137 30  38
-0.140234 39  42
-0.140484 15  67
-0.141036 24  28
-0.141121 4  61
-0.141184 7  58
-0.141201 2  17
-0.141215 17  32
-0.141309 9  58
-0.141324 37  56
-0.141332 41  52
-0.141397 5  30
-0.141422 4  51
-0.141714 18  28
-0.141848 8  48
-0.141872 5  32
-0.141889 2  32
-0.141973 13  59
-0.142935 46  62
-0.142972 30  34
-0.142998 39  56
-0.14317 9  32
-0.143489 4  49
-0.143753 52  59
-0.143794 6  50
-0.143815 30  50
-0.144114 50  56
-0.144222 34  58
-0.144753 9  56
-0.144845 22  44
-0.145239 5  22
-0.145624 12  61
-0.145702 35  48
-0.145848 3  59
-0.145955 1  61
-0.146214 4  69
-0.146433 45  68
-0.1468 5  54
-0.14686 27  44
-0.147264 11  70
-0.147297 30  66
-0.147592 24  46
-0.147694 41  44
-0.1479 1  6
-0.148243 57  61
-0.148823 35  58
-0.148907 10  58
-0.14931 11  48
-0.149334 15  46
-0.149502 11  29
-0.149682 41  53
-0.15005 17  61
-0.15009 21  68
-0.15044 51  64
-0.150546 19  70
-0.151065 17  67
-0.151078 12  17
-0.151124 0  64
-0.151129 16  46
-0.151387 29  46
-0.151616 0  26
-0.151763 21  69
-0.152239 14  32
-0.152718 8  53
-0.152747 8  68
-0.152943 15  19
-0.153246 10  56
-0.15327 8  58
-0.153564 41  49
-0.153617 33  58
-0.154181 12  43
-0.154728 18  31
-0.154738 27  56
-0.155328 13  61
-0.155398 4  50
-0.155841 48  58
-0.15624 11  17
-0.156457 31  61
-0.156557 24  45
-0.157139 20  56
-0.157183 8  13
-0.15778 35  66
-0.157942 13  62
-0.158203 61  64
-0.158238 4  53
-0.158697 18  49
-0.158773 11  15
-0.159682 58  64
-0.160447 6  18
-0.16097 5  19
-0.161306 4  17
-0.161457 13  29
-0.162415 12  65
-0.162462 55  61
-0.16319 48  66
-0.163211 4  32
-0.163815 20  64
-0.164195 11  57
-0.164596 11  26
-0.164604 28  45
-0.164814 19  66
-0.165265 49  62
-0.165555 54  64
-0.165809 30  67
-0.166205 17  60
-0.166827 41  64
-0.16683 3  46
-0.166981 3  14
-0.167345 17  66
-0.167482 18  43
-0.167494 16  42
-0.167639 12  21
-0.167746 44  48
-0.167921 55  59
-0.170774 26  60
-0.171049 8  49
-0.171094 2  19
-0.171274 42  50
-0.171291 41  54
-0.171538 54  61
-0.173326 16  53
-0.173919 5  17
-0.174054 45  64
-0.174474 45  48
-0.175436 15  48
-0.175658 43  68
-0.176149 14  26
-0.176633 56  61
-0.177918 4  18
-0.178073 26  30
-0.178181 6  28
-0.178812 6  57
-0.178862 0  48
-0.179878 55  62
-0.180928 31  68
-0.181709 13  15
-0.181712 14  46
-0.182282 27  69
-0.182761 24  43
-0.182802 8  17
-0.183805 42  48
-0.183934 17  59
-0.184089 17  62
-0.185617 32  57
-0.185927 27  68
-0.186319 20  30
-0.186324 8  55
-0.186889 24  42
-0.187018 30  46
-0.187496 8  67
-0.18931 17  65
-0.189378 26  65
-0.190445 6  16
-0.191562 30  62
-0.191581 24  32
-0.19258 3  62
-0.192932 3  29
-0.193045 5  56
-0.193116 17  64
-0.193542 60  67
-0.194522 48  68
-0.194681 1  26
-0.194898 42  67
-0.196372 17  54
-0.199206 3  48
-0.200841 30  43
-0.201335 3  8
-0.201762 32  68
-0.202276 42  64
-0.20478 29  58
-0.206883 43  64
-0.207032 6  42
-0.207454 57  64
-0.207712 8  30
-0.208546 20  45
-0.209132 19  64
-0.213227 14  61
-0.215465 29  32
-0.2163 30  61
-0.219374 8  14
-0.221327 4  30
-0.222152 3  15
-0.222192 14  62
-0.223228 12  64
-0.226051 2  48
-0.227424 12  48
-0.231875 56  65
-0.232887 6  45
-0.236851 19  68
-0.240912 26  43
-0.241448 48  64
-0.247839 17  44
-0.247869 3  61
-0.284019 48  69
