2.78 19  30
2.77972 22  27
1.71602 20  29
1.68276 12  37
1.52897 17  32
1.5113 49  72
1.45929 18  31
1.42215 21  29
1.33926 13  36
1.25905 15  34
1.24822 17  33
1.07685 4  5
1.03223 21  28
0.999449 5  6
0.882726 24  25
0.85752 20  31
0.845824 50  51
0.807347 46  77
0.806754 8  9
0.729612 42  80
0.714237 10  11
0.693911 9  10
0.693343 52  53
0.659264 18  32
0.629414 5  9
0.55906 34  35
0.549211 52  62
0.522363 45  78
0.498535 87  88
0.495467 24  52
0.487769 29  30
0.486521 22  28
0.468639 15  16
0.465504 43  79
0.460163 20  21
0.459781 78  79
0.452018 39  40
0.450573 24  37
0.446722 51  62
0.444992 81  82
0.444919 56  66
0.440786 38  40
0.437625 86  87
0.436001 6  10
0.433674 11  39
0.428035 45  79
0.423808 24  62
0.414534 4  9
0.406776 55  67
0.403988 55  66
0.399602 52  54
0.392589 19  29
0.390878 57  64
0.390176 25  51
0.38878 9  85
0.382008 77  78
0.376273 52  55
0.375884 13  14
0.374173 56  65
0.370433 74  77
0.369558 27  28
0.366739 57  65
0.366323 47  76
0.364828 83  85
0.361439 38  39
0.350961 14  16
0.347261 73  75
0.344414 54  56
0.342875 13  34
0.327261 57  58
0.326934 85  86
0.324477 32  79
0.323956 53  54
0.31944 48  73
0.317026 40  41
0.316464 19  20
0.309514 37  46
0.307889 12  24
0.307103 49  50
0.306829 42  46
0.306508 36  40
0.30571 44  46
0.304448 56  58
0.30097 43  44
0.300582 14  15
0.29516 45  77
0.294373 36  38
0.294199 75  82
0.293681 75  76
0.293226 73  84
0.292202 75  84
0.291825 67  68
0.288285 22  24
0.286324 37  49
0.284106 41  71
0.28002 12  13
0.279601 37  40
0.278118 23  26
0.278092 86  88
0.276723 43  45
0.273883 24  27
0.271196 71  75
0.269527 66  72
0.269299 44  45
0.269071 73  76
0.268378 75  80
0.268291 77  79
0.266661 75  81
0.264712 29  31
0.264269 71  73
0.262782 25  37
0.261897 5  8
0.259077 75  83
0.25858 59  60
0.2573 25  40
0.2561 64  72
0.256073 35  38
0.255631 82  83
0.254486 57  59
0.252291 58  60
0.252054 8  88
0.250043 35  40
0.249315 14  34
0.24869 64  65
0.248625 80  81
0.248341 38  41
0.248302 81  84
0.248096 4  83
0.247474 46  78
0.247033 25  52
0.24591 52  67
0.245779 12  47
0.244553 82  84
0.240516 24  49
0.240503 48  51
0.234982 6  8
0.234783 26  40
0.234424 46  70
0.234242 54  68
0.231962 71  81
0.229977 31  32
0.229063 11  14
0.228055 36  39
0.228011 51  70
0.225991 16  18
0.225939 17  79
0.22535 26  50
0.224896 76  82
0.224838 37  38
0.223085 2  86
0.221712 34  36
0.221696 23  40
0.220706 53  62
0.219382 35  39
0.219312 69  71
0.218694 1  2
0.218199 4  86
0.215701 39  41
0.215506 21  30
0.215356 46  80
0.214953 25  39
0.213295 73  82
0.21265 11  17
0.212141 56  57
0.211862 4  7
0.21092 14  18
0.209446 65  66
0.209384 1  19
0.209348 1  51
0.209151 25  62
0.207723 58  64
0.207451 76  83
0.207037 41  81
0.206562 73  80
0.205819 66  67
0.204683 6  21
0.204502 8  10
0.204468 4  61
0.203035 51  52
0.202357 73  83
0.201947 28  29
0.201884 66  77
0.201783 12  46
0.201642 37  47
0.197099 72  73
0.196233 19  43
0.195626 25  38
0.195365 80  82
0.194937 67  72
0.194727 45  47
0.194311 55  56
0.193892 71  82
0.192364 12  51
0.191103 73  74
0.190795 35  36
0.190518 76  81
0.189378 55  68
0.188742 43  78
0.187906 16  33
0.186818 68  70
0.18666 13  61
0.1865 37  39
0.186411 46  56
0.186116 42  79
0.185709 9  83
0.185575 36  41
0.185309 8  46
0.185221 64  71
0.185139 16  42
0.184841 9  41
0.184833 46  79
0.18455 55  57
0.184393 83  84
0.184239 11  61
0.183317 23  39
0.181881 17  25
0.179809 10  37
0.179125 35  37
0.179081 59  61
0.178997 80  84
0.178844 64  66
0.178429 45  56
0.177533 58  59
0.177473 20  47
0.177426 12  40
0.177379 4  10
0.176799 64  70
0.176353 76  80
0.175494 80  83
0.17472 25  26
0.174653 13  16
0.174515 5  87
0.173944 3  46
0.173373 74  79
0.1733 51  54
0.173041 76  84
0.172983 71  84
0.172436 49  64
0.171135 6  7
0.171081 4  85
0.170819 60  61
0.170238 7  62
0.169014 63  64
0.168777 67  69
0.16865 67  87
0.168353 71  79
0.167816 67  74
0.167457 8  35
0.167449 6  69
0.16735 54  62
0.166356 22  79
0.165255 37  51
0.163366 23  25
0.163262 43  62
0.162938 46  48
0.162638 9  56
0.162452 48  50
0.162139 13  59
0.162023 23  38
0.161342 77  81
0.160573 49  51
0.159611 42  81
0.159178 20  43
0.158802 73  81
0.158094 5  70
0.15788 56  59
0.157831 68  78
0.157424 26  42
0.157291 31  50
0.157073 28  32
0.156742 39  49
0.155821 24  47
0.155491 49  55
0.155371 40  50
0.155299 69  73
0.154495 71  76
0.15436 74  78
0.153769 26  38
0.153266 81  85
0.152563 7  10
0.15241 69  83
0.152301 25  49
0.152095 20  32
0.151875 0  3
0.150762 49  53
0.150515 26  39
0.150371 15  18
0.150038 28  33
0.149914 16  17
0.148933 26  27
0.148479 82  85
0.148246 54  59
0.148039 21  35
0.147306 70  74
0.14711 83  86
0.146687 36  37
0.146605 25  36
0.146514 53  67
0.146481 20  62
0.145476 20  33
0.145004 5  7
0.144032 8  49
0.143951 70  73
0.14368 0  32
0.14348 71  83
0.143326 3  87
0.143319 58  86
0.142924 79  80
0.142731 7  39
0.142642 44  79
0.142628 66  70
0.14211 31  44
0.142045 3  60
0.14146 17  51
0.141413 39  50
0.141168 2  45
0.141078 2  3
0.140475 30  43
0.14029 3  23
0.140184 84  85
0.140114 68  69
0.139593 44  47
0.139455 67  86
0.139442 71  80
0.139385 16  44
0.13925 11  33
0.13894 2  21
0.138736 66  68
0.138519 46  55
0.138433 78  81
0.138423 19  60
0.138019 10  56
0.137783 12  49
0.137665 67  79
0.137646 68  87
0.137598 28  88
0.137475 22  78
0.137115 12  45
0.137065 30  44
0.136667 58  61
0.136234 45  62
0.136188 42  74
0.135833 3  4
0.135748 58  63
0.135683 1  44
0.135544 23  24
0.135534 67  83
0.133969 55  72
0.133881 35  46
0.133125 13  15
0.132164 1  43
0.13205 68  79
0.131725 8  66
0.131719 47  48
0.131636 16  71
0.131423 3  70
0.130499 15  71
0.130211 42  78
0.128988 64  87
0.128662 56  61
0.128619 81  83
0.128406 10  39
0.128126 6  9
0.127738 12  25
0.127677 17  71
0.12747 26  47
0.127259 75  85
0.126955 17  18
0.126937 3  63
0.126791 25  35
0.12628 9  13
0.125471 1  60
0.125333 24  54
0.125253 72  80
0.125074 0  16
0.125063 10  88
0.124627 14  17
0.124356 57  86
0.124229 24  60
0.123895 49  66
0.123224 8  34
0.123089 31  48
0.123049 26  36
0.122421 43  77
0.122407 12  21
0.122103 63  69
0.121903 3  62
0.12169 7  23
0.12119 69  70
0.121011 72  78
0.119635 42  72
0.119564 33  43
0.119329 2  7
0.1189 17  29
0.118538 7  54
0.117843 32  71
0.117819 53  85
0.117426 33  44
0.117212 13  38
0.11721 69  86
0.117165 3  59
0.115633 5  74
0.115557 24  70
0.115298 20  34
0.115144 38  50
0.114962 33  50
0.114805 7  83
0.114735 69  82
0.114715 24  53
0.114546 65  72
0.113999 27  29
0.113833 35  41
0.113831 57  60
0.113819 56  67
0.113757 27  42
0.113692 10  42
0.113597 68  74
0.112674 12  14
0.112599 19  21
0.112436 13  60
0.112193 32  82
0.111247 28  60
0.110756 16  75
0.110505 57  67
0.110272 54  55
0.110082 69  75
0.11007 4  31
0.109899 14  44
0.109643 28  31
0.109466 1  70
0.108783 4  24
0.108762 83  87
0.108604 2  34
0.108515 64  86
0.108431 12  16
0.107953 16  55
0.107875 4  20
0.107826 73  87
0.10778 44  61
0.107664 65  67
0.107384 63  81
0.107188 29  59
0.107073 43  65
0.106804 31  43
0.106794 41  63
0.1067 44  77
0.106499 8  81
0.10645 41  64
0.106233 13  58
0.105973 11  48
0.105894 54  57
0.105786 41  48
0.105707 30  60
0.104078 48  74
0.103921 46  74
0.103872 33  75
0.103842 11  74
0.103724 40  44
0.103617 64  85
0.103432 55  69
0.103247 12  35
0.102962 47  57
0.102839 63  65
0.102823 1  45
0.101961 85  87
0.101922 11  47
0.101885 32  78
0.101609 15  17
0.101431 14  75
0.101072 9  86
0.100725 7  28
0.100581 67  70
0.100266 1  30
0.100198 5  15
0.100087 30  46
0.0993618 56  77
0.0993495 3  68
0.0990286 73  85
0.0989835 54  58
0.0988369 0  15
0.0986321 5  86
0.0983352 46  66
0.098285 70  82
0.098072 65  86
0.0972592 7  60
0.0972272 7  32
0.0972211 31  37
0.097079 11  60
0.0970025 26  75
0.0968113 6  88
0.0965035 10  59
0.0962002 66  74
0.0959967 60  81
0.0958645 17  87
0.0956878 20  35
0.0956842 69  81
0.0956569 80  88
0.0955312 49  54
0.0954211 3  61
0.0952998 16  23
0.0951234 2  29
0.0946935 7  45
0.0942466 67  82
0.0942263 56  83
0.0941886 80  85
0.0937777 14  42
0.0935763 1  61
0.0929923 79  86
0.0929806 17  20
0.0929726 22  58
0.092962 7  43
0.0925246 33  84
0.0924418 8  38
0.0922721 66  85
0.0921451 43  72
0.0921338 65  87
0.0921326 77  80
0.0920653 64  73
0.0920174 5  48
0.091503 57  66
0.0913211 33  62
0.0912884 70  78
0.0910442 26  41
0.0905459 3  67
0.0904263 50  75
0.0899344 40  47
0.0891962 16  53
0.0886639 19  88
0.0886265 11  59
0.0885516 72  79
0.0885067 5  11
0.0882641 54  67
0.0881864 5  45
0.0880386 1  29
0.0879659 42  43
0.0877687 49  67
0.0876586 26  76
0.0872786 64  67
0.086807 68  88
0.0866583 3  21
0.0865247 43  74
0.0864463 2  49
0.0863112 55  62
0.0862986 2  83
0.0861818 11  42
0.0861349 48  76
0.0859664 6  56
0.085862 20  25
0.0856701 11  13
0.085436 44  62
0.0845952 3  65
0.0844793 21  24
0.0843926 61  67
0.084387 81  87
0.0843441 3  16
0.0842414 22  70
0.0841428 2  10
0.0838963 69  79
0.0838762 4  37
0.0836048 26  44
0.0835182 26  84
0.083503 65  88
0.0833519 29  32
0.0830652 12  39
0.0829859 15  41
0.0829689 2  64
0.0829451 13  47
0.0828555 41  69
0.08285 1  28
0.0828311 17  34
0.0827587 13  18
0.082596 56  69
0.0825853 35  75
0.0823271 12  38
0.0822535 52  61
0.0818502 11  86
0.0817444 47  82
0.0817109 7  9
0.0816054 66  88
0.0815505 50  85
0.0815502 0  51
0.0814346 23  84
0.0814191 3  6
0.0813352 8  77
0.0812873 7  42
0.0812624 14  71
0.0812371 45  49
0.0811235 63  88
0.0808952 8  39
0.0807014 79  81
0.0806712 16  76
0.080346 0  5
0.0802591 9  53
0.0802179 3  58
0.0801838 22  69
0.0801492 4  87
0.080118 33  76
0.079621 48  84
0.0795218 27  44
0.0792763 46  72
0.0790635 28  57
0.0789451 1  57
0.0787545 0  48
0.0787544 36  50
0.0787106 73  88
0.0784708 53  66
0.0781691 27  31
0.077745 69  80
0.0777041 42  77
0.0776387 65  74
0.0775329 78  88
0.0772906 23  75
0.0771955 5  35
0.0771648 2  48
0.0770944 14  76
0.0769513 40  48
0.0768829 5  53
0.0767896 55  70
0.076711 12  30
0.0767002 26  82
0.0766889 16  84
0.0765337 73  77
0.0764233 19  59
0.0763581 2  72
0.0763239 57  68
0.0761996 2  85
0.076171 8  78
0.0759674 43  59
0.0758449 26  51
0.0756106 69  72
0.0755772 5  67
0.0753506 13  52
0.0751965 10  54
0.0742936 39  82
0.0742426 26  48
0.0741991 25  78
0.0741678 14  41
0.0736485 25  41
0.0736079 28  63
0.0735556 21  22
0.0733909 45  55
0.073351 13  40
0.0731485 23  36
0.0731383 56  68
0.0729834 18  29
0.0729347 12  36
0.0728583 23  45
0.0727083 68  83
0.072067 4  6
0.0720417 35  82
0.0717879 7  58
0.0715904 1  6
0.0715655 25  70
0.071361 23  46
0.0713365 36  51
0.0713152 0  13
0.0712746 11  18
0.0712512 26  46
0.0710837 3  11
0.070768 2  19
0.070762 48  58
0.0707182 50  71
0.0706406 2  57
0.0705241 30  67
0.0704925 54  64
0.0703681 74  81
0.0701466 9  11
0.0700052 44  76
0.0696672 8  68
0.0694738 65  68
0.0693987 23  27
0.0692057 79  87
0.0689545 59  63
0.0686806 37  41
0.0684727 50  76
0.0683587 41  53
0.068275 47  74
0.0681773 63  74
0.067995 45  72
0.0679778 43  56
0.0679341 34  65
0.0670349 83  88
0.0670049 50  84
0.0668786 47  53
0.066864 8  11
0.06684 32  34
0.0667095 7  11
0.0666906 46  52
0.0664359 3  31
0.06618 40  45
0.0660941 0  47
0.065729 15  42
0.065708 9  16
0.0656919 24  36
0.0653778 23  62
0.0653663 11  16
0.0653338 15  75
0.0653163 10  43
0.0651811 1  64
0.065151 8  69
0.0650965 24  51
0.0650789 43  80
0.0648343 26  71
0.064643 11  15
0.0645438 20  30
0.0645342 77  87
0.0644683 2  65
0.064392 32  40
0.0643419 42  49
0.0642681 29  61
0.0639892 31  46
0.0638965 10  31
0.0638146 1  53
0.0636025 74  76
0.0635149 55  58
0.0631016 9  15
0.0627414 33  71
0.062679 74  88
0.0626459 4  69
0.0625686 28  39
0.062473 18  42
0.0623278 19  62
0.0622911 38  48
0.0621953 37  52
0.0620329 1  3
0.0619483 47  61
0.0619395 23  33
0.0617877 25  79
0.0617437 54  70
0.0615224 1  62
0.0614346 26  53
0.0613696 6  72
0.0612317 42  58
0.0610071 35  71
0.0609539 68  81
0.0608895 76  85
0.0608699 48  88
0.060868 53  56
0.0604154 22  51
0.0602699 12  23
0.0600893 43  50
0.0600836 57  88
0.0599689 26  37
0.0598773 79  88
0.0596563 67  88
0.0596153 63  83
0.0595261 0  20
0.0595201 70  71
0.0593232 1  59
0.0587133 22  66
0.0587101 78  80
0.0587026 15  29
0.0586942 22  29
0.0586607 3  54
0.0584402 36  47
0.0584196 7  38
0.0583733 4  12
0.0583352 63  71
0.0582882 35  76
0.0580389 2  55
0.0579796 35  84
0.0578591 72  85
0.0578028 22  63
0.0577869 18  38
0.0575826 1  10
0.0574529 0  58
0.0570749 66  86
0.0570303 42  44
0.05678 56  86
0.0566232 6  68
0.0564588 3  10
0.0564022 22  67
0.0563942 20  48
0.0562199 32  87
0.0560964 41  84
0.0560387 30  62
0.0559043 14  84
0.0558541 12  61
0.0558383 55  60
0.0558285 63  70
0.0558175 44  72
0.055789 18  20
0.05547 0  34
0.0553565 0  9
0.0552992 47  58
0.0549809 15  24
0.0549702 19  58
0.0549239 15  58
0.0548845 10  58
0.0548052 42  76
0.0548001 13  24
0.0547861 28  86
0.0547681 30  59
0.0546854 35  47
0.0545997 46  68
0.0544278 64  74
0.0543753 32  58
0.0542834 48  61
0.0542354 43  69
0.0542045 9  14
0.0542009 77  88
0.0541459 0  57
0.0541396 52  59
0.0539948 42  65
0.0539549 24  34
0.0538375 47  52
0.0536433 21  49
0.0534003 41  79
0.0533689 52  72
0.053266 33  48
0.0530825 25  47
0.0529782 16  34
0.0529553 77  83
0.0525793 41  42
0.0524222 19  46
0.0523001 0  59
0.0522611 4  27
0.0519538 23  37
0.0518885 29  51
0.0518071 75  77
0.0516961 1  65
0.0516907 30  61
0.0515705 7  61
0.0514427 68  77
0.0513735 63  86
0.0512602 21  27
0.0510651 20  58
0.0510217 0  35
0.0507301 2  8
0.0502557 3  53
0.0501912 35  50
0.050156 16  82
0.0500543 10  61
0.0500321 2  68
0.0499373 14  37
0.0496512 46  60
0.0493983 54  88
0.0493366 6  55
0.0493265 6  33
0.0493069 7  53
0.0490617 8  79
0.0486919 61  65
0.0486807 0  46
0.0486248 43  60
0.0485566 20  28
0.048552 7  29
0.0485312 5  68
0.0484254 9  42
0.0484194 30  88
0.0482514 21  62
0.0482129 40  51
0.0481567 66  87
0.0477875 25  60
0.0477722 13  49
0.0476821 52  68
0.0473194 14  36
0.0472755 0  33
0.047182 30  33
0.0470957 9  75
0.0470888 69  88
0.0470772 50  58
0.0470573 70  72
0.0470514 10  65
0.0468085 60  63
0.0467197 43  47
0.0467196 1  83
0.046709 4  59
0.0466518 72  77
0.0465479 10  14
0.0465113 8  87
0.0464917 52  58
0.0464628 32  85
0.0464027 40  62
0.0463175 10  16
0.046282 40  89
0.0462803 2  4
0.04628 4  70
0.0462613 70  76
0.0460265 17  31
0.0458656 8  70
0.0455605 6  79
0.0453051 9  38
0.0452358 0  42
0.0450531 30  32
0.0449663 69  78
0.0449659 17  38
0.0449342 23  76
0.0449041 10  12
0.0447907 13  29
0.0447904 7  44
0.0445351 4  53
0.0445244 23  51
0.0443682 32  38
0.0443612 32  55
0.0443467 53  68
0.0441655 31  49
0.0441051 70  79
0.0440503 8  20
0.0440487 15  51
0.0440007 13  39
0.0439916 44  50
0.043968 41  85
0.0438893 78  82
0.0438251 26  89
0.0437847 0  31
0.0437105 53  72
0.0435229 13  45
0.043498 48  75
0.04347 69  85
0.0434279 8  44
0.0433716 74  82
0.0433321 38  89
0.0432556 67  78
0.0431935 1  55
0.0431894 16  26
0.0431134 23  82
0.0431069 64  79
0.0430806 75  78
0.043078 54  60
0.0428697 5  49
0.0427138 1  49
0.042548 23  71
0.0423925 1  88
0.0423823 41  50
0.0423197 11  36
0.0421549 69  84
0.0418199 21  88
0.0417779 70  77
0.041646 25  61
0.0415726 27  79
0.0415042 71  72
0.0414974 6  13
0.0413917 65  79
0.0412489 38  62
0.0411911 45  60
0.0411527 27  78
0.041149 20  52
0.041106 7  50
0.0410742 11  38
0.0410634 79  84
0.0410369 4  11
0.0408448 41  47
0.0408232 56  85
0.0408007 25  58
0.0407602 59  64
0.0406356 22  62
0.0405018 45  57
0.0404302 34  71
0.0404156 71  85
0.0403011 21  52
0.0402135 69  74
0.0401708 74  84
0.0401191 36  84
0.0400898 8  18
0.0399778 1  7
0.0399393 75  79
0.0399085 0  80
0.0398549 71  78
0.0396891 32  72
0.0395868 46  59
0.0395484 49  52
0.0395311 27  53
0.039452 52  60
0.0393644 79  82
0.0391344 17  57
0.0391289 39  89
0.0390636 14  89
0.0390069 57  61
0.0387572 22  34
0.038662 0  78
0.0385727 8  48
0.0385354 9  57
0.038416 15  61
0.0382795 49  59
0.0381339 50  82
0.0380041 3  36
0.0378877 28  54
0.0378734 3  5
0.0378429 23  60
0.0378342 82  86
0.0378054 23  58
0.0377669 25  53
0.0376829 6  39
0.0376241 38  44
0.0376215 8  19
0.0375785 21  32
0.0374551 39  48
0.0372176 61  64
0.0371886 17  85
0.0371825 50  62
0.0371822 17  21
0.0371421 29  66
0.0369656 33  82
0.0368765 3  24
0.0368447 78  87
0.0367037 2  77
0.0366875 72  86
0.0364282 35  89
0.0362104 6  63
0.0360872 45  67
0.0360586 63  73
0.0357444 76  78
0.0357394 45  69
0.0357092 10  18
0.0356148 3  9
0.0355999 33  83
0.0354394 31  35
0.035343 11  76
0.0353143 42  48
0.0352534 14  82
0.0352317 10  33
0.0351859 10  15
0.0348841 24  68
0.0348661 27  35
0.0348106 6  16
0.0347508 21  59
0.0346251 38  46
0.0345072 57  87
0.0345039 3  56
0.034494 37  54
0.0343992 48  70
0.0343952 63  68
0.0343256 2  69
0.0342526 23  89
0.0342127 69  76
0.0341328 1  56
0.0341182 19  67
0.0337773 15  56
0.0337744 0  22
0.0336712 36  89
0.0336707 74  80
0.0335265 35  85
0.0333432 5  60
0.033311 65  71
0.033272 9  76
0.033198 50  89
0.0331463 19  45
0.0330783 52  64
0.0330288 16  89
0.0328649 24  38
0.0327981 12  62
0.0327288 32  88
0.0325084 17  84
0.0323757 42  47
0.0323625 28  65
0.0323249 0  50
0.0319701 6  23
0.0319236 15  76
0.0318708 67  77
0.0318336 23  35
0.0318018 64  77
0.0317784 35  49
0.0317529 77  82
0.0317414 4  33
0.03169 7  13
0.031592 77  84
0.0314169 54  86
0.0312809 14  25
0.0312473 29  65
0.0312252 33  51
0.0312106 69  87
0.0308202 7  21
0.0308086 10  67
0.0307455 32  64
0.0306566 30  72
0.0306051 74  75
0.0305862 11  40
0.0305185 15  89
0.0304937 31  55
0.0304784 0  14
0.0303927 39  74
0.0302358 2  53
0.0302168 70  86
0.0300674 23  41
0.0299675 0  30
0.0299666 80  87
0.0299375 33  39
0.0298874 48  52
0.0297475 10  55
0.0295431 7  66
0.0294106 28  87
0.0293664 19  64
0.0292756 6  80
0.0291681 22  53
0.0291272 36  71
0.0290888 53  57
0.0290033 48  77
0.0287199 34  49
0.0286495 18  25
0.0286191 21  25
0.0286184 42  51
0.0285633 41  89
0.0284427 28  59
0.0282165 23  57
0.0281417 10  66
0.0280839 18  73
0.0278418 64  81
0.0277162 55  86
0.0276651 45  59
0.0276194 33  89
0.0275037 33  46
0.0275014 33  41
0.0272615 0  10
0.0272522 31  62
0.027239 5  18
0.0272332 8  61
0.0271677 55  63
0.027036 21  33
0.0270133 51  88
0.0269081 63  66
0.0268315 54  61
0.0268283 6  74
0.0267645 24  78
0.0266876 74  83
0.0265773 10  85
0.0264488 49  85
0.0264016 0  7
0.0263715 46  61
0.0263305 8  54
0.0263098 53  63
0.0262504 23  74
0.0262251 51  76
0.0260939 42  87
0.0260391 67  85
0.0259325 19  87
0.0259006 2  44
0.0258725 11  52
0.0258708 10  77
0.0257121 15  36
0.0256702 22  44
0.0256343 10  86
0.0255792 28  42
0.0255475 5  39
0.0254788 4  54
0.0254035 44  80
0.0253446 56  88
0.0253277 19  28
0.0253141 42  75
0.025231 70  83
0.025102 0  28
0.0250713 7  22
0.0248984 56  62
0.0247844 0  60
0.0247565 5  38
0.0247261 41  45
0.0246566 23  56
0.0245639 8  86
0.0245629 79  85
0.0244071 30  38
0.0244026 59  62
0.0244003 6  85
0.0243991 22  65
0.0241599 3  34
0.0241465 27  61
0.0239785 70  85
0.0238853 45  46
0.023744 78  84
0.0237363 1  36
0.0237077 44  48
0.0236918 48  89
0.023686 33  52
0.0235098 51  75
0.023509 79  83
0.0234783 11  58
0.0234437 3  26
0.0234303 30  45
0.023261 0  56
0.0232393 51  53
0.0231515 55  87
0.0231316 53  61
0.0229942 14  40
0.0229463 29  43
0.022943 34  43
0.0227394 3  33
0.0226969 58  83
0.0225492 0  68
0.0225305 37  62
0.0225045 27  33
0.0224817 51  59
0.0223298 2  54
0.0222672 45  68
0.0221564 0  29
0.022103 0  52
0.021992 35  55
0.0219705 68  82
0.0218488 27  67
0.0217667 2  60
0.021735 53  88
0.0216923 9  24
0.0216341 27  71
0.0216303 1  8
0.0216099 22  37
0.0216066 26  69
0.0215137 5  13
0.0214018 19  44
0.0213674 8  71
0.0211148 68  72
0.0210567 30  34
0.0209626 46  81
0.0209236 30  37
0.0208753 13  26
0.020808 14  58
0.020716 55  88
0.0206824 6  60
0.0206513 47  89
0.0204294 32  44
0.0203572 54  82
0.0203303 13  89
0.0202999 25  50
0.0202156 64  69
0.0201394 23  53
0.0200552 8  85
0.019988 64  68
0.019536 63  87
0.0194154 76  77
0.0194083 21  23
0.0193487 0  18
0.0192813 63  77
0.0192768 7  87
0.0192153 0  41
0.0190639 20  51
0.0190451 12  89
0.0189973 14  23
0.0189029 31  36
0.0186682 57  63
0.0186398 4  23
0.0186052 57  72
0.0186031 2  20
0.0185626 25  68
0.0185525 5  10
0.0184651 8  72
0.0184333 28  45
0.018397 47  75
0.0182997 29  52
0.0182917 15  69
0.0182542 28  38
0.0182463 30  35
0.0182377 55  64
0.0181906 2  31
0.0181866 10  20
0.0181847 18  41
0.0181162 41  65
0.018074 5  31
0.0179766 41  83
0.0179239 20  37
0.0179029 56  72
0.0178369 60  67
0.0177022 73  79
0.0176874 8  26
0.017559 12  26
0.017535 1  37
0.0175211 28  74
0.0174957 23  59
0.0174615 30  66
0.0173282 60  66
0.0173117 0  72
0.0170609 10  36
0.0170493 17  64
0.016825 48  82
0.016735 22  68
0.0167174 67  81
0.0167147 51  86
0.0166969 38  51
0.0166579 25  80
0.0166005 44  82
0.0165709 47  54
0.0165662 0  24
0.0165607 1  86
0.0165181 19  61
0.0163616 2  62
0.0163421 13  41
0.0163131 3  15
0.0162794 17  58
0.0162172 64  88
0.016185 40  46
0.0159482 12  15
0.015942 64  83
0.0157813 13  23
0.0157777 18  34
0.0155854 47  59
0.0155747 4  56
0.0155605 37  89
0.0154725 3  38
0.0154378 22  45
0.0154333 29  70
0.0154215 26  80
0.0153807 13  25
0.0153513 66  78
0.015349 21  56
0.0153375 19  65
0.0152217 26  73
0.0152096 10  68
0.0152059 14  61
0.0152057 10  28
0.0151908 44  73
0.0151668 7  63
0.0150884 13  71
0.0150428 16  73
0.01493 11  44
0.0148702 28  56
0.0148577 29  63
0.0147794 34  54
0.0147268 17  72
0.0146501 15  47
0.0146249 16  83
0.0145309 32  36
0.0143317 38  55
0.0142752 21  43
0.014221 58  62
0.0142191 16  43
0.0142113 11  89
0.0139268 29  79
0.0138749 30  65
0.0138093 6  18
0.0137725 25  33
0.0137486 53  65
0.013746 60  62
0.0136773 3  88
0.0135964 33  34
0.0135375 14  83
0.0134784 1  12
0.0134704 42  89
0.0134453 11  20
0.0133943 11  77
0.0131669 65  80
0.0130844 7  26
0.012915 50  69
0.0128519 12  41
0.012851 28  80
0.0127477 18  33
0.0127414 74  85
0.0125572 4  60
0.0125065 72  75
0.0123922 18  63
0.0123905 12  48
0.0123849 32  83
0.0123454 4  88
0.012296 31  60
0.0122827 16  48
0.0122675 4  57
0.0121938 4  68
0.0121897 63  84
0.0120507 0  54
0.0119038 63  85
0.0118608 0  4
0.0118533 23  48
0.0118036 50  73
0.0117829 10  70
0.011771 53  81
0.011587 15  44
0.01138 60  70
0.0113741 0  21
0.0113551 4  38
0.0113528 69  77
0.0111999 0  6
0.0111998 14  73
0.0111315 16  25
0.011088 23  61
0.0110061 2  46
0.0110022 52  81
0.0108757 18  89
0.0106672 16  39
0.0105802 9  64
0.010576 51  84
0.0105259 0  38
0.0105218 6  58
0.010516 3  51
0.0104146 48  83
0.0103723 28  55
0.0101547 28  67
0.0101541 22  57
0.0100918 26  54
0.0099076 0  49
0.00978723 55  85
0.00974934 17  88
0.00971542 52  66
0.0096839 18  87
0.00960926 49  86
0.00959666 8  42
0.00959482 19  63
0.00954377 65  70
0.00945654 19  72
0.00945281 33  42
0.00936627 16  24
0.00922172 0  8
0.00893645 76  87
0.00879756 17  61
0.00877777 2  87
0.00872198 78  86
0.00842404 18  39
0.00828286 16  36
0.00823696 35  43
0.00819868 18  23
0.00819254 21  63
0.00815796 10  21
0.00815243 59  70
0.00806324 26  81
0.00798617 56  87
0.0077726 26  83
0.00777053 11  66
0.00767753 12  71
0.0075635 16  41
0.00755992 44  60
0.0074655 39  47
0.00746488 14  60
0.00735272 6  43
0.00729449 18  54
0.00713967 16  56
0.00708632 51  89
0.00703774 43  67
0.00702271 34  45
0.00697216 7  48
0.0069672 9  89
0.00678401 27  48
0.00668795 4  82
0.00665409 5  82
0.00655204 25  89
0.00640158 37  59
0.00637683 10  60
0.00635319 49  69
0.00613878 5  57
0.00611621 14  39
0.00595482 2  63
0.00595377 26  77
0.00595329 6  50
0.00592763 27  70
0.00580864 14  69
0.00561418 19  31
0.00559385 18  86
0.00555546 45  65
0.00550867 32  74
0.0053192 52  85
0.00528129 2  36
0.00518764 60  64
0.00514425 81  86
0.00506892 2  43
0.00505345 48  57
0.00495381 12  59
0.00490703 43  54
0.00476774 25  48
0.00473889 10  23
0.00466743 27  51
0.00458119 14  59
0.00448254 55  81
0.00441009 63  78
0.00425109 3  57
0.00420424 65  69
0.00419918 31  51
0.00411162 35  83
0.00407167 61  66
0.00390304 58  80
0.0038731 18  62
0.00386015 12  31
0.00385948 43  61
0.0036437 46  50
0.00351153 44  74
0.00346531 22  31
0.00338558 41  59
0.00338524 12  20
0.003378 32  84
0.00336077 63  75
0.00335146 58  65
0.0033096 22  48
0.00323883 0  55
0.00321508 10  62
0.00316904 27  47
0.00294926 2  81
0.00286497 53  55
0.00276821 32  89
0.00274291 17  89
0.00266633 29  33
0.00254808 22  52
0.00251804 13  17
0.00245945 16  59
0.00245514 33  73
0.00245141 60  86
0.00227119 1  27
0.00226151 21  54
0.00206206 55  65
0.00204371 28  30
0.00202934 34  89
0.00201863 36  62
0.00199742 28  40
0.00198654 17  74
0.00181613 35  52
0.00181136 14  26
0.00176789 1  73
0.00173263 34  52
0.00171986 7  86
0.00170146 7  56
0.0016948 45  74
0.00164493 22  46
0.00159446 11  22
0.00156202 73  78
0.00148418 34  53
0.00136884 45  88
0.00136085 2  59
0.00135155 41  87
0.00131165 3  7
0.00130499 33  81
0.00129075 4  63
0.000918338 33  54
0.000851695 11  12
0.000828964 44  57
0.000819859 2  6
0.0008113 53  87
0.000763406 16  80
0.000762309 26  61
0.000710497 45  54
0.000587267 1  34
0.000468143 18  82
0.000437104 8  89
0.000418651 23  80
0.000364854 4  40
0.000255518 3  72
0.00016379 8  27
5.08727e-05 6  77
-5.15401e-06 26  74
-1.93907e-05 52  83
-0.000108127 35  44
-0.0001149 9  70
-0.000137889 22  56
-0.000260689 49  57
-0.000387689 61  63
-0.00042204 3  86
-0.000472058 26  49
-0.000638295 50  83
-0.000707075 74  86
-0.000710886 19  54
-0.000763576 74  87
-0.00090423 6  67
-0.000927389 42  82
-0.00100033 3  55
-0.00107994 7  14
-0.0011222 31  75
-0.0011863 46  58
-0.00120506 50  80
-0.00122591 55  59
-0.00123199 46  64
-0.00129545 36  48
-0.00132763 56  60
-0.00138445 33  57
-0.00149677 15  57
-0.00149886 32  41
-0.00152907 50  74
-0.00168825 28  37
-0.00173412 2  74
-0.00173822 18  66
-0.0019332 30  64
-0.00197988 20  49
-0.00213433 35  69
-0.0021763 37  61
-0.00236876 42  61
-0.00238658 20  79
-0.00252729 58  77
-0.0025448 15  84
-0.00259536 37  48
-0.00275951 44  52
-0.00278249 37  50
-0.00280238 10  13
-0.00286615 47  73
-0.00309905 6  48
-0.00313317 53  83
-0.00322323 65  85
-0.00324576 24  58
-0.00337638 19  35
-0.00338067 7  31
-0.0034804 5  58
-0.00366609 14  80
-0.00371584 60  68
-0.00397464 1  46
-0.00405436 64  75
-0.00406585 23  85
-0.00409775 16  47
-0.00411241 30  80
-0.00420196 10  63
-0.00439336 9  61
-0.00444566 65  77
-0.00453014 2  30
-0.00455246 35  73
-0.00464721 18  61
-0.00479673 72  84
-0.00483434 7  40
-0.00488666 21  34
-0.00489111 1  54
-0.00500167 55  74
-0.00506103 31  89
-0.00514836 33  80
-0.00524612 27  89
-0.0052534 3  18
-0.00526772 36  75
-0.00540566 58  69
-0.00549663 63  89
-0.00553834 48  62
-0.00560065 37  71
-0.00560838 15  22
-0.00568212 9  84
-0.00572183 32  60
-0.0057504 80  86
-0.00594597 4  67
-0.00604014 72  87
-0.00631705 66  73
-0.00634887 16  69
-0.0063532 9  71
-0.00646758 4  65
-0.00651599 14  32
-0.00652893 6  44
-0.00656181 16  31
-0.00656952 32  75
-0.00671691 70  88
-0.00688523 30  47
-0.00692324 61  62
-0.00694459 39  76
-0.00694928 64  76
-0.00697529 38  53
-0.00721182 43  46
-0.00724832 39  54
-0.00737508 82  89
-0.00743584 28  64
-0.00746209 53  60
-0.00760459 1  69
-0.00765736 30  50
-0.00770833 27  45
-0.00774783 20  66
-0.00775384 20  70
-0.00775811 28  77
-0.00782672 15  55
-0.00787686 24  89
-0.00789594 17  82
-0.00799084 49  56
-0.00804233 35  54
-0.00805578 5  76
-0.00811721 6  89
-0.00815704 0  74
-0.00829559 5  78
-0.00830013 5  72
-0.00833884 28  61
-0.00837733 27  83
-0.00841812 35  74
-0.00843377 7  46
-0.00843594 0  65
-0.00844126 49  65
-0.00855551 5  23
-0.00859834 65  89
-0.00862844 6  83
-0.00870701 7  37
-0.00872772 26  33
-0.0087313 8  45
-0.00892101 56  80
-0.00893956 26  31
-0.0089482 4  8
-0.00899568 0  19
-0.00908384 35  81
-0.00911767 15  82
-0.00912665 75  89
-0.00916314 24  79
-0.00923396 19  49
-0.00923719 8  41
-0.00923879 34  46
-0.0092391 11  56
-0.0092503 3  64
-0.00929076 53  84
-0.00940742 42  68
-0.00960914 30  63
-0.00963247 11  73
-0.00963463 57  81
-0.00963497 3  29
-0.00969839 50  81
-0.00972374 61  86
-0.00978675 66  81
-0.0100046 25  57
-0.0100079 59  79
-0.01007 45  61
-0.0100867 2  11
-0.0101965 5  33
-0.0102323 27  72
-0.0102478 22  77
-0.0103125 27  84
-0.0103926 34  48
-0.0104262 44  87
-0.0104269 76  89
-0.0105342 11  62
-0.0105425 34  56
-0.0105793 16  50
-0.010582 53  75
-0.0105991 16  81
-0.0106168 85  89
-0.0106209 0  63
-0.0106728 19  68
-0.0106945 41  43
-0.0107538 84  87
-0.0108832 71  89
-0.0110028 34  75
-0.0110425 4  48
-0.0110664 19  32
-0.0110805 47  60
-0.0110879 23  73
-0.0111089 28  79
-0.0111238 3  47
-0.011157 38  42
-0.0111675 46  89
-0.0111897 42  88
-0.0112064 59  76
-0.0112097 25  54
-0.0112177 10  89
-0.0112471 6  82
-0.0114692 68  86
-0.0116584 47  55
-0.0119354 6  76
-0.0120293 45  48
-0.0121254 13  75
-0.0121644 51  58
-0.0122415 21  31
-0.012293 80  89
-0.0123098 11  53
-0.0123163 46  63
-0.0123906 44  89
-0.0123993 38  54
-0.0124755 18  36
-0.0125412 2  14
-0.0125544 44  78
-0.0125592 36  76
-0.0125685 53  58
-0.012633 30  53
-0.0126435 14  33
-0.0127027 9  65
-0.0127061 50  61
-0.0127155 7  89
-0.0127177 28  71
-0.0127424 9  18
-0.0128029 28  78
-0.0128892 10  47
-0.0129091 12  52
-0.0129103 20  61
-0.0129304 84  89
-0.0129476 12  18
-0.0130106 5  30
-0.0130698 34  50
-0.0131669 6  34
-0.0131692 51  71
-0.0132084 49  78
-0.0132236 18  65
-0.0132667 32  37
-0.0133272 57  80
-0.0133947 53  89
-0.0133981 36  45
-0.013402 61  72
-0.0134246 69  89
-0.0134345 15  26
-0.0134606 28  89
-0.0135927 59  68
-0.0137464 24  55
-0.0137754 53  64
-0.0137763 28  47
-0.0138344 26  28
-0.0139203 52  57
-0.0141146 22  42
-0.0141798 8  65
-0.0142019 54  89
-0.0142552 51  69
-0.0142554 19  27
-0.0142876 48  59
-0.0143818 31  33
-0.0143999 6  62
-0.014541 63  76
-0.0146187 17  22
-0.0146411 21  37
-0.0146656 22  43
-0.0146704 37  53
-0.0147196 1  66
-0.0147666 7  36
-0.0148578 59  69
-0.0149531 54  63
-0.0150387 43  48
-0.0150905 27  57
-0.0150984 45  50
-0.0151876 8  50
-0.0152236 50  65
-0.015254 10  57
-0.0152689 27  34
-0.015276 20  60
-0.0153833 84  88
-0.0154492 9  35
-0.015491 44  65
-0.0155031 5  89
-0.0155111 14  81
-0.0155275 5  34
-0.0155442 55  89
-0.0156124 62  89
-0.0156525 33  47
-0.0158155 8  30
-0.0158275 73  89
-0.0158799 9  28
-0.0159249 20  44
-0.0159775 48  54
-0.016068 22  89
-0.0160947 74  89
-0.0161174 10  35
-0.0161215 49  89
-0.0161469 43  73
-0.0162431 83  89
-0.0162464 81  89
-0.0163078 6  45
-0.0163301 55  78
-0.0163601 12  28
-0.0163625 17  46
-0.0163806 88  89
-0.0164102 64  82
-0.0164184 32  70
-0.0165237 36  60
-0.0165426 9  12
-0.0165708 36  69
-0.0167166 60  65
-0.0167459 41  54
-0.0167636 64  89
-0.0168387 41  55
-0.0168524 14  48
-0.0169012 47  84
-0.0169411 29  60
-0.0169906 5  21
-0.0170393 27  49
-0.0170512 7  19
-0.0170596 17  75
-0.0171139 29  39
-0.0171592 77  89
-0.0172125 12  33
-0.0173187 15  39
-0.0173555 43  89
-0.017397 32  39
-0.0175518 1  14
-0.0175875 21  65
-0.0176064 24  26
-0.0176068 2  28
-0.0176156 30  49
-0.0176356 15  59
-0.0176639 15  40
-0.01768 70  87
-0.017688 4  74
-0.0177278 87  89
-0.0177531 20  53
-0.0177749 26  85
-0.0177872 22  47
-0.0177881 16  85
-0.0178073 1  89
-0.0178246 36  44
-0.0178254 46  49
-0.0178572 49  58
-0.0178924 2  89
-0.0179098 20  69
-0.0179455 52  56
-0.0180012 5  65
-0.0180073 21  67
-0.0180228 52  89
-0.0181358 18  26
-0.0182777 31  76
-0.0182862 61  89
-0.018315 51  73
-0.0183628 1  25
-0.0183763 66  80
-0.018422 15  54
-0.0184544 0  62
-0.0184547 9  39
-0.0184804 33  77
-0.0184804 21  47
-0.0185079 1  52
-0.0185217 49  80
-0.0185785 36  54
-0.0186082 1  77
-0.0186746 63  79
-0.018683 52  65
-0.0188008 63  82
-0.0188231 66  89
-0.0188598 31  63
-0.0188669 6  73
-0.0189009 0  61
-0.0189086 47  71
-0.0189234 58  68
-0.0189711 56  63
-0.0191086 17  28
-0.0191365 4  79
-0.0191623 22  84
-0.0192037 13  27
-0.0192096 51  61
-0.0192471 14  30
-0.0192525 27  38
-0.0192889 13  19
-0.0193541 72  88
-0.0193933 50  86
-0.0194228 71  74
-0.0194801 57  89
-0.0194803 5  59
-0.0194867 23  32
-0.0194901 0  70
-0.019548 72  76
-0.0195588 18  35
-0.0195912 0  89
-0.0196258 55  84
-0.0197041 67  89
-0.0197283 42  57
-0.0197449 57  74
-0.0197951 58  89
-0.0198373 25  72
-0.0198804 85  88
-0.0198964 27  66
-0.019924 9  79
-0.0199485 1  24
-0.019989 7  17
-0.0200267 44  86
-0.020094 3  69
-0.0201244 41  52
-0.0202079 78  89
-0.0202433 64  78
-0.020298 9  81
-0.020353 86  89
-0.0204229 48  71
-0.020477 12  22
-0.0204918 18  21
-0.0205043 3  14
-0.0205055 2  80
-0.0205274 6  61
-0.0205427 30  89
-0.0205485 6  11
-0.0205974 50  60
-0.0206781 3  48
-0.0207201 65  78
-0.0207217 1  85
-0.0207298 8  16
-0.0207673 44  49
-0.0208027 3  8
-0.0208288 70  89
-0.020836 82  88
-0.0208408 22  87
-0.0208761 1  82
-0.02091 63  80
-0.0210128 31  84
-0.0210925 18  24
-0.0211602 39  64
-0.0212734 2  79
-0.0212885 0  53
-0.0213675 39  45
-0.0214239 35  53
-0.02143 33  55
-0.0214384 54  72
-0.021523 12  75
-0.0215566 16  27
-0.0216771 3  89
-0.0217541 15  73
-0.0218498 60  89
-0.0218836 18  55
-0.021912 11  23
-0.0219368 41  62
-0.0219378 0  69
-0.021945 61  78
-0.0220304 59  89
-0.022037 14  31
-0.022039 6  71
-0.0220393 54  66
-0.0221215 68  89
-0.0221479 33  61
-0.0221666 47  85
-0.0222662 19  47
-0.0223268 57  79
-0.0223347 18  58
-0.0223836 7  51
-0.0224451 2  9
-0.0224639 49  84
-0.0224959 12  76
-0.0225347 42  84
-0.022547 25  28
-0.0225768 1  72
-0.0226355 72  74
-0.0226522 2  61
-0.0226929 52  69
-0.0227001 31  34
-0.0227006 35  80
-0.0230263 2  88
-0.0231212 6  35
-0.023202 75  88
-0.0232203 33  45
-0.0232606 26  35
-0.0232863 19  25
-0.0233354 32  48
-0.0234201 24  43
-0.0234746 7  57
-0.0234845 20  64
-0.023502 3  52
-0.0236273 25  75
-0.0237164 2  84
-0.023734 56  78
-0.0237596 17  78
-0.0237787 59  73
-0.0238198 5  50
-0.0238386 2  5
-0.0239386 0  12
-0.0239897 34  58
-0.0240137 39  75
-0.0240206 68  73
-0.0240357 41  75
-0.0240421 15  62
-0.0240464 34  59
-0.0241514 59  75
-0.0242222 18  74
-0.0242256 11  82
-0.0242844 2  24
-0.0243317 21  45
-0.0243708 37  84
-0.0244097 6  36
-0.0244147 30  57
-0.0247003 29  58
-0.0247098 1  13
-0.0247267 7  59
-0.0247653 17  54
-0.0248218 37  75
-0.0248383 2  70
-0.0248491 46  47
-0.0248769 77  86
-0.0248908 7  12
-0.024926 11  57
-0.0249593 15  81
-0.024974 43  68
-0.0250398 34  38
-0.0251045 6  52
-0.0251527 16  74
-0.0252161 34  51
-0.0252369 7  85
-0.0252655 23  42
-0.0252681 43  76
-0.0252956 16  21
-0.0253173 11  49
-0.0254705 7  30
-0.0255698 32  59
-0.0255751 32  49
-0.0256375 2  52
-0.0256953 68  71
-0.0257209 28  66
-0.0257241 18  28
-0.0257954 45  89
-0.0258067 31  58
-0.025853 53  86
-0.0258841 23  83
-0.0258855 9  29
-0.0258951 0  17
-0.0259084 0  27
-0.0259498 72  81
-0.0261202 17  60
-0.0262173 14  57
-0.0263108 48  86
-0.0263203 47  50
-0.0263495 23  44
-0.0263862 1  47
-0.0263883 50  53
-0.0265523 75  87
-0.0265653 4  64
-0.0266071 66  71
-0.0267021 64  84
-0.026941 72  89
-0.0270248 19  53
-0.0271246 30  87
-0.0271417 16  62
-0.0271738 13  76
-0.0272247 21  48
-0.0272603 43  75
-0.0273537 23  30
-0.0273575 47  56
-0.0273667 34  57
-0.0273701 14  49
-0.0273864 1  15
-0.0274305 34  40
-0.0274462 81  88
-0.0275238 60  72
-0.0275298 17  63
-0.0275367 3  49
-0.0275546 31  45
-0.0276116 42  56
-0.0276568 14  85
-0.0276677 30  85
-0.0276995 59  67
-0.027709 24  50
-0.0277236 25  56
-0.0277243 28  58
-0.0277851 33  35
-0.0278741 26  62
-0.0278813 9  22
-0.0279714 68  80
-0.0280188 53  59
-0.0280929 29  53
-0.0281192 35  48
-0.0281683 58  66
-0.0282462 59  65
-0.0282704 13  35
-0.0283391 31  71
-0.0283609 0  87
-0.0284 38  59
-0.0284409 6  41
-0.0284858 0  79
-0.028493 32  43
-0.0285056 22  64
-0.0285478 4  89
-0.028557 16  63
-0.0286142 24  56
-0.0286975 23  81
-0.028762 56  89
-0.0288248 1  78
-0.0289 43  81
-0.0289586 27  64
-0.0289732 29  68
-0.0289855 7  79
-0.0290725 68  85
-0.0291186 16  60
-0.0291579 7  35
-0.0291695 20  63
-0.0292692 26  63
-0.0292813 75  86
-0.0294038 3  44
-0.0294351 3  40
-0.0294715 35  87
-0.0295381 20  89
-0.0295469 19  89
-0.0295526 4  39
-0.0295573 5  40
-0.0296385 13  42
-0.0297232 42  73
-0.0297934 39  87
-0.0298656 11  25
-0.0298875 13  55
-0.0298882 36  63
-0.0298949 50  54
-0.029958 7  47
-0.0300779 19  66
-0.0301124 5  52
-0.0301186 50  77
-0.0301219 11  37
-0.0302332 29  89
-0.0303415 11  35
-0.030446 57  73
-0.0304837 70  75
-0.0304917 70  80
-0.0306277 11  71
-0.030713 5  47
-0.0307363 70  84
-0.0307487 23  50
-0.0309139 24  69
-0.0309172 40  42
-0.0309502 23  55
-0.0310197 3  42
-0.0310499 70  81
-0.0311261 38  84
-0.0311794 41  60
-0.0312407 47  70
-0.0313271 15  77
-0.0314192 76  86
-0.0314311 12  50
-0.0314614 5  61
-0.0314824 18  57
-0.0315774 41  88
-0.0316441 15  38
-0.0316492 4  35
-0.0317885 41  73
-0.0317902 79  89
-0.0318091 3  28
-0.0318422 59  82
-0.0318441 36  61
-0.0319069 40  54
-0.0319138 32  65
-0.0319547 1  16
-0.0320427 28  53
-0.0322027 14  63
-0.0322183 44  68
-0.0322301 27  65
-0.0323026 18  75
-0.0323062 18  40
-0.0323144 38  47
-0.0323186 2  47
-0.0323215 8  76
-0.0323255 1  4
-0.0323832 52  63
-0.0323921 12  84
-0.0324039 16  77
-0.0324258 13  80
-0.0324678 38  75
-0.0324681 15  23
-0.0324819 29  64
-0.032555 1  39
-0.0325756 68  75
-0.0326152 65  73
-0.0326553 21  86
-0.0326828 7  88
-0.0328304 24  41
-0.0328381 0  36
-0.0329421 65  75
-0.0329528 34  47
-0.0329645 34  37
-0.0329942 11  46
-0.033079 10  64
-0.0331979 49  60
-0.0332449 28  43
-0.0332666 43  66
-0.0334264 20  77
-0.033543 8  57
-0.0336039 6  42
-0.03366 3  43
-0.0336833 17  83
-0.0336877 45  87
-0.0337012 18  81
-0.0337576 4  22
-0.0338523 4  66
-0.0339021 22  33
-0.0339583 42  63
-0.0339753 11  26
-0.0340873 8  74
-0.034152 18  77
-0.0341585 26  60
-0.0342019 37  57
-0.0342455 61  88
-0.0343191 12  17
-0.0343486 10  53
-0.0343988 20  73
-0.0344567 40  76
-0.0344799 9  54
-0.0345456 40  63
-0.0345561 51  80
-0.0345834 39  84
-0.0346584 10  48
-0.0346877 15  63
-0.0347519 7  15
-0.0348451 21  89
-0.0348654 12  60
-0.0349671 51  82
-0.0350212 31  82
-0.0350639 36  55
-0.0350901 9  52
-0.0350959 0  64
-0.035274 31  73
-0.0353486 31  47
-0.0353637 1  80
-0.0353768 35  88
-0.0355483 44  69
-0.0355505 15  70
-0.0355592 12  42
-0.035653 14  56
-0.0356587 14  38
-0.0356794 15  25
-0.0357181 0  88
-0.0357412 66  76
-0.0357545 29  47
-0.0357929 5  17
-0.0358022 21  66
-0.035827 1  21
-0.0358428 3  35
-0.0359278 35  86
-0.0359311 32  63
-0.0359312 3  73
-0.0359487 41  49
-0.0359529 45  53
-0.0359647 55  61
-0.0360405 11  75
-0.0361315 55  79
-0.0361636 52  73
-0.0362482 46  88
-0.0362689 43  51
-0.0363005 84  86
-0.0363794 7  70
-0.0365013 59  88
-0.0365204 11  84
-0.0365636 6  53
-0.0367866 39  81
-0.0368305 27  87
-0.0369027 11  50
-0.0369179 48  66
-0.037044 16  38
-0.0371561 33  60
-0.0371594 15  30
-0.0371766 23  69
-0.0371852 1  63
-0.0371935 17  27
-0.0372041 19  85
-0.0372319 14  19
-0.0372742 40  43
-0.0373231 34  68
-0.037359 35  77
-0.0374233 32  77
-0.0374659 7  74
-0.0375006 44  53
-0.0376313 38  76
-0.0376329 30  58
-0.0378329 40  84
-0.0378554 43  58
-0.0378672 39  62
-0.0378995 27  55
-0.0379446 25  59
-0.0380679 8  84
-0.0380942 7  20
-0.0381215 25  83
-0.0381849 6  81
-0.0383095 0  66
-0.0383149 15  21
-0.0383178 9  32
-0.038326 61  81
-0.0383943 14  50
-0.0384405 43  87
-0.0384431 47  87
-0.0386021 42  55
-0.0386926 34  39
-0.0387113 58  74
-0.0387956 39  88
-0.0389153 68  76
-0.0389669 65  76
-0.0390109 17  35
-0.0390242 50  52
-0.0390368 12  44
-0.0390448 17  76
-0.0391101 27  86
-0.0391505 34  55
-0.0391841 42  60
-0.0392219 18  45
-0.0394979 3  78
-0.0395038 2  82
-0.0395447 13  53
-0.0395749 2  67
-0.0396827 36  57
-0.0397383 32  54
-0.0397631 59  84
-0.0398021 76  88
-0.0398146 2  23
-0.0398457 16  28
-0.0398593 41  78
-0.0398635 54  77
-0.0399321 61  85
-0.039988 31  74
-0.0399938 48  49
-0.0400003 71  87
-0.0400693 40  49
-0.0401051 40  75
-0.0401858 18  48
-0.04024 43  57
-0.0403432 15  74
-0.0403487 11  88
-0.040355 18  59
-0.0403795 50  63
-0.0403836 33  56
-0.0404041 66  75
-0.0404636 45  76
-0.0405268 5  85
-0.0406471 58  67
-0.0406611 58  78
-0.0408437 52  70
-0.0408729 39  86
-0.040932 16  30
-0.0409772 24  39
-0.0410019 24  72
-0.0410206 27  36
-0.0410717 14  35
-0.0410845 18  71
-0.0411143 9  59
-0.041117 34  78
-0.0411192 59  87
-0.0411472 23  77
-0.04115 34  66
-0.0411767 8  55
-0.0411961 63  67
-0.041199 1  79
-0.0412245 22  26
-0.0412786 52  88
-0.0413531 3  19
-0.0414382 31  66
-0.0414506 55  83
-0.0414992 36  58
-0.0415138 14  77
-0.0415732 12  54
-0.0416383 37  45
-0.0416404 57  69
-0.0416481 2  25
-0.041688 6  27
-0.0417312 58  88
-0.0417461 6  65
-0.0417991 4  13
-0.0418267 35  59
-0.0419446 30  70
-0.0420505 6  84
-0.042083 32  33
-0.0421567 5  81
-0.0422738 1  67
-0.0422818 13  22
-0.0423343 14  53
-0.0424289 33  58
-0.0424931 9  72
-0.0425145 8  32
-0.042627 27  68
-0.0426487 15  65
-0.0426562 61  68
-0.0426622 18  19
-0.0426861 24  75
-0.0427148 13  20
-0.0427928 31  54
-0.0427957 47  62
-0.0428654 32  35
-0.042888 0  77
-0.0429114 2  66
-0.0429919 44  59
-0.0430813 38  85
-0.0433296 12  82
-0.0433477 54  87
-0.0433528 14  22
-0.0434328 2  27
-0.0435272 56  79
-0.0435483 54  84
-0.0436821 58  85
-0.043688 29  62
-0.0437532 13  37
-0.0437811 48  60
-0.0438094 15  43
-0.0438501 8  63
-0.0438635 17  86
-0.0438704 37  76
-0.043891 63  72
-0.0439167 7  18
-0.0440181 68  84
-0.0441134 0  43
-0.0441839 10  24
-0.0442855 2  13
-0.0443168 72  82
-0.0443598 17  42
-0.0444534 50  70
-0.0446308 43  53
-0.0447231 11  19
-0.044905 36  74
-0.0449392 18  80
-0.0450257 18  60
-0.0450571 62  75
-0.0451912 1  5
-0.0451958 41  70
-0.0452498 15  60
-0.0452709 0  2
-0.0453061 8  75
-0.0454033 4  58
-0.0454182 29  56
-0.0454384 6  66
-0.0455345 18  76
-0.0455872 67  71
-0.0456294 9  87
-0.0458195 38  71
-0.0458754 57  70
-0.045889 25  55
-0.045895 82  87
-0.0459289 0  85
-0.0459521 5  79
-0.0460401 26  59
-0.046043 16  22
-0.0460833 23  88
-0.0461239 59  81
-0.0461487 33  38
-0.0461624 47  51
-0.0462226 66  84
-0.0462874 25  84
-0.0463386 26  34
-0.0463977 66  69
-0.0464248 13  84
-0.0464466 45  85
-0.0465255 34  88
-0.046599 2  40
-0.0466068 29  85
-0.046643 47  78
-0.0467532 38  63
-0.0467581 61  82
-0.0467854 62  73
-0.0468167 15  20
-0.0468664 8  28
-0.0469522 41  46
-0.0470163 58  70
-0.0470178 59  77
-0.0470697 41  82
-0.0470925 6  70
-0.047104 3  12
-0.0471076 32  67
-0.0471925 19  23
-0.0472272 5  88
-0.0472703 56  70
-0.0473027 67  76
-0.0473707 41  56
-0.0473784 24  80
-0.0474393 16  58
-0.0475011 27  63
-0.0475365 27  58
-0.0475488 0  1
-0.0476248 25  31
-0.0476464 42  54
-0.0476545 22  60
-0.0476971 65  84
-0.0478112 17  36
-0.0478223 7  82
-0.0478709 56  74
-0.0479118 28  83
-0.0479189 48  53
-0.047928 40  68
-0.0479307 40  71
-0.0479439 28  51
-0.0479824 36  82
-0.0479911 54  74
-0.0481071 59  66
-0.0481754 44  67
-0.0481883 59  86
-0.0481884 22  35
-0.0481951 3  85
-0.0482312 14  55
-0.048265 11  51
-0.0483354 57  62
-0.0483632 1  40
-0.0483747 47  77
-0.048399 73  86
-0.0484119 8  21
-0.0484419 11  87
-0.0484462 45  82
-0.0484651 6  64
-0.0484777 43  84
-0.0484834 23  28
-0.0485186 39  51
-0.048527 31  59
-0.0486197 13  57
-0.0486466 39  63
-0.0486697 8  60
-0.0486699 18  50
-0.0486935 76  79
-0.0487287 14  68
-0.0487378 61  80
-0.0487627 42  45
-0.048941 19  51
-0.0491294 26  32
-0.04918 22  23
-0.0492774 38  82
-0.0493064 7  67
-0.0494696 0  84
-0.0495824 7  73
-0.0496318 26  58
-0.0497296 78  85
-0.0497817 14  74
-0.0499126 37  42
-0.0499593 35  45
-0.0500108 59  74
-0.0500299 20  50
-0.0500988 29  54
-0.0501708 17  44
-0.0502618 21  26
-0.050295 44  88
-0.0502988 19  24
-0.0504117 18  64
-0.0504888 34  61
-0.0504988 14  52
-0.0505126 53  82
-0.0506107 54  69
-0.0506114 14  66
-0.0506121 34  69
-0.0506138 4  41
-0.0506638 23  43
-0.0507368 24  40
-0.0507724 28  41
-0.0509092 5  63
-0.0509334 67  84
-0.0509662 27  46
-0.0510364 1  48
-0.0511172 0  75
-0.0511254 26  78
-0.0511257 22  41
-0.0511625 18  44
-0.0511975 13  54
-0.0512269 2  37
-0.0513273 43  71
-0.0514804 2  41
-0.0514839 61  71
-0.0515007 12  27
-0.0515031 3  74
-0.0515403 16  51
-0.0515529 32  76
-0.0516648 48  69
-0.0516986 47  81
-0.0517059 15  83
-0.0517218 44  70
-0.0518633 14  45
-0.052016 33  85
-0.0520511 29  50
-0.0520571 37  56
-0.0522092 31  80
-0.0523334 18  56
-0.0523484 13  44
-0.0524204 57  85
-0.0525005 31  87
-0.0525053 49  63
-0.0525093 14  27
-0.0525135 32  86
-0.0526121 34  76
-0.0526428 34  63
-0.0526449 11  80
-0.0526721 38  52
-0.0527285 40  65
-0.0527385 31  41
-0.0528254 23  63
-0.0528658 21  68
-0.0528661 0  39
-0.0528836 39  71
-0.0530355 1  87
-0.0530992 3  39
-0.0531707 1  23
-0.0532766 29  80
-0.05342 31  42
-0.0534312 17  53
-0.053452 28  48
-0.0534609 6  31
-0.0534925 31  52
-0.0535017 33  69
-0.0535815 20  84
-0.0536017 26  88
-0.0536945 44  63
-0.0536954 4  18
-0.0538076 32  53
-0.0538229 1  68
-0.0538938 9  63
-0.0539211 9  60
-0.0540028 15  37
-0.0540869 38  56
-0.0541813 48  63
-0.0542011 11  63
-0.0542026 19  69
-0.0542227 14  21
-0.0542625 0  44
-0.0543073 65  83
-0.0543741 54  73
-0.054395 41  86
-0.0544492 15  31
-0.0544639 33  36
-0.0544915 0  26
-0.0545077 4  42
-0.0545545 45  63
-0.0545655 46  69
-0.0546662 24  67
-0.0547133 23  78
-0.0548035 16  61
-0.0548166 10  78
-0.0548593 11  41
-0.0548955 23  87
-0.0549008 29  87
-0.0550748 6  17
-0.055118 71  86
-0.0551221 12  73
-0.055284 9  73
-0.0553357 26  55
-0.0553526 67  75
-0.0553978 19  50
-0.0554588 15  53
-0.0554943 3  41
-0.055654 16  46
-0.0557059 6  32
-0.0557604 29  86
-0.0557805 10  34
-0.0558588 9  67
-0.0559117 44  75
-0.0559126 25  67
-0.0560087 61  79
-0.0560521 33  37
-0.056056 6  75
-0.0560587 53  69
-0.0561 45  52
-0.0561314 2  58
-0.0562271 18  49
-0.056232 10  52
-0.0564495 29  78
-0.0564914 3  76
-0.0565323 17  66
-0.0566586 40  57
-0.0566643 22  55
-0.0567146 50  64
-0.0568154 20  59
-0.0568188 60  88
-0.0569386 42  64
-0.0570047 5  28
-0.0570254 60  84
-0.0570443 25  34
-0.05705 11  24
-0.0571322 47  83
-0.0571397 52  87
-0.0573008 59  72
-0.0574026 26  70
-0.0574164 21  55
-0.0574224 9  66
-0.0574718 34  41
-0.0576691 28  73
-0.0576824 29  34
-0.0577166 19  40
-0.0578821 21  58
-0.057947 25  88
-0.0579614 6  40
-0.0580865 40  82
-0.0581804 2  51
-0.0581915 11  32
-0.0582209 11  28
-0.0582233 24  35
-0.0582984 23  52
-0.0583018 4  81
-0.0583367 4  51
-0.0585369 37  73
-0.0585783 23  47
-0.0586416 39  46
-0.0587765 19  83
-0.0588606 37  82
-0.0589951 28  34
-0.0590232 62  63
-0.0591728 62  66
-0.0591762 42  86
-0.0591964 12  81
-0.0592039 56  64
-0.0593276 24  61
-0.0593382 34  74
-0.0593529 39  61
-0.059463 15  33
-0.0595028 40  73
-0.0595125 38  69
-0.0595199 22  72
-0.0595276 3  45
-0.059576 7  65
-0.0596208 10  74
-0.0596349 60  87
-0.0596623 43  55
-0.059669 13  50
-0.0597022 15  80
-0.059707 54  81
-0.0597653 13  48
-0.0598003 7  78
-0.0598287 28  84
-0.0599598 39  65
-0.0599953 29  36
-0.0600469 39  60
-0.0600601 39  44
-0.0600747 15  45
-0.0600929 51  81
-0.0601593 35  60
-0.060185 7  24
-0.0602279 11  65
-0.0602697 8  17
-0.0603064 66  82
-0.0603151 41  61
-0.0603544 4  49
-0.0603591 37  60
-0.0604216 6  38
-0.0604989 39  66
-0.0605713 50  59
-0.0606185 9  80
-0.0607383 30  40
-0.0607533 47  68
-0.0607751 25  76
-0.0609341 26  56
-0.0609593 40  59
-0.0610224 17  26
-0.0610491 28  68
-0.061055 6  59
-0.0611229 17  23
-0.0611277 41  76
-0.0612223 40  60
-0.061309 9  27
-0.0613479 21  74
-0.0613727 8  56
-0.0614338 71  88
-0.0614607 6  15
-0.0614668 6  78
-0.0614719 15  85
-0.0615276 18  84
-0.0615578 5  36
-0.0615684 8  67
-0.0616257 16  45
-0.0616468 61  70
-0.0616503 20  41
-0.061712 2  71
-0.0617148 40  74
-0.0617267 49  61
-0.0617449 1  58
-0.0618535 11  68
-0.0618728 14  70
-0.0618881 8  36
-0.0619134 8  40
-0.0619155 14  51
-0.0619286 25  43
-0.0619348 40  78
-0.0619424 40  61
-0.0619566 39  85
-0.0619571 13  73
-0.0620931 38  49
-0.0621415 0  40
-0.0622151 0  23
-0.0622984 40  80
-0.0624132 26  30
-0.0624134 25  32
-0.0624298 8  64
-0.0624369 27  62
-0.0625485 11  55
-0.0626104 38  45
-0.0626792 26  86
-0.0626842 19  80
-0.0627481 17  55
-0.0628066 29  77
-0.0628376 7  80
-0.062966 6  86
-0.0629945 0  76
-0.0630197 47  63
-0.0632768 36  42
-0.0633186 34  44
-0.0634125 27  60
-0.0634906 17  37
-0.063496 32  61
-0.0635449 54  79
-0.0636154 38  73
-0.0636534 15  32
-0.0637043 3  22
-0.0637335 46  62
-0.0637446 10  76
-0.0637599 39  42
-0.0637956 4  26
-0.06387 45  81
-0.0640165 4  78
-0.0640199 33  40
-0.0640671 9  82
-0.0641408 14  54
-0.0642063 15  28
-0.0642601 9  21
-0.0645091 53  78
-0.0645107 3  32
-0.0645361 33  53
-0.0645449 24  44
-0.0646405 0  86
-0.0646847 46  53
-0.0647032 6  12
-0.064779 8  83
-0.0647808 24  57
-0.0648506 36  85
-0.0650078 38  80
-0.0650243 14  65
-0.0651036 2  42
-0.0651571 45  51
-0.0651622 38  81
-0.0651727 31  40
-0.0651819 0  81
-0.0653198 21  70
-0.0654812 45  84
-0.0654997 39  72
-0.0655878 27  50
-0.0655879 18  47
-0.0657011 20  56
-0.0658543 36  83
-0.0659439 7  27
-0.066046 5  84
-0.0661234 36  73
-0.0662082 11  81
-0.0662716 9  17
-0.0662791 0  67
-0.0663617 37  83
-0.0663988 8  59
-0.0664842 55  73
-0.0664957 30  36
-0.0665106 11  64
-0.0665594 2  12
-0.0666631 34  73
-0.0666918 49  68
-0.0667094 50  72
-0.0667313 39  68
-0.0667385 19  76
-0.0667558 47  86
-0.0668923 18  53
-0.0669545 65  82
-0.0670295 6  30
-0.0670637 48  81
-0.0671116 38  65
-0.067214 57  83
-0.0672269 40  64
-0.0672507 21  40
-0.0674246 19  26
-0.0674306 72  83
-0.0674762 34  82
-0.0675967 21  60
-0.0676213 48  68
-0.0676807 40  69
-0.0677282 48  80
-0.0677799 41  66
-0.0677811 17  40
-0.067804 25  71
-0.0678439 4  17
-0.0678714 1  20
-0.0678752 10  87
-0.0679377 62  76
-0.0679429 21  38
-0.067977 27  37
-0.0680072 36  70
-0.068142 61  74
-0.0681819 10  50
-0.0681821 24  45
-0.0681911 58  79
-0.0682647 21  50
-0.0683794 23  68
-0.0684636 26  68
-0.068569 38  87
-0.0685761 0  25
-0.0689105 27  59
-0.0689341 20  86
-0.0689632 36  87
-0.0690808 42  66
-0.0691313 24  29
-0.0692522 16  70
-0.069292 53  73
-0.0692982 53  74
-0.0693613 26  57
-0.0693975 4  14
-0.0694292 16  37
-0.0695175 28  36
-0.0695568 13  81
-0.0695889 6  26
-0.0697193 25  63
-0.0697657 14  86
-0.0697677 33  74
-0.0698352 42  70
-0.069846 55  82
-0.0698623 60  73
-0.0698843 41  51
-0.0698892 14  24
-0.0699199 16  87
-0.0699277 62  65
-0.069963 38  68
-0.0701061 40  85
-0.0701233 9  48
-0.0701754 6  14
-0.0702081 4  55
-0.0702126 2  33
-0.0703458 50  87
-0.0704424 5  26
-0.0705101 15  52
-0.0705473 45  73
-0.0705519 39  73
-0.070566 7  55
-0.0705727 60  83
-0.0706026 43  82
-0.0706527 18  68
-0.0706679 22  39
-0.0708331 52  86
-0.0709308 64  80
-0.0709311 38  74
-0.0709559 38  83
-0.0709825 7  52
-0.0710223 5  22
-0.0710742 28  85
-0.0712847 34  60
-0.0713033 52  84
-0.0713603 40  81
-0.0713604 13  82
-0.0714045 8  14
-0.0714228 36  88
-0.0715061 1  81
-0.071722 27  77
-0.0717399 48  64
-0.0718212 62  87
-0.0718505 62  84
-0.0719135 66  83
-0.0720098 12  29
-0.0720278 9  62
-0.0720487 15  48
-0.0720827 4  77
-0.0721433 41  57
-0.0721901 28  62
-0.0722095 17  65
-0.0723491 12  58
-0.0723906 40  70
-0.0724091 14  87
-0.0724372 41  58
-0.0725094 32  62
-0.0725988 23  31
-0.0726159 35  63
-0.0728354 78  83
-0.0728464 12  83
-0.0728614 24  28
-0.0728933 48  56
-0.0729399 44  54
-0.0729992 1  11
-0.0730386 47  80
-0.0730569 34  81
-0.0730738 40  87
-0.0731695 21  72
-0.0732269 9  30
-0.0732317 54  78
-0.0732916 13  33
-0.0732948 9  50
-0.0733439 27  56
-0.073354 43  88
-0.0733785 13  21
-0.0734091 5  77
-0.0734384 34  87
-0.0734529 9  51
-0.0734841 21  64
-0.0735037 34  77
-0.0735603 14  88
-0.0736571 15  68
-0.0736781 9  49
-0.0738402 21  39
-0.0739309 46  87
-0.0739378 11  34
-0.073952 4  19
-0.0739985 51  87
-0.0740627 5  56
-0.0741271 7  81
-0.0741275 4  47
-0.0741315 41  44
-0.0741433 44  55
-0.0742887 12  69
-0.0743138 43  64
-0.0743473 24  88
-0.0744008 62  69
-0.0744167 38  64
-0.0744392 20  68
-0.0747593 18  83
-0.0748099 17  68
-0.0748411 12  34
-0.0748656 22  38
-0.0748859 13  85
-0.0748867 8  24
-0.0748983 38  60
-0.0749559 9  25
-0.0749611 39  80
-0.0750863 19  86
-0.0751358 3  27
-0.0751466 9  47
-0.0753036 10  38
-0.0754055 16  40
-0.0754337 40  83
-0.0755072 21  82
-0.0755198 52  78
-0.0756781 18  70
-0.0757448 4  30
-0.0757578 44  58
-0.07577 3  83
-0.07583 25  42
-0.0759336 49  73
-0.0759873 53  76
-0.0759997 30  31
-0.0761548 37  69
-0.0761717 52  75
-0.076196 36  81
-0.0762572 7  77
-0.0763169 5  20
-0.0764094 24  84
-0.0764299 10  41
-0.0764562 62  68
-0.0765171 22  59
-0.0765535 19  57
-0.0765855 0  71
-0.0768062 35  51
-0.0768935 16  86
-0.076902 44  66
-0.0769209 1  26
-0.0770887 29  74
-0.0771002 31  61
-0.0771389 39  58
-0.07715 34  84
-0.0771783 61  87
-0.0772264 38  61
-0.0772522 18  88
-0.077369 31  81
-0.0774713 62  82
-0.0775778 66  79
-0.0777223 38  78
-0.0777442 14  64
-0.0777451 36  46
-0.077767 57  77
-0.0778209 14  78
-0.0779007 21  69
-0.0780537 24  71
-0.0780895 7  68
-0.0781054 42  52
-0.0782274 26  66
-0.0782417 1  22
-0.0783036 32  68
-0.0784057 35  62
-0.0784455 40  66
-0.0784918 42  71
-0.0785048 7  8
-0.0785173 62  81
-0.0785593 71  77
-0.0785696 60  71
-0.0787043 7  16
-0.0788027 60  79
-0.0788502 14  43
-0.078857 2  38
-0.0788778 51  57
-0.0789653 58  87
-0.0789751 30  76
-0.0790702 26  43
-0.0791382 61  69
-0.0791572 61  76
-0.0792185 23  54
-0.0792865 6  22
-0.0793253 29  46
-0.0794701 16  72
-0.0794902 9  40
-0.0795487 36  80
-0.0795869 31  83
-0.0796212 20  65
-0.0797551 10  40
-0.0798108 20  22
-0.0798209 31  86
-0.0798353 23  64
-0.0798628 21  57
-0.0798904 59  80
-0.0799049 33  59
-0.0800502 33  63
-0.0800805 26  65
-0.080155 32  50
-0.080204 9  78
-0.0802069 40  88
-0.0802134 1  84
-0.0802596 23  29
-0.0802623 25  44
-0.080293 48  65
-0.0803692 16  54
-0.0803858 39  55
-0.0805015 1  33
-0.0805943 60  75
-0.0806822 11  30
-0.0807833 14  79
-0.0808377 51  83
-0.0808532 15  64
-0.0811023 17  67
-0.081158 34  62
-0.0812131 10  22
-0.0812137 53  70
-0.081426 39  57
-0.0814843 38  58
-0.0814865 4  80
-0.0815186 38  88
-0.0815221 0  82
-0.0815251 55  76
-0.0816012 14  47
-0.0816304 28  52
-0.0817389 25  82
-0.081761 49  88
-0.0817769 44  85
-0.0818289 31  38
-0.0818912 31  77
-0.0821696 40  86
-0.0822104 10  79
-0.0822413 22  88
-0.0822573 62  85
-0.0822876 8  52
-0.0823338 12  80
-0.0824013 11  54
-0.0824028 38  43
-0.0825099 19  38
-0.0825294 26  64
-0.0827579 38  86
-0.0828384 27  80
-0.0829131 5  54
-0.0829568 2  73
-0.0829918 24  30
-0.0830561 56  73
-0.0830609 62  67
-0.0832449 62  78
-0.0832702 22  85
-0.0833192 12  74
-0.0833518 30  56
-0.0837077 26  87
-0.0837347 39  69
-0.0837473 40  53
-0.0837619 3  84
-0.0838181 18  51
-0.08391 4  21
-0.0839256 19  34
-0.0839647 25  30
-0.0839819 20  57
-0.0840484 60  85
-0.0841164 13  30
-0.0841345 46  57
-0.0842107 16  78
-0.0842472 30  73
-0.0843296 51  78
-0.0843792 54  65
-0.0844005 50  88
-0.0844036 21  36
-0.0844291 39  53
-0.0844367 27  52
-0.0844658 59  78
-0.0845012 15  49
-0.0845717 3  77
-0.0846237 27  39
-0.0846393 19  70
-0.0846579 15  72
-0.0846586 27  75
-0.0846751 56  76
-0.084695 40  56
-0.0847236 3  30
-0.084799 3  66
-0.0848041 47  67
-0.0848103 32  81
-0.084885 2  50
-0.0849354 9  45
-0.0849553 13  69
-0.085043 8  13
-0.085188 18  78
-0.0851916 1  31
-0.0852931 47  66
-0.0853102 50  67
-0.0853258 13  66
-0.0853308 14  20
-0.085337 58  81
-0.0853582 40  67
-0.0854606 77  85
-0.0854906 19  42
-0.0854988 12  32
-0.0855504 24  63
-0.0856512 2  26
-0.0857373 58  84
-0.0858076 11  67
-0.0858481 14  62
-0.0858692 27  43
-0.0859008 13  67
-0.0859335 10  51
-0.0859381 5  41
-0.0859923 37  81
-0.0860027 17  59
-0.0860812 48  78
-0.0861576 1  50
-0.0861836 4  16
-0.0862047 32  46
-0.0862203 34  70
-0.086246 3  82
-0.0863682 30  83
-0.0864835 29  44
-0.0864915 16  35
-0.0865228 3  79
-0.0865364 27  40
-0.0866016 58  75
-0.0866785 6  20
-0.08674 1  41
-0.0868254 60  74
-0.0870275 65  81
-0.0870565 58  71
-0.087114 42  62
-0.0871498 20  27
-0.0871557 43  63
-0.0873702 44  81
-0.0873807 14  67
-0.0873981 36  66
-0.0874057 41  68
-0.0874987 29  42
-0.0875025 30  86
-0.0875751 40  77
-0.0876051 16  66
-0.0876514 1  71
-0.087672 16  64
-0.0876774 27  85
-0.0876964 8  31
-0.0877496 8  33
-0.0879425 44  83
-0.0880281 21  51
-0.0880967 4  50
-0.0881806 59  71
-0.0882645 8  15
-0.0883052 5  66
-0.088482 4  25
-0.0885423 62  88
-0.0885436 11  45
-0.0885905 33  86
-0.0886247 9  43
-0.0887152 49  87
-0.0888131 39  59
-0.0888288 26  52
-0.0888613 37  44
-0.0888865 60  69
-0.0891151 10  44
-0.0891259 24  76
-0.0892422 20  23
-0.0892465 51  72
-0.0892691 61  83
-0.0892741 27  41
-0.0893005 41  80
-0.0893455 7  34
-0.0893625 38  57
-0.0894614 40  58
-0.0894963 6  28
-0.0896157 38  70
-0.0896268 7  33
-0.0897836 29  37
-0.0898297 2  39
-0.0898875 40  52
-0.0899837 23  86
-0.09006 25  85
-0.0901174 54  83
-0.090259 36  59
-0.0903872 22  40
-0.0903888 30  69
-0.0904094 2  22
-0.0907068 61  77
-0.0908172 7  64
-0.0908568 1  38
-0.0908694 17  47
-0.0910306 27  69
-0.0910677 16  32
-0.0910694 48  85
-0.0912337 9  36
-0.0912581 40  55
-0.0912756 58  72
-0.0913612 21  41
-0.091382 30  39
-0.0914409 11  85
-0.0915597 2  16
-0.0917669 36  67
-0.0918877 5  44
-0.0919559 58  76
-0.0920172 49  62
-0.0920201 44  84
-0.0920452 6  51
-0.0921046 1  76
-0.09214 47  49
-0.0923735 7  41
-0.0925644 20  40
-0.0925651 50  56
-0.0926592 47  69
-0.0926842 13  74
-0.0927328 15  50
-0.0928439 3  50
-0.0928498 23  49
-0.0928622 37  58
-0.0928663 62  83
-0.0929133 46  51
-0.0930168 22  49
-0.0930253 15  87
-0.0931107 1  9
-0.0931529 23  67
-0.0931947 29  55
-0.0932952 19  41
-0.0934277 38  77
-0.0934966 21  61
-0.0935993 52  79
-0.0936314 5  16
-0.093691 0  37
-0.0936952 25  81
-0.0937059 37  80
-0.0937098 3  37
-0.0937975 18  43
-0.0938132 51  56
-0.093881 17  52
-0.0939355 26  79
-0.0939359 24  46
-0.0939701 40  72
-0.0940129 1  42
-0.0941671 38  66
-0.094292 20  88
-0.0943791 29  72
-0.0943943 17  70
-0.0944809 20  78
-0.0945212 59  83
-0.094524 6  24
-0.0946526 20  87
-0.0946566 14  28
-0.0946748 13  87
-0.0947114 18  27
-0.0947896 9  34
-0.0948178 49  70
-0.0948493 4  46
-0.0948861 9  58
-0.0949947 27  88
-0.0950228 13  70
-0.0950336 56  81
-0.0950943 13  86
-0.0951137 30  41
-0.0951527 5  27
-0.0951745 33  88
-0.0951765 39  83
-0.0951906 20  54
-0.0953364 13  63
-0.0953413 28  69
-0.0954318 31  39
-0.0954383 30  77
-0.0954445 30  48
-0.0954705 37  85
-0.0954733 16  88
-0.0954809 5  32
-0.0955151 14  29
-0.0955491 34  67
-0.0955802 13  31
-0.095584 23  34
-0.095632 34  86
-0.0956818 33  78
-0.0957182 6  29
-0.0957342 60  77
-0.0958161 29  57
-0.0958203 17  48
-0.095824 20  26
-0.095864 12  63
-0.095872 22  50
-0.0959276 4  43
-0.0959845 4  52
-0.0961456 25  45
-0.0962197 16  68
-0.0962467 24  82
-0.0963158 16  65
-0.0964005 11  83
-0.0965387 28  81
-0.0966141 37  63
-0.0966863 42  59
-0.0967178 40  79
-0.0967195 67  73
-0.0968766 51  74
-0.0970174 27  82
-0.0970254 47  65
-0.0970365 53  77
-0.097137 5  73
-0.0972111 8  82
-0.0972574 15  19
-0.0972603 48  67
-0.097267 26  45
-0.0973382 32  73
-0.0974043 45  83
-0.0974606 36  78
-0.0974729 39  78
-0.0975445 42  67
-0.097568 4  29
-0.0976752 0  45
-0.0978898 50  68
-0.0979698 46  75
-0.0980331 4  15
-0.0980938 6  57
-0.0982207 6  54
-0.0982258 29  81
-0.0982308 35  68
-0.0982448 50  78
-0.0983241 31  64
-0.0983892 18  37
-0.0984276 12  55
-0.098435 46  54
-0.0984909 5  19
-0.098582 39  70
-0.0986036 52  74
-0.0986887 53  79
-0.0987876 54  71
-0.0988114 29  41
-0.0990311 36  65
-0.0990798 48  55
-0.09912 32  51
-0.0991551 3  20
-0.0991556 35  78
-0.0991959 15  35
-0.0993465 57  76
-0.099356 62  86
-0.0993783 26  72
-0.0995119 17  81
-0.0995415 43  83
-0.0995663 12  57
-0.0996136 15  88
-0.099655 22  71
-0.0997859 30  68
-0.0998612 15  86
-0.0998618 43  49
-0.0999849 2  18
-0.100047 4  45
-0.100175 20  85
-0.100268 44  64
-0.100307 30  81
-0.100317 50  66
-0.100325 13  83
-0.100331 17  39
-0.100749 28  44
-0.100907 44  56
-0.10091 46  67
-0.101079 9  55
-0.10119 38  67
-0.101214 35  70
-0.101305 34  80
-0.10136 29  38
-0.101396 6  87
-0.101416 16  20
-0.101508 6  19
-0.101594 18  67
-0.101727 26  67
-0.101756 36  43
-0.101823 1  74
-0.10206 60  76
-0.102112 20  24
-0.102159 55  71
-0.102178 36  49
-0.10221 50  55
-0.102261 19  33
-0.102338 58  82
-0.102429 30  78
-0.102501 62  80
-0.10254 10  19
-0.102593 55  77
-0.102615 60  78
-0.102629 48  87
-0.102651 2  76
-0.10275 34  83
-0.102887 42  69
-0.102914 16  29
-0.103163 41  74
-0.103205 19  56
-0.103241 18  30
-0.103254 13  43
-0.103549 51  63
-0.103578 35  65
-0.103659 9  74
-0.103857 23  65
-0.103862 4  28
-0.103887 48  79
-0.103994 31  68
-0.104 51  66
-0.104047 45  75
-0.104094 62  64
-0.104148 49  71
-0.104153 54  80
-0.104176 27  73
-0.10419 25  73
-0.104225 15  78
-0.104418 32  80
-0.104435 18  85
-0.104442 20  36
-0.104492 21  81
-0.104617 59  85
-0.10473 29  67
-0.104747 24  33
-0.104787 60  80
-0.104861 36  64
-0.104965 19  22
-0.105077 27  54
-0.10508 12  53
-0.105165 7  84
-0.105202 8  80
-0.105217 5  62
-0.105252 4  84
-0.10532 30  55
-0.105622 5  25
-0.106156 4  76
-0.106168 16  19
-0.106304 42  50
-0.106398 31  78
-0.106422 33  87
-0.106456 35  57
-0.106468 31  85
-0.10651 1  17
-0.106599 1  75
-0.106615 36  68
-0.106722 52  71
-0.106759 55  75
-0.106772 8  23
-0.106779 23  70
-0.106818 21  75
-0.10695 10  71
-0.10702 17  19
-0.107027 21  80
-0.107169 24  31
-0.107207 33  64
-0.10721 8  62
-0.107246 5  71
-0.107431 9  77
-0.107451 8  73
-0.107486 5  14
-0.107557 29  35
-0.107562 21  71
-0.107586 50  57
-0.107727 31  88
-0.107783 0  11
-0.108167 22  80
-0.108328 10  26
-0.108438 28  46
-0.108571 16  52
-0.108616 24  85
-0.108644 32  56
-0.108714 62  72
-0.108731 19  77
-0.108768 13  46
-0.108909 46  76
-0.108948 60  82
-0.109047 4  34
-0.109208 8  12
-0.109314 15  66
-0.109625 10  45
-0.109721 2  15
-0.109974 20  42
-0.110008 17  49
-0.110256 35  58
-0.110258 1  35
-0.110361 51  60
-0.110372 5  64
-0.110474 4  36
-0.110667 4  62
-0.110851 8  29
-0.110935 53  71
-0.111228 0  83
-0.11131 35  64
-0.11131 34  72
-0.111442 8  47
-0.111468 21  77
-0.111483 46  82
-0.111567 41  67
-0.11161 7  69
-0.11164 29  40
-0.111642 25  65
-0.111678 13  32
-0.1117 37  74
-0.111769 51  65
-0.111893 32  66
-0.111969 20  55
-0.11201 28  50
-0.11204 57  84
-0.112278 42  83
-0.112309 35  72
-0.112436 17  50
-0.112524 34  85
-0.112588 39  52
-0.112647 19  52
-0.112936 5  69
-0.113 17  73
-0.113011 21  42
-0.11312 0  73
-0.11316 19  48
-0.113232 62  77
-0.113335 22  86
-0.113471 35  61
-0.11353 21  83
-0.113545 2  32
-0.113591 19  82
-0.113616 18  46
-0.11379 57  78
-0.113805 38  72
-0.11397 37  66
-0.11403 45  58
-0.114128 39  79
-0.114293 10  69
-0.114336 10  72
-0.114342 67  80
-0.114357 31  65
-0.114406 49  77
-0.114416 5  24
-0.114489 11  70
-0.114555 8  58
-0.114559 46  65
-0.114632 11  21
-0.114638 20  45
-0.114649 24  42
-0.114683 43  85
-0.114821 13  78
-0.114854 2  17
-0.114875 38  79
-0.115092 39  77
-0.115192 4  44
-0.115214 5  55
-0.115522 19  78
-0.115678 22  36
-0.116044 13  28
-0.116078 24  65
-0.116127 16  57
-0.116132 62  74
-0.116202 33  66
-0.116223 36  52
-0.116328 33  65
-0.116348 8  25
-0.116405 33  68
-0.116446 20  67
-0.116561 9  88
-0.116591 29  69
-0.116611 19  71
-0.116625 1  18
-0.116642 28  35
-0.116733 13  68
-0.116997 9  19
-0.11717 5  75
-0.117223 23  66
-0.11723 30  52
-0.117328 21  78
-0.117341 33  70
-0.117388 32  45
-0.117498 32  69
-0.117519 30  79
-0.117648 23  72
-0.117665 19  36
-0.118085 5  51
-0.118113 10  27
-0.118135 24  73
-0.11818 12  85
-0.118186 24  59
-0.118392 35  42
-0.118465 17  62
-0.118617 61  73
-0.118655 25  87
-0.118799 12  65
-0.118801 62  71
-0.11895 55  80
-0.118991 3  13
-0.119148 46  84
-0.119197 36  77
-0.119202 20  76
-0.119224 7  75
-0.119378 56  82
-0.119482 2  78
-0.119511 51  68
-0.119533 36  56
-0.119534 10  80
-0.119985 9  26
-0.120355 5  43
-0.120387 51  77
-0.120394 18  69
-0.12041 52  76
-0.120575 33  49
-0.120703 15  67
-0.120868 13  62
-0.120922 32  42
-0.121244 28  49
-0.121291 27  74
-0.121432 32  57
-0.121479 62  79
-0.121487 39  67
-0.121552 12  88
-0.12165 28  76
-0.121656 22  61
-0.121924 35  56
-0.122116 25  86
-0.122121 31  70
-0.122198 13  88
-0.122213 5  46
-0.122241 25  74
-0.122276 42  85
-0.122301 6  46
-0.122336 10  73
-0.122348 45  71
-0.122353 20  83
-0.122861 47  72
-0.123114 49  79
-0.123229 30  42
-0.123362 14  72
-0.123371 39  56
-0.123652 47  64
-0.123971 37  88
-0.12417 5  80
-0.124184 11  43
-0.124216 61  84
-0.124538 62  70
-0.124846 24  83
-0.124851 2  35
-0.124874 34  64
-0.124954 30  84
-0.125135 10  29
-0.125173 22  82
-0.125201 21  73
-0.125256 45  66
-0.125291 29  73
-0.125397 7  76
-0.125418 2  75
-0.125827 61  75
-0.125875 7  25
-0.126034 35  66
-0.126181 10  30
-0.126354 3  71
-0.126439 17  80
-0.126482 36  86
-0.126653 17  69
-0.12683 7  71
-0.126885 39  43
-0.127049 37  86
-0.127059 31  53
-0.127165 57  71
-0.127315 10  83
-0.127386 17  45
-0.127491 43  86
-0.12764 10  49
-0.127646 41  72
-0.12767 19  74
-0.127987 8  22
-0.127993 15  46
-0.128136 36  79
-0.128195 8  37
-0.12824 22  83
-0.128243 20  71
-0.128339 50  79
-0.128617 21  79
-0.128707 3  80
-0.128798 24  66
-0.128871 35  67
-0.128897 24  48
-0.128912 12  77
-0.128924 11  78
-0.128967 57  82
-0.129021 30  51
-0.129084 11  31
-0.129102 19  55
-0.129223 9  37
-0.129551 53  80
-0.129577 13  64
-0.129687 13  51
-0.129761 37  78
-0.129991 36  72
-0.130007 19  39
-0.130259 37  55
-0.130294 11  29
-0.130313 42  53
-0.130893 1  32
-0.131027 3  17
-0.131083 46  86
-0.131149 28  75
-0.131158 44  51
-0.131162 31  57
-0.131281 22  74
-0.131439 27  76
-0.131792 21  87
-0.131811 31  69
-0.131947 12  68
-0.132072 13  79
-0.132476 9  31
-0.132939 12  72
-0.132978 16  49
-0.133119 47  88
-0.133243 4  73
-0.133347 32  47
-0.133474 29  49
-0.133496 24  81
-0.13357 25  77
-0.133757 5  42
-0.134103 9  68
-0.134114 58  73
-0.134116 32  52
-0.134116 26  29
-0.134326 20  80
-0.134529 12  66
-0.134709 9  23
-0.134829 51  67
-0.134884 41  77
-0.13494 15  27
-0.135071 4  72
-0.135356 54  76
-0.135507 24  64
-0.135521 7  49
-0.135571 10  84
-0.135721 27  30
-0.135921 34  42
-0.135975 3  75
-0.13618 51  79
-0.136221 20  38
-0.136511 54  85
-0.136731 37  65
-0.136822 45  80
-0.137023 14  46
-0.137242 37  68
-0.137505 9  46
-0.13751 21  46
-0.137555 54  75
-0.137668 29  82
-0.138026 22  75
-0.138126 24  87
-0.138137 8  53
-0.138165 49  81
-0.138453 28  70
-0.138521 31  56
-0.138531 12  78
-0.138551 13  56
-0.138699 19  84
-0.139281 36  53
-0.139351 7  72
-0.139385 27  81
-0.139515 29  45
-0.139943 11  69
-0.139971 13  65
-0.140073 37  87
-0.140891 51  64
-0.140999 12  43
-0.14128 12  56
-0.141422 6  47
-0.14158 45  70
-0.141882 34  79
-0.142081 47  79
-0.14243 22  54
-0.142441 4  75
-0.142507 17  56
-0.142681 29  76
-0.142709 43  70
-0.142761 18  22
-0.143284 49  76
-0.143393 56  75
-0.143447 20  46
-0.143492 37  70
-0.14367 12  64
-0.143936 22  76
-0.144486 9  33
-0.144787 18  52
-0.144904 20  72
-0.145021 2  56
-0.14505 25  27
-0.145157 37  43
-0.145235 23  79
-0.145276 21  53
-0.145401 12  70
-0.145456 45  86
-0.145553 19  81
-0.14568 22  32
-0.146099 12  87
-0.146407 10  75
-0.146686 12  67
-0.146963 21  76
-0.147008 19  73
-0.147563 18  72
-0.147632 16  79
-0.148035 25  64
-0.148669 21  84
-0.148684 57  75
-0.149148 13  77
-0.150222 3  25
-0.150268 29  71
-0.150274 25  69
-0.150421 16  67
-0.150425 49  75
-0.150432 19  75
-0.150524 10  25
-0.150816 30  74
-0.150884 20  81
-0.151046 51  55
-0.152023 37  64
-0.152172 43  52
-0.152387 37  77
-0.15269 33  72
-0.152693 20  39
-0.153442 29  84
-0.15372 6  25
-0.153926 33  67
-0.155108 9  44
-0.15664 44  71
-0.156748 24  74
-0.156896 17  41
-0.156982 56  84
-0.157 6  37
-0.157045 29  48
-0.157202 10  81
-0.157208 45  64
-0.157724 35  79
-0.158067 8  51
-0.158081 49  82
-0.158148 11  27
-0.158669 18  79
-0.158864 17  30
-0.159016 52  82
-0.159259 15  79
-0.159346 49  83
-0.15938 17  77
-0.159458 37  72
-0.159495 51  85
-0.159658 49  74
-0.160385 21  85
-0.161774 3  81
-0.162048 29  88
-0.162254 30  82
-0.163379 4  71
-0.163525 30  75
-0.163963 22  73
-0.164182 4  32
-0.164223 9  69
-0.165141 24  77
-0.165413 31  67
-0.166414 56  71
-0.166499 22  25
-0.166941 22  81
-0.167267 30  54
-0.167348 10  17
-0.167553 25  66
-0.167602 48  72
-0.168856 24  32
-0.169343 20  74
-0.171364 19  79
-0.171633 46  83
-0.171819 11  79
-0.172031 10  32
-0.172901 12  86
-0.172947 17  24
-0.173243 17  43
-0.175877 11  72
-0.176002 25  46
-0.176888 10  82
-0.17718 21  44
-0.178708 46  73
-0.178994 29  83
-0.17901 20  75
-0.179533 28  82
-0.181093 31  72
-0.181805 20  82
-0.18187 5  37
-0.181909 37  67
-0.184717 27  32
-0.184983 31  79
-0.185105 52  80
-0.185706 13  72
-0.186681 33  79
-0.186965 9  20
-0.187375 10  46
-0.188314 52  77
-0.190366 5  12
-0.19058 22  30
-0.190655 5  83
-0.191286 28  72
-0.191895 46  85
-0.192393 5  29
-0.194907 30  71
-0.195317 12  79
-0.195523 8  43
-0.199467 19  37
-0.200586 6  49
-0.201852 24  86
-0.202646 12  19
-0.203955 25  29
-0.207453 29  75
-0.208754 37  79
-0.218272 46  71
