2.64616 10  74
2.44155 14  70
2.37377 27  49
2.32205 15  69
2.21717 29  47
2.21012 28  48
2.19497 26  50
2.16823 31  45
2.15227 58  61
2.09949 57  62
2.02562 59  60
1.97132 32  44
1.92407 30  46
1.90662 56  63
1.76746 12  72
1.49675 9  75
1.34071 8  76
1.28399 1  86
1.12805 12  73
1.12459 0  87
1.10878 13  71
1.07758 3  84
1.06711 37  81
1.06098 30  47
1.05674 29  48
1.03219 25  51
1.02582 11  73
0.968144 24  52
0.771378 18  19
0.748023 20  21
0.692916 16  17
0.690427 17  34
0.674625 71  88
0.641846 44  45
0.591104 22  24
0.556308 24  25
0.548137 33  34
0.532551 64  80
0.52924 22  54
0.527359 22  52
0.50755 18  21
0.506571 77  78
0.500777 32  45
0.493816 33  40
0.488897 35  59
0.484936 25  52
0.480402 64  65
0.471624 16  34
0.458278 39  79
0.452354 16  19
0.447964 38  39
0.447073 13  15
0.437322 51  52
0.435159 17  19
0.427206 80  84
0.425142 17  23
0.423346 34  44
0.414329 38  80
0.404498 38  88
0.400033 14  15
0.398313 2  85
0.385554 0  13
0.385426 82  83
0.380598 35  38
0.373012 34  37
0.362027 32  81
0.359932 78  79
0.358429 4  24
0.353436 3  5
0.353422 22  25
0.352261 1  2
0.351008 23  25
0.347998 13  73
0.342769 13  69
0.341716 38  48
0.341381 64  67
0.339997 3  80
0.339839 17  54
0.338383 23  54
0.33668 17  18
0.334572 17  39
0.33321 67  75
0.331667 21  66
0.329585 46  47
0.327764 23  24
0.325047 22  23
0.323764 26  35
0.322113 16  79
0.320952 16  18
0.319254 60  61
0.310653 27  57
0.308951 24  51
0.305128 77  80
0.303936 65  68
0.302812 38  58
0.300629 23  52
0.296918 20  70
0.296612 66  88
0.289891 67  68
0.287865 41  43
0.287763 31  44
0.285975 5  41
0.285809 17  22
0.285539 10  13
0.284759 34  39
0.28465 19  21
0.284439 83  85
0.284438 72  88
0.284119 24  37
0.282178 28  49
0.281927 66  68
0.281918 34  40
0.278097 81  83
0.277295 35  76
0.277104 1  51
0.27685 81  88
0.273048 16  38
0.272062 9  13
0.270439 17  38
0.269771 65  66
0.267958 61  63
0.267331 11  12
0.2653 4  52
0.26407 39  81
0.263711 30  73
0.263646 32  34
0.262332 34  43
0.261376 5  6
0.260133 61  62
0.258872 18  20
0.258797 16  39
0.256528 20  64
0.256308 29  44
0.25616 52  54
0.256098 87  88
0.255806 31  65
0.255249 81  85
0.25517 11  47
0.252994 33  42
0.252737 35  88
0.25243 0  83
0.248072 8  86
0.247979 33  43
0.247527 57  61
0.247477 2  3
0.247359 68  81
0.247022 76  85
0.24431 0  3
0.243983 18  65
0.243004 29  46
0.240731 35  50
0.240077 71  73
0.239247 71  74
0.238871 72  74
0.237627 77  79
0.235785 11  32
0.235708 6  7
0.235371 82  84
0.235288 25  54
0.234989 63  85
0.233936 60  81
0.233118 5  34
0.232576 41  78
0.232458 7  36
0.231815 17  25
0.231305 34  42
0.230443 1  15
0.229728 6  35
0.228201 34  79
0.227526 29  73
0.226811 3  33
0.226773 2  58
0.226743 69  86
0.226422 39  40
0.225188 4  9
0.223921 49  57
0.223884 19  34
0.22022 60  87
0.219808 7  55
0.219579 71  72
0.219365 32  52
0.219243 4  44
0.218237 81  82
0.217683 21  48
0.217656 33  78
0.217348 77  82
0.217314 10  72
0.216222 68  77
0.21448 71  87
0.213404 84  87
0.213205 4  45
0.211715 35  41
0.211413 21  56
0.211314 4  37
0.210966 5  80
0.21087 45  47
0.210577 10  57
0.210369 45  46
0.210157 3  20
0.209445 82  85
0.209348 33  39
0.209291 76  83
0.209197 5  88
0.209172 70  81
0.208065 29  88
0.20757 14  81
0.207529 12  15
0.206531 34  64
0.206446 67  80
0.206312 4  34
0.206274 5  35
0.205845 11  62
0.205354 62  63
0.204386 12  14
0.203859 16  24
0.203004 6  41
0.201848 68  76
0.201182 86  87
0.201043 82  86
0.200389 16  52
0.200156 1  14
0.200023 68  78
0.199866 45  56
0.198931 37  42
0.19875 4  23
0.198517 33  50
0.198242 10  15
0.19819 79  87
0.197969 32  42
0.197898 72  81
0.197741 5  40
0.197594 7  8
0.195951 54  58
0.195584 80  82
0.195448 63  69
0.195431 13  48
0.194775 28  56
0.194632 3  34
0.194602 24  32
0.194278 17  73
0.194024 63  70
0.193954 14  24
0.193107 30  31
0.191526 60  74
0.191303 46  88
0.19116 18  34
0.191005 13  74
0.190667 64  87
0.190642 0  86
0.188997 25  87
0.188836 2  38
0.188544 17  24
0.187226 59  70
0.186611 14  52
0.186569 64  68
0.186531 7  43
0.18642 37  78
0.186297 59  72
0.186217 37  52
0.185865 0  88
0.185213 10  38
0.184072 47  88
0.182641 18  79
0.181685 24  54
0.181589 1  46
0.181571 11  84
0.181554 86  88
0.181469 64  84
0.181308 4  22
0.181064 68  82
0.180829 40  41
0.179987 75  77
0.179409 5  46
0.179045 49  70
0.178905 78  80
0.178822 13  21
0.178723 31  56
0.178634 57  79
0.17795 33  77
0.177758 7  41
0.177491 62  70
0.177453 30  79
0.17735 10  61
0.176654 31  63
0.176095 48  66
0.175647 35  60
0.175014 5  78
0.174907 27  46
0.174198 22  55
0.173285 30  72
0.173154 34  50
0.172962 65  83
0.172676 40  43
0.172436 26  27
0.17204 18  81
0.171344 75  78
0.171339 64  66
0.17111 6  55
0.170565 38  61
0.170062 51  56
0.169967 21  88
0.169131 0  84
0.1689 4  30
0.168628 28  65
0.168269 31  46
0.168211 5  84
0.168131 36  41
0.167502 9  31
0.167387 48  65
0.167275 22  37
0.166873 17  33
0.166631 51  82
0.166613 65  82
0.166317 26  42
0.166158 14  23
0.164977 76  82
0.16474 4  41
0.164292 7  54
0.164242 14  73
0.164232 69  75
0.163479 3  7
0.162771 83  84
0.162686 56  61
0.162589 65  80
0.162361 5  7
0.161684 42  43
0.16159 17  52
0.160837 16  75
0.160744 5  50
0.160482 80  81
0.16025 59  74
0.15908 65  77
0.158812 39  88
0.158248 6  54
0.157197 7  35
0.156926 2  56
0.156237 0  53
0.15558 71  75
0.15544 68  83
0.155161 31  32
0.155039 74  81
0.154908 62  74
0.154007 78  83
0.153636 42  44
0.153413 77  86
0.15284 16  73
0.152523 6  23
0.152299 28  67
0.151994 69  72
0.151978 8  32
0.151708 40  53
0.151651 78  86
0.150981 4  15
0.150671 69  88
0.150429 7  53
0.150344 58  63
0.150304 5  74
0.150129 2  46
0.149292 37  45
0.149204 20  60
0.148784 7  18
0.148742 13  60
0.148215 21  60
0.148123 77  84
0.147783 26  33
0.147709 4  42
0.147603 22  66
0.147469 8  55
0.147111 7  23
0.146297 54  55
0.145585 74  79
0.145341 43  77
0.144425 13  14
0.144089 68  69
0.143805 42  71
0.143466 41  79
0.143349 39  71
0.142506 15  60
0.14228 26  87
0.142204 60  73
0.141783 19  81
0.141748 34  41
0.141615 57  74
0.141416 70  71
0.141324 76  80
0.141158 47  71
0.1411 59  73
0.140915 46  71
0.140671 41  77
0.140458 3  37
0.140405 5  27
0.140145 36  55
0.140034 43  78
0.139178 10  11
0.138924 33  41
0.138913 2  11
0.138604 12  26
0.138417 12  21
0.137301 3  11
0.13655 66  77
0.136206 44  61
0.13615 67  88
0.135975 16  42
0.13568 42  50
0.135414 11  48
0.135316 20  61
0.135284 13  70
0.134457 85  87
0.134268 25  82
0.133827 23  57
0.133691 61  79
0.133262 15  38
0.132574 23  55
0.132039 2  34
0.131794 5  64
0.131401 37  40
0.131258 6  8
0.131151 57  58
0.130808 32  63
0.130296 19  22
0.130164 49  50
0.130017 53  55
0.129783 4  83
0.129304 21  64
0.129198 42  67
0.129172 47  73
0.129068 20  39
0.128513 5  20
0.128373 9  44
0.127523 21  29
0.127439 65  67
0.127102 25  33
0.126748 3  42
0.126554 35  40
0.126428 4  57
0.126126 62  65
0.125613 84  85
0.124888 38  79
0.12416 84  88
0.12413 2  36
0.124006 69  84
0.124002 24  55
0.123573 12  28
0.123302 46  62
0.123292 11  72
0.123289 53  54
0.123001 12  62
0.122238 56  70
0.122209 22  51
0.122172 43  55
0.122054 77  83
0.121972 62  76
0.12194 70  73
0.121635 65  69
0.121526 39  41
0.121476 0  15
0.121177 0  72
0.121158 11  76
0.121101 65  84
0.120959 11  30
0.120266 63  75
0.119747 30  62
0.119729 25  55
0.119723 51  55
0.119634 81  84
0.118862 65  81
0.118579 3  36
0.118553 32  75
0.118522 20  84
0.118481 6  22
0.118354 59  88
0.117678 2  63
0.117603 7  40
0.117392 8  31
0.117291 72  73
0.117248 1  25
0.116698 38  69
0.11627 80  83
0.116131 1  8
0.115614 0  66
0.115569 37  51
0.115146 9  71
0.115119 12  88
0.115114 33  44
0.114862 1  41
0.114786 41  83
0.114728 47  74
0.114424 45  65
0.114397 49  72
0.114017 21  40
0.11314 1  17
0.112797 68  84
0.11258 4  39
0.112539 40  78
0.112515 13  28
0.111963 15  53
0.11194 20  66
0.110989 10  63
0.11098 15  48
0.11079 66  76
0.110735 42  65
0.110625 72  86
0.110357 6  40
0.109813 60  75
0.109808 51  53
0.109381 3  41
0.108962 77  81
0.108896 78  81
0.108657 39  42
0.108623 12  58
0.108521 5  55
0.10829 20  71
0.108171 1  56
0.108117 1  59
0.108081 6  36
0.10803 18  55
0.107812 0  23
0.107643 79  86
0.107497 32  57
0.107439 16  83
0.10716 8  50
0.107 15  27
0.106872 74  85
0.106536 22  40
0.106417 36  56
0.10637 72  87
0.106203 67  86
0.106074 41  56
0.105968 35  55
0.105913 36  43
0.105876 13  35
0.105828 29  56
0.105315 69  71
0.1051 2  51
0.104287 64  83
0.104145 31  66
0.103945 37  39
0.103918 20  80
0.103872 43  53
0.103817 32  62
0.103497 32  43
0.103156 16  46
0.103086 1  69
0.102954 59  63
0.102812 20  58
0.102772 40  55
0.102476 36  37
0.102066 67  82
0.102028 37  69
0.102024 19  76
0.100937 5  76
0.100797 31  85
0.100428 6  53
0.100189 40  62
0.100154 0  36
0.0997404 26  34
0.0996876 10  28
0.0996195 22  33
0.0994984 30  60
0.0994033 11  22
0.0993034 5  26
0.0992527 22  74
0.0990081 37  56
0.0987916 67  83
0.0987726 30  66
0.0982691 31  75
0.0979933 40  83
0.0979302 14  17
0.0978365 16  78
0.0975426 39  67
0.0974586 19  55
0.0973295 57  70
0.0972696 65  85
0.0972444 56  85
0.0972031 51  87
0.0971525 8  12
0.0969748 13  86
0.0969401 15  70
0.0968803 64  82
0.0968093 2  9
0.096606 31  42
0.0962534 11  64
0.0962005 20  44
0.0959393 60  80
0.0958874 25  30
0.095674 37  85
0.0956589 17  79
0.0954117 10  37
0.095023 35  47
0.0948165 9  61
0.0944807 56  58
0.0943142 22  26
0.0943131 12  50
0.0942625 32  76
0.0941905 14  22
0.0941361 36  57
0.0939594 19  20
0.0938327 2  81
0.0935393 7  19
0.0933345 64  78
0.0932797 65  78
0.093025 2  29
0.0929728 14  30
0.0928398 26  53
0.0927662 31  57
0.0927154 48  57
0.0925861 21  59
0.0924417 28  42
0.0923634 66  67
0.0921966 60  83
0.0921363 33  68
0.0914419 3  15
0.0913711 10  58
0.0911659 35  74
0.090974 29  51
0.0909456 67  81
0.090717 17  42
0.0906528 68  75
0.0906452 46  80
0.0904856 78  82
0.0899487 38  86
0.0899156 39  57
0.0895412 52  53
0.0894814 30  49
0.0894501 32  72
0.0894322 26  86
0.0893806 28  63
0.0891636 19  79
0.0890813 14  39
0.0890368 8  71
0.0887612 42  75
0.0885936 20  36
0.0885551 2  76
0.0883763 6  34
0.0883283 50  87
0.0882887 30  71
0.0882378 66  82
0.0881619 19  37
0.0881275 15  80
0.0880924 68  85
0.0879935 11  44
0.0879514 29  86
0.0879494 39  47
0.0876943 6  43
0.0875901 32  87
0.0874295 65  75
0.0873022 66  78
0.0870413 46  49
0.0866515 2  19
0.086458 52  58
0.0864021 11  27
0.086339 8  26
0.0863281 64  77
0.0861604 35  84
0.0858438 37  67
0.0856476 45  57
0.0854245 45  79
0.0852109 39  43
0.0851318 39  70
0.08472 35  69
0.0846929 43  54
0.0846755 2  37
0.0846544 33  86
0.0845685 67  87
0.0845309 76  78
0.0844858 62  87
0.0844436 30  88
0.0844082 33  67
0.0843768 36  54
0.0842964 15  17
0.083937 16  66
0.083859 62  73
0.0837306 14  71
0.0835829 62  71
0.0834846 6  19
0.0834569 29  84
0.0834252 31  70
0.0833525 23  58
0.08334 11  71
0.0832124 31  47
0.0831169 0  76
0.0829623 15  51
0.0828972 61  87
0.0828156 10  30
0.0826433 28  71
0.0826119 56  87
0.082604 15  22
0.0825022 37  70
0.0824992 16  33
0.082487 67  70
0.0823354 73  79
0.0822598 7  37
0.0818839 23  43
0.0818714 41  55
0.0817702 0  50
0.0815887 1  88
0.0813858 70  86
0.0813339 28  72
0.0812718 1  85
0.0811531 34  88
0.0810655 37  63
0.0810488 58  74
0.0803914 3  40
0.0801067 0  68
0.0799331 13  20
0.0795865 15  88
0.0793282 61  74
0.0792837 50  51
0.0792118 8  54
0.0789659 24  53
0.0788798 4  46
0.0788079 20  48
0.0787418 19  66
0.078465 41  46
0.0782771 31  72
0.0782389 81  87
0.0779042 59  79
0.0775627 20  34
0.0775428 11  42
0.0774351 13  51
0.0773538 27  31
0.0772703 3  87
0.0771924 10  85
0.0771331 45  49
0.0771235 60  79
0.0770772 12  36
0.076979 36  82
0.0768952 43  50
0.0768566 77  85
0.0767697 37  80
0.0766639 10  27
0.0766013 66  87
0.0765014 42  63
0.0763877 29  64
0.0762274 1  78
0.0758575 29  60
0.0756708 65  76
0.0756587 37  54
0.0756334 52  55
0.0756153 5  59
0.0754841 20  68
0.0754363 65  70
0.0754217 30  51
0.0753498 0  1
0.0751721 71  79
0.0751318 7  32
0.0751268 23  36
0.0750137 28  38
0.0748228 76  87
0.0738032 49  62
0.073433 37  55
0.0732484 76  84
0.0732186 3  55
0.0729762 22  58
0.0729002 4  11
0.0722941 34  38
0.0720111 20  43
0.072 8  35
0.0719841 27  76
0.0719065 4  51
0.0716458 8  19
0.0715668 3  59
0.0714973 44  58
0.0713004 17  50
0.0710919 0  8
0.0710223 79  81
0.0708359 45  67
0.0708235 32  40
0.0706736 2  33
0.0705438 14  25
0.0702555 29  30
0.0701691 44  46
0.0700922 26  72
0.0699508 0  35
0.0699063 3  69
0.0698144 74  76
0.069694 2  42
0.0696878 1  79
0.0695962 0  12
0.0695902 6  38
0.0694566 58  77
0.0694443 2  23
0.0693962 7  22
0.0692933 18  27
0.0690243 58  79
0.0690207 49  86
0.068941 1  16
0.0688357 5  49
0.0687145 31  62
0.068657 13  58
0.0686374 38  62
0.0686154 68  86
0.0686115 1  20
0.0686009 61  69
0.068549 14  51
0.0684513 4  36
0.0684386 61  88
0.0683696 64  85
0.0682159 45  75
0.0682015 29  75
0.0680156 48  58
0.0680119 44  88
0.0679663 25  49
0.0679178 80  88
0.0678701 4  55
0.0678063 15  84
0.0677266 46  86
0.0675612 8  88
0.0674967 4  85
0.0674892 39  69
0.0674458 0  11
0.0671801 36  59
0.0670608 38  65
0.0668596 8  53
0.0668133 18  40
0.0666308 58  69
0.0665754 13  87
0.0662924 76  77
0.0661652 18  22
0.0660392 8  23
0.0660321 28  74
0.0659497 64  81
0.0657013 32  39
0.0656272 16  40
0.0655731 30  45
0.0655189 51  58
0.0652424 3  48
0.0651693 1  58
0.0650142 36  53
0.0649321 23  53
0.0648917 59  81
0.0646986 76  88
0.0645591 85  88
0.0644416 53  81
0.0643586 39  49
0.0642886 66  83
0.0642843 5  69
0.0642223 27  28
0.064199 34  80
0.064189 12  81
0.064151 0  33
0.0640012 23  40
0.0637842 39  46
0.0637476 2  41
0.0637255 38  73
0.0636645 17  51
0.0636505 11  43
0.0635238 72  79
0.0632623 9  25
0.0632223 10  23
0.0630041 13  57
0.0623788 36  77
0.0623579 42  48
0.0620734 21  22
0.0619873 30  53
0.0619027 44  54
0.0618622 43  75
0.0618043 41  74
0.0612704 19  54
0.0612234 20  37
0.0611145 50  82
0.0610013 7  24
0.0607637 6  18
0.0607084 50  53
0.06065 10  69
0.0606391 71  76
0.0605862 41  85
0.0604968 40  54
0.0604449 38  46
0.0603559 2  53
0.0603547 8  36
0.0603407 7  9
0.0601747 48  70
0.0600497 5  61
0.0600354 57  87
0.0599129 72  75
0.0599089 11  88
0.059731 59  86
0.0596701 29  59
0.0595706 44  63
0.0595698 26  54
0.059543 43  47
0.0590934 10  79
0.0590474 47  56
0.0587847 5  60
0.0584146 42  45
0.0583671 8  79
0.0579752 63  87
0.0579601 18  54
0.0579584 45  54
0.0577579 42  56
0.0575833 17  58
0.0575238 7  34
0.0575116 61  68
0.0573746 80  85
0.0573477 3  6
0.0570953 12  32
0.0570562 12  44
0.0568772 4  76
0.0567536 19  30
0.056375 67  85
0.056285 1  54
0.056011 1  22
0.0558612 27  39
0.0557067 6  78
0.0553766 13  22
0.0553623 1  72
0.0551105 1  67
0.0550521 41  75
0.0548236 37  53
0.0548072 16  77
0.0547421 1  10
0.0547152 0  18
0.0545838 13  52
0.0545606 9  32
0.0545416 8  28
0.0544506 10  49
0.0543225 49  87
0.0541331 26  48
0.0540808 20  83
0.0539545 18  66
0.0539203 4  27
0.0537623 14  69
0.0537106 2  8
0.0536861 13  64
0.0535282 29  71
0.0533475 14  46
0.0533151 13  36
0.0532809 72  83
0.0531755 49  74
0.0530274 62  85
0.0530144 71  86
0.0529925 44  52
0.0528975 14  54
0.0528338 25  59
0.0528212 29  39
0.0528 4  38
0.0527669 17  40
0.0527642 55  56
0.0526189 12  66
0.0525134 54  66
0.0522757 41  50
0.052179 8  40
0.0518578 4  7
0.0517626 75  79
0.051499 48  71
0.0514934 4  35
0.0514645 25  61
0.0514119 9  45
0.0510987 36  84
0.0510758 32  73
0.0510249 1  38
0.0509199 46  51
0.0507652 1  23
0.0506399 66  81
0.0506007 20  47
0.050578 0  85
0.0505587 20  52
0.0505136 27  53
0.0504438 15  83
0.0504435 28  73
0.0503669 70  87
0.0502133 27  43
0.0501871 49  80
0.0501313 6  37
0.0500512 19  85
0.0499094 6  75
0.0498192 0  46
0.0497869 9  63
0.0496525 42  79
0.0495537 23  37
0.0495399 8  16
0.0494506 1  19
0.0494408 44  64
0.0494252 10  48
0.0494081 0  77
0.0493546 15  36
0.0492256 9  56
0.0491269 0  78
0.049092 5  54
0.0488591 8  66
0.0488089 69  70
0.0487353 0  45
0.0487157 26  43
0.048639 35  78
0.0485892 45  63
0.0482886 50  73
0.0482201 67  76
0.0482006 11  29
0.0481496 16  67
0.0481148 66  84
0.0480155 1  12
0.0479924 58  87
0.0476488 56  57
0.0475238 27  70
0.0475194 40  77
0.0474731 46  79
0.0474045 10  32
0.0473463 38  55
0.0472553 31  58
0.0470137 79  82
0.0469547 48  62
0.0469349 19  47
0.0468626 27  74
0.0468129 2  27
0.0467116 3  35
0.0466673 34  60
0.0464633 29  66
0.0464046 15  37
0.0463601 20  29
0.0462614 7  21
0.0461226 76  81
0.0461116 24  38
0.0460389 43  49
0.0459631 43  68
0.0459202 13  54
0.0458049 31  73
0.0456996 37  79
0.0456757 60  77
0.0454668 0  60
0.0453913 39  51
0.0453361 2  7
0.0452995 23  56
0.0451859 79  83
0.0451587 13  72
0.0451354 18  38
0.0450941 78  84
0.0447526 83  87
0.0443644 9  23
0.0443088 11  70
0.0441743 19  42
0.0440229 19  35
0.0440155 38  43
0.0439357 48  64
0.0437753 8  45
0.0436224 11  28
0.0435647 5  19
0.0435204 2  87
0.0432811 25  53
0.0432503 8  68
0.043237 83  86
0.0431656 32  68
0.0431537 19  57
0.0429593 27  56
0.0429096 75  81
0.0425871 18  23
0.0425196 0  64
0.0423647 9  78
0.0422985 60  64
0.042285 73  87
0.0422674 11  37
0.0421967 13  53
0.0421641 9  16
0.041982 41  76
0.0418534 21  54
0.0418331 46  85
0.0415498 9  79
0.0414806 21  55
0.0413304 14  58
0.041193 20  87
0.041132 31  52
0.04108 75  80
0.0408721 83  88
0.0407931 67  74
0.040696 21  53
0.0406678 9  68
0.0406181 20  57
0.0406089 30  69
0.0404642 28  36
0.0404495 73  76
0.0402208 18  75
0.0400671 34  68
0.0399762 43  44
0.0399356 49  63
0.039841 21  35
0.0398269 3  82
0.0397243 1  62
0.03971 2  18
0.0396139 5  37
0.0394523 13  42
0.0393583 36  40
0.0393545 19  40
0.0392192 21  27
0.0391377 47  59
0.0389454 21  61
0.0389437 49  67
0.0389434 31  80
0.0389052 0  74
0.0388971 36  80
0.0388867 39  64
0.0386113 38  53
0.038552 33  79
0.0384078 34  45
0.0382399 7  50
0.0381909 1  82
0.0381455 6  24
0.0379477 45  87
0.0379258 9  53
0.0377808 47  63
0.0375816 13  79
0.0374834 32  54
0.0374133 15  49
0.0373536 21  87
0.0371927 25  37
0.0370925 36  38
0.0369557 5  23
0.0369227 30  33
0.0368677 63  79
0.0367687 58  73
0.0366585 47  70
0.0366243 12  51
0.0365518 26  36
0.0363644 28  33
0.0363397 28  39
0.0362433 27  86
0.0360973 56  75
0.0360332 19  23
0.0360208 53  82
0.0360184 37  83
0.036017 67  69
0.0357967 0  47
0.0357729 22  34
0.0357027 35  63
0.0354711 9  84
0.035411 38  64
0.035362 4  5
0.035288 25  40
0.0352813 38  66
0.0351627 51  61
0.0351091 25  27
0.0350297 29  76
0.0350263 21  49
0.0348683 51  59
0.0347745 9  52
0.0346312 29  87
0.0345084 35  54
0.0344734 5  36
0.0344375 64  72
0.0344149 7  31
0.034317 10  59
0.0342721 38  41
0.0342568 13  46
0.0341762 48  49
0.034094 25  50
0.0340798 14  59
0.0340448 66  75
0.0339872 1  39
0.0338966 72  80
0.0338794 48  56
0.0338237 13  18
0.0337727 3  88
0.0335831 10  21
0.0335694 26  55
0.0334988 51  54
0.033391 46  84
0.0333737 6  67
0.0332175 44  67
0.0331854 3  50
0.0331118 8  59
0.0330426 4  14
0.0330384 8  77
0.033034 5  75
0.0330335 19  64
0.0329671 60  67
0.032958 7  38
0.0329438 22  48
0.0326508 2  39
0.0326422 31  35
0.0325739 27  55
0.0325355 58  59
0.0325014 3  77
0.0324601 43  79
0.0324398 17  66
0.0322317 27  48
0.031725 4  40
0.031575 26  29
0.0312884 46  78
0.0308449 5  8
0.0307709 10  64
0.0307591 23  45
0.0307156 20  24
0.0304959 29  72
0.0303225 11  53
0.0302378 5  62
0.0301538 75  84
0.0301437 16  27
0.0300364 6  9
0.0298966 2  54
0.0298834 50  55
0.0298834 27  72
0.0296979 28  68
0.0296096 63  76
0.029317 3  14
0.0292944 2  55
0.0291523 24  28
0.0290969 57  86
0.0290263 9  55
0.0289929 45  53
0.0288635 20  63
0.0288456 33  75
0.0287891 18  57
0.0287449 1  63
0.0282552 46  72
0.0281618 23  38
0.0280517 6  50
0.0279902 71  84
0.0279301 18  37
0.0279014 5  53
0.0278958 28  62
0.0278909 37  65
0.027784 22  28
0.027713 36  85
0.0276328 33  59
0.027536 71  83
0.0275344 29  74
0.0274101 8  43
0.0272702 0  38
0.0272169 1  84
0.0271422 30  50
0.0269616 41  54
0.0268224 41  57
0.026744 12  61
0.0266579 50  54
0.0266554 41  68
0.0263531 35  87
0.026098 0  81
0.0260318 63  81
0.0260228 15  71
0.0260109 37  77
0.0259501 51  69
0.0259321 36  45
0.0258459 25  58
0.0257354 11  20
0.0256765 9  27
0.025627 10  42
0.0254797 14  75
0.0254562 18  62
0.0254373 9  20
0.0253954 34  67
0.0251277 66  72
0.0249816 40  50
0.0248874 8  9
0.0247879 9  58
0.024523 24  40
0.0244919 48  68
0.0244471 19  62
0.0243744 23  42
0.0243479 61  66
0.0241792 48  59
0.0241549 21  73
0.0241291 31  67
0.0240165 5  29
0.0238387 41  86
0.023817 33  83
0.0238129 12  47
0.0237925 57  59
0.0237418 30  48
0.0236224 1  47
0.0235819 53  68
0.0235792 11  49
0.0235611 57  82
0.0230417 24  36
0.0230288 14  55
0.0229244 36  49
0.022893 25  39
0.0225358 2  68
0.0224781 4  49
0.0224356 39  62
0.0224313 49  55
0.0224021 76  86
0.022394 3  23
0.0223838 21  84
0.0223024 23  46
0.0221262 9  51
0.0221218 5  18
0.0219756 74  78
0.0219122 11  54
0.0218716 30  32
0.0217113 1  74
0.0216886 46  64
0.0215864 37  82
0.0213091 53  65
0.0212668 14  49
0.0212494 3  54
0.02124 45  58
0.021199 31  61
0.0211701 47  86
0.0211678 1  21
0.0211663 82  87
0.0210278 7  26
0.021002 64  69
0.0208197 60  69
0.0207648 45  85
0.0207513 28  53
0.0207319 9  18
0.0206212 67  84
0.0205057 2  49
0.0204481 55  81
0.0203424 2  44
0.0202485 6  12
0.0202195 15  61
0.0201854 3  64
0.0201815 27  67
0.0201744 23  35
0.019812 23  27
0.0197759 21  69
0.0197436 59  75
0.0195886 15  42
0.0195647 11  21
0.0195173 85  86
0.0195091 28  57
0.0194347 3  26
0.0193619 27  41
0.0191196 0  59
0.0190877 4  6
0.0189728 26  49
0.018968 0  49
0.0189227 36  42
0.0186482 12  74
0.018603 22  56
0.0185042 8  67
0.0183661 44  73
0.0183098 0  79
0.0182176 25  60
0.01814 6  25
0.0177641 36  50
0.0177447 13  33
0.0177263 11  19
0.0176874 27  33
0.0176445 9  42
0.0176019 67  72
0.017546 29  77
0.0175014 4  17
0.0174288 35  36
0.017298 51  83
0.0171859 31  76
0.0171167 6  33
0.0169896 27  51
0.0168917 68  80
0.0168152 6  77
0.016787 12  85
0.0165693 8  87
0.0164823 15  54
0.0164649 7  25
0.0162133 23  30
0.0160984 42  83
0.0160628 45  62
0.0160449 47  66
0.0160319 79  85
0.0159818 57  63
0.0159759 68  70
0.0159004 27  62
0.0158541 39  60
0.0157575 18  53
0.015753 1  24
0.0156464 12  67
0.0156053 9  36
0.0154012 68  79
0.0153375 28  30
0.0152591 23  41
0.0152248 8  44
0.0150222 6  32
0.0149861 20  55
0.0148881 38  67
0.0148863 2  65
0.0148601 15  59
0.0148003 22  45
0.0147785 31  59
0.0147722 59  71
0.0146116 17  67
0.0144238 50  71
0.0141793 38  45
0.0140946 1  55
0.0137915 25  46
0.013545 62  68
0.0135227 0  56
0.0135152 22  50
0.01346 35  53
0.0133736 15  39
0.0133633 12  52
0.0133263 81  86
0.0130816 19  53
0.0130611 62  78
0.0130295 21  47
0.0129439 67  78
0.0128923 33  46
0.0126789 61  67
0.0125991 3  39
0.012586 78  85
0.0122301 30  74
0.0121512 26  82
0.0121297 10  24
0.012069 21  31
0.0119121 9  34
0.0118193 63  77
0.0118 21  24
0.0117831 67  79
0.0116192 14  37
0.0115362 27  69
0.0114993 41  70
0.0113519 33  65
0.0112091 13  63
0.0111633 20  73
0.0111175 25  75
0.0110628 53  83
0.0109786 2  5
0.0109511 43  87
0.0109147 3  4
0.0108174 28  61
0.0106374 44  81
0.0105721 22  32
0.0105458 12  86
0.0105367 34  55
0.0105216 14  63
0.0104516 9  43
0.0102788 69  81
0.0102725 26  88
0.0101105 13  67
0.0100967 46  48
0.0100805 43  82
0.0100594 80  86
0.00993032 31  38
0.00992593 58  71
0.009851 4  82
0.00984595 9  57
0.0098134 18  68
0.00975528 14  27
0.0096238 59  87
0.00954702 12  29
0.00936963 37  73
0.00914903 2  40
0.00913015 8  24
0.00907994 31  64
0.00887865 40  86
0.0088526 33  66
0.00881693 10  60
0.0088135 6  21
0.0088095 7  16
0.00842025 18  70
0.00835578 66  85
0.00823873 46  52
0.00815655 10  71
0.00815604 62  79
0.00812422 49  76
0.00810251 34  73
0.00803937 9  60
0.00790608 14  21
0.00775882 43  85
0.00774488 3  53
0.00756163 11  36
0.00752925 40  68
0.00746316 18  83
0.00745229 35  61
0.00740553 3  71
0.00738116 9  12
0.00729894 11  25
0.00716971 17  43
0.00708503 44  59
0.00708162 21  52
0.00693142 0  2
0.00674054 32  55
0.00671171 21  25
0.00665258 56  62
0.0066517 67  77
0.00662479 20  78
0.00658077 50  80
0.00651742 53  56
0.00649819 60  71
0.0064055 18  61
0.00633208 16  53
0.00624887 49  71
0.00610601 2  17
0.00605871 6  26
0.00577785 13  85
0.00566783 49  52
0.00566175 66  74
0.00556477 60  65
0.00552058 10  53
0.00551444 7  33
0.00541131 36  48
0.00532179 29  45
0.00532139 5  11
0.00522455 43  66
0.00515479 35  75
0.00512584 1  9
0.0050993 29  32
0.00508277 41  53
0.00500532 48  60
0.00491749 2  59
0.0049064 28  76
0.00489134 2  83
0.00488745 56  79
0.00482443 16  55
0.00475333 1  52
0.0046027 23  51
0.00459344 1  4
0.0044951 75  85
0.00444183 19  31
0.00430432 44  56
0.00425473 47  51
0.00423841 5  87
0.00418579 57  68
0.00413601 84  86
0.00404595 50  56
0.00396773 24  43
0.0039402 24  44
0.00339227 35  73
0.00335434 2  21
0.00334739 53  85
0.00333162 2  31
0.00325735 51  65
0.00308374 16  54
0.0028167 69  80
0.00277152 48  53
0.00276076 7  78
0.00267216 43  65
0.00266602 59  84
0.00260554 5  9
0.00258191 16  51
0.0025423 12  43
0.00233829 37  58
0.00215808 40  42
0.00215678 28  52
0.0020733 4  56
0.00205154 63  83
0.00186549 4  53
0.00181944 18  29
0.00169821 40  52
0.001596 17  84
0.00154352 46  70
0.00138737 48  87
0.00135393 31  87
0.00131596 3  43
0.00128841 56  76
0.00126564 33  54
0.00105192 10  12
0.00103498 46  53
0.00103095 34  77
0.000998928 36  44
0.000868761 22  59
0.000753895 32  58
0.000709492 57  80
0.000610211 60  88
0.000593471 75  82
0.000146835 47  75
0.000100709 15  45
0.000100172 28  60
7.28829e-05 51  60
4.15222e-05 24  33
-6.63871e-05 47  48
-0.000160317 10  88
-0.000174604 36  46
-0.000193723 4  54
-0.000263229 61  76
-0.000305749 18  48
-0.000336361 8  41
-0.000408811 27  44
-0.000423095 36  47
-0.000435406 33  55
-0.000490504 7  11
-0.000510535 13  24
-0.000581772 61  75
-0.000599476 19  38
-0.000614398 3  8
-0.000732755 18  86
-0.00106655 15  75
-0.00115302 8  60
-0.00120933 23  33
-0.00123221 15  41
-0.00127035 24  57
-0.00127762 73  77
-0.00142196 50  77
-0.00145952 37  66
-0.00156571 2  74
-0.00157195 27  66
-0.00168129 7  17
-0.00168806 10  52
-0.00171643 2  6
-0.0018348 54  81
-0.00184368 28  40
-0.00204579 66  71
-0.00205275 14  64
-0.00207223 2  22
-0.00214915 14  67
-0.00216775 15  28
-0.00243649 70  85
-0.00245895 26  71
-0.00252894 42  49
-0.00257284 49  64
-0.00267618 20  77
-0.0030291 26  45
-0.00310638 69  82
-0.00313669 42  51
-0.00318099 11  78
-0.00323215 11  61
-0.00332671 40  76
-0.00338464 3  21
-0.00339572 8  15
-0.00373369 26  60
-0.00386196 62  72
-0.00391964 26  40
-0.00395608 26  38
-0.00396153 9  74
-0.0040888 13  84
-0.00411026 5  43
-0.00412062 8  57
-0.00413465 0  65
-0.00427092 41  66
-0.00427923 9  15
-0.00429775 42  59
-0.00436412 36  65
-0.00443207 48  61
-0.00452355 9  14
-0.00456655 36  58
-0.0047881 27  80
-0.00506877 47  65
-0.0052484 27  71
-0.00548226 16  59
-0.00554473 10  35
-0.00557743 32  64
-0.00558806 21  43
-0.00567104 25  70
-0.00570224 14  18
-0.00571845 58  72
-0.00572328 42  53
-0.00578681 3  44
-0.00586184 0  22
-0.00589498 9  17
-0.00589817 35  79
-0.00604679 35  80
-0.00611401 38  49
-0.00612213 9  24
-0.0062183 34  72
-0.00632602 70  76
-0.00635721 34  78
-0.00651883 5  57
-0.00653891 32  36
-0.00667756 28  85
-0.00675062 12  57
-0.00675721 21  67
-0.00677389 2  4
-0.00690285 47  84
-0.00692748 64  86
-0.00693445 0  30
-0.007046 63  82
-0.00722428 50  83
-0.00723582 32  79
-0.00724108 4  47
-0.00730352 8  17
-0.0073212 58  60
-0.00739591 50  75
-0.00744637 8  37
-0.00750256 2  77
-0.00757525 51  68
-0.00762031 13  25
-0.0076298 63  67
-0.00772515 33  45
-0.00776346 65  71
-0.0078346 21  23
-0.0078803 40  67
-0.00792282 22  53
-0.00797127 20  79
-0.00805885 43  86
-0.0081233 17  26
-0.00817271 35  37
-0.00827985 12  19
-0.00842714 40  56
-0.00843075 12  53
-0.00849649 41  82
-0.00852853 32  35
-0.00857205 38  85
-0.00857724 43  83
-0.00868864 19  67
-0.00871501 40  88
-0.00874017 36  68
-0.00876209 4  8
-0.00889421 16  26
-0.00896575 20  50
-0.00901646 50  79
-0.00911495 25  35
-0.00916843 4  43
-0.00923663 1  36
-0.00927323 37  43
-0.00930806 14  20
-0.00936195 76  79
-0.00943839 1  6
-0.00946611 32  85
-0.00953989 79  80
-0.00960957 12  13
-0.00976127 4  25
-0.010073 44  75
-0.0101141 14  85
-0.010125 59  83
-0.0103013 64  88
-0.0103341 43  60
-0.0104284 43  56
-0.0104296 56  71
-0.0106896 11  85
-0.0108171 38  63
-0.0108942 31  51
-0.0109625 39  61
-0.0111628 18  77
-0.0112582 17  41
-0.0113686 15  20
-0.0114405 19  25
-0.0114534 49  81
-0.0114678 48  67
-0.0115355 41  49
-0.0115671 44  79
-0.0117356 7  82
-0.0118609 22  47
-0.0119888 12  39
-0.0120915 40  46
-0.0121636 15  19
-0.0122109 41  65
-0.0122457 13  83
-0.0123253 14  16
-0.0123367 3  28
-0.0124164 42  55
-0.0124623 6  15
-0.0125824 49  53
-0.0127281 26  51
-0.0128349 7  52
-0.0129129 42  85
-0.012948 70  72
-0.0129881 45  51
-0.0130431 20  75
-0.0130905 3  30
-0.013094 1  43
-0.0131226 36  52
-0.0132597 0  39
-0.0133105 24  59
-0.0135071 31  36
-0.0136317 8  49
-0.0136503 10  86
-0.0138277 29  36
-0.013893 45  72
-0.013917 12  41
-0.0141978 49  69
-0.0142662 6  31
-0.0144906 25  73
-0.0145279 63  65
-0.0145564 18  42
-0.0146512 5  48
-0.0148392 44  57
-0.0150296 19  36
-0.0151305 32  50
-0.0151335 39  76
-0.0151907 9  37
-0.0152467 31  69
-0.0154052 63  73
-0.015625 22  36
-0.0157272 28  88
-0.0158365 39  72
-0.0158653 6  17
-0.016043 6  82
-0.0160802 53  84
-0.0163074 56  67
-0.0163915 23  50
-0.0164915 48  69
-0.0164957 72  76
-0.0165116 58  80
-0.016546 8  22
-0.0166339 70  83
-0.0166598 3  24
-0.0166686 48  86
-0.0166802 2  15
-0.0166908 18  36
-0.01674 55  82
-0.0167684 11  51
-0.0168333 39  63
-0.0168781 11  14
-0.0169256 38  59
-0.0169356 32  82
-0.016948 16  43
-0.0169739 20  40
-0.0171034 49  58
-0.017126 11  80
-0.0171335 66  70
-0.0171344 31  49
-0.0171842 52  67
-0.017286 38  60
-0.0172887 42  68
-0.0173879 44  53
-0.0174317 1  45
-0.0175777 11  31
-0.017636 11  77
-0.0176873 13  50
-0.0176913 22  43
-0.0176998 42  88
-0.0177524 33  82
-0.0177934 53  77
-0.0185007 23  28
-0.0188254 53  58
-0.0188719 64  76
-0.0188839 36  83
-0.018911 55  59
-0.0190104 13  38
-0.0190354 62  82
-0.0192228 2  43
-0.0193856 17  53
-0.0195299 7  51
-0.0196389 60  84
-0.0196515 10  25
-0.0196971 7  27
-0.0197124 17  55
-0.0197304 16  20
-0.0197825 16  68
-0.0198613 33  52
-0.019962 8  47
-0.0199921 6  42
-0.0200502 30  34
-0.0201072 9  10
-0.0202641 21  38
-0.0202954 52  74
-0.0203109 35  43
-0.0203172 28  58
-0.0204707 17  44
-0.0206204 39  66
-0.0206945 23  82
-0.0207595 24  74
-0.0207792 26  41
-0.0207931 17  75
-0.0209056 21  26
-0.0209401 19  68
-0.0210229 63  66
-0.0210241 58  66
-0.0210735 31  55
-0.0211679 4  80
-0.0212333 0  4
-0.0212379 11  24
-0.0212507 45  60
-0.0213486 30  87
-0.0214497 6  48
-0.0215104 26  32
-0.0215405 42  73
-0.0216134 15  79
-0.0216643 13  49
-0.0218286 25  69
-0.0218374 1  3
-0.0219399 17  82
-0.0221802 19  56
-0.0222636 32  48
-0.0223751 8  34
-0.0224169 73  88
-0.0224471 19  69
-0.0225569 54  60
-0.0225666 55  65
-0.0226542 3  29
-0.0226759 26  61
-0.0227246 45  52
-0.0227765 1  32
-0.0228428 75  86
-0.0228652 6  28
-0.0229878 7  49
-0.0230033 16  64
-0.0231306 59  68
-0.0232133 19  65
-0.0232998 58  83
-0.0235362 51  85
-0.0235519 32  69
-0.0236099 5  17
-0.0236676 18  50
-0.0237099 55  68
-0.0237114 4  78
-0.0238053 18  63
-0.0239153 32  56
-0.0239583 8  20
-0.0240208 19  32
-0.0240367 29  35
-0.0240708 58  86
-0.0240991 41  47
-0.0241272 8  85
-0.0242235 24  45
-0.0242251 2  80
-0.0242491 51  57
-0.0242684 17  27
-0.0242928 48  85
-0.0243231 26  69
-0.0243793 33  49
-0.0243969 42  84
-0.0244069 8  78
-0.0244276 41  67
-0.0245092 19  73
-0.0245228 19  78
-0.02459 44  51
-0.0246875 63  78
-0.0247613 20  53
-0.0248042 68  88
-0.0250396 27  85
-0.0250418 16  56
-0.0250817 9  82
-0.0252125 68  73
-0.0254051 0  25
-0.0254316 57  71
-0.0255217 6  49
-0.0255387 30  36
-0.0258287 0  70
-0.0258777 6  76
-0.0259021 9  35
-0.0260913 15  21
-0.0260968 1  26
-0.0261546 18  31
-0.0262476 6  52
-0.0262527 24  34
-0.0262996 46  61
-0.0264183 11  57
-0.0264463 16  82
-0.0265107 30  83
-0.0265828 44  76
-0.0266911 26  83
-0.0267015 4  31
-0.0267275 75  76
-0.0267578 10  80
-0.026986 28  43
-0.0271331 48  55
-0.0271673 31  53
-0.0273165 16  86
-0.0273969 44  78
-0.0276599 10  45
-0.0279859 48  72
-0.0280733 0  10
-0.0280896 11  52
-0.0281578 62  75
-0.0281735 50  78
-0.0282447 50  67
-0.0284374 14  60
-0.0284706 33  48
-0.028492 9  77
-0.0285643 3  74
-0.0285688 56  88
-0.028625 49  61
-0.0287272 5  38
-0.0287606 11  87
-0.0287849 35  71
-0.0287871 21  76
-0.0288092 33  57
-0.0288255 51  84
-0.0289142 12  80
-0.0289418 20  26
-0.0289897 40  48
-0.0289947 49  65
-0.0290127 59  76
-0.0294371 7  10
-0.0295717 55  83
-0.0296195 2  66
-0.0296292 25  28
-0.0296402 6  16
-0.0296448 45  64
-0.0297361 1  42
-0.0298992 30  57
-0.0300083 23  31
-0.0300118 4  50
-0.0300157 23  49
-0.0303304 49  60
-0.0306469 5  83
-0.030648 21  70
-0.0308114 15  25
-0.0308275 34  85
-0.0308373 53  57
-0.030844 43  63
-0.0308861 6  72
-0.0308925 40  72
-0.0310988 30  85
-0.0311447 18  64
-0.031162 1  13
-0.0312417 6  11
-0.0312954 4  65
-0.0313054 7  77
-0.0315001 27  35
-0.0315305 27  88
-0.0318124 21  34
-0.0319133 0  55
-0.031934 40  75
-0.0319525 50  84
-0.0322656 26  80
-0.0323152 9  41
-0.0323918 23  44
-0.0324226 27  63
-0.0324327 0  51
-0.032452 39  53
-0.0324579 25  36
-0.0325642 17  85
-0.0326915 18  85
-0.0328039 73  86
-0.0328394 29  43
-0.0329453 56  73
-0.0332126 41  73
-0.0332716 23  26
-0.0332847 5  21
-0.0333403 54  75
-0.0333566 56  74
-0.0334422 16  63
-0.0334482 18  78
-0.0335452 22  42
-0.0336205 19  24
-0.0337364 7  14
-0.0338422 7  66
-0.0339311 36  79
-0.0339421 9  22
-0.0339578 37  64
-0.0340424 54  61
-0.0340926 42  60
-0.0341112 50  81
-0.0342664 18  73
-0.0343082 37  41
-0.0343142 18  43
-0.0345039 7  67
-0.0345076 42  70
-0.0346058 42  80
-0.034658 53  76
-0.0346592 20  74
-0.0346793 17  21
-0.0347234 6  80
-0.0347451 16  57
-0.034754 11  50
-0.0348046 9  70
-0.0348503 29  62
-0.034856 40  66
-0.0348753 0  54
-0.0349247 23  48
-0.0349554 44  60
-0.035156 4  77
-0.0351867 27  38
-0.0351944 53  62
-0.0352366 10  22
-0.0352413 34  46
-0.0352542 18  25
-0.035268 44  77
-0.0353508 23  84
-0.0353566 6  44
-0.0355388 25  47
-0.0355493 41  71
-0.0358061 9  11
-0.0359829 6  14
-0.0360146 12  22
-0.036043 49  68
-0.0360818 22  57
-0.0360901 20  72
-0.0361222 46  54
-0.0361975 19  75
-0.0362502 4  58
-0.0362659 4  10
-0.0363908 43  72
-0.0364419 9  59
-0.0364838 26  63
-0.0365028 11  13
-0.0365264 39  58
-0.0365275 20  67
-0.0365824 14  26
-0.0366313 39  75
-0.0366591 36  78
-0.0368541 77  87
-0.0368956 40  65
-0.0369296 47  69
-0.0369956 6  27
-0.0370823 42  74
-0.0371466 79  88
-0.0372839 65  88
-0.0373404 19  39
-0.0373623 3  52
-0.0373747 60  78
-0.0375232 12  23
-0.0375277 24  41
-0.0376116 16  70
-0.0376232 59  64
-0.0377318 56  59
-0.0377388 29  83
-0.0378201 23  32
-0.0378722 8  18
-0.0379463 16  21
-0.0379729 7  42
-0.037975 58  78
-0.0380085 39  59
-0.0380387 1  81
-0.0380818 30  44
-0.0381524 24  48
-0.0382107 7  47
-0.0382398 50  63
-0.0382711 21  50
-0.0384183 6  83
-0.0384285 7  83
-0.0384521 50  61
-0.0384649 57  73
-0.0385559 28  77
-0.0386458 11  18
-0.0387744 11  55
-0.0388209 7  65
-0.0388604 16  41
-0.0389997 36  81
-0.0390106 16  23
-0.0390116 28  83
-0.0390577 20  42
-0.0390753 5  24
-0.0391231 15  30
-0.0392467 58  76
-0.0392754 28  46
-0.0392763 71  85
-0.0392954 61  70
-0.0393159 6  84
-0.0393442 23  39
-0.0394217 2  62
-0.0395181 23  65
-0.0395499 58  62
-0.0395704 21  33
-0.0396305 3  60
-0.0397378 18  56
-0.039742 34  54
-0.0397455 6  63
-0.0397867 42  66
-0.0397959 1  33
-0.0399064 25  43
-0.0399372 43  64
-0.0399523 12  18
-0.0399613 70  75
-0.0399773 39  65
-0.0400065 20  69
-0.0400091 4  12
-0.0400476 9  62
-0.0400874 26  58
-0.040138 28  84
-0.0401723 20  35
-0.0401807 56  86
-0.0402167 75  83
-0.0402238 61  83
-0.040232 53  59
-0.0405173 6  86
-0.0405485 35  64
-0.0406009 7  86
-0.0406107 17  29
-0.0406115 57  72
-0.0406727 27  68
-0.0407477 23  81
-0.0407554 0  27
-0.0408011 12  76
-0.0408154 10  51
-0.040951 12  30
-0.0409731 29  42
-0.0410247 2  82
-0.0411214 51  81
-0.041129 23  68
-0.0411801 21  80
-0.0412185 37  44
-0.0413117 28  31
-0.0413679 4  33
-0.0414045 54  82
-0.0414849 6  56
-0.0415521 28  69
-0.0415854 27  50
-0.0415921 15  82
-0.0415975 20  59
-0.0418141 63  72
-0.0419196 50  65
-0.0419475 6  88
-0.0419557 7  81
-0.0419807 9  40
-0.0420118 9  30
-0.042064 39  52
-0.0420951 30  39
-0.0421972 9  47
-0.0422808 50  62
-0.0422837 16  36
-0.0423292 16  44
-0.0423673 57  83
-0.0424178 43  62
-0.0424727 59  69
-0.0425149 63  84
-0.0425508 43  81
-0.0425776 54  72
-0.0426581 10  36
-0.0427132 56  77
-0.0428038 41  60
-0.0428146 38  52
-0.0428213 0  82
-0.0428241 51  77
-0.0428688 8  25
-0.0430576 57  65
-0.0430675 1  53
-0.0432183 33  61
-0.0432623 40  82
-0.0433001 61  86
-0.043324 16  37
-0.0433898 1  77
-0.0434101 63  86
-0.0434447 24  39
-0.0434734 55  84
-0.0436057 16  50
-0.0436061 2  64
-0.043696 17  49
-0.0437178 24  46
-0.0437866 64  70
-0.0438099 42  58
-0.0438759 22  82
-0.0439471 43  80
-0.0439544 7  80
-0.043982 2  84
-0.0440355 3  61
-0.0440584 0  58
-0.0440723 48  74
-0.0440747 27  42
-0.0440956 41  80
-0.0442286 10  19
-0.0442632 7  68
-0.0444079 3  19
-0.0444132 46  69
-0.044554 3  13
-0.0445648 41  84
-0.044799 55  77
-0.044911 19  60
-0.0449234 44  82
-0.0449403 27  45
-0.0450426 29  53
-0.0451542 41  62
-0.0451857 15  56
-0.0451879 10  67
-0.0453291 11  68
-0.0453815 47  60
-0.0453915 13  61
-0.0453925 18  46
-0.0454454 39  74
-0.0455707 2  25
-0.0455761 12  25
-0.0456213 63  71
-0.0456709 18  74
-0.0456967 71  82
-0.0457451 23  83
-0.0457642 6  58
-0.0458357 55  58
-0.0458384 55  85
-0.0459192 7  61
-0.0459417 20  23
-0.0460213 1  64
-0.0460321 7  75
-0.0460467 2  35
-0.0460849 8  72
-0.0460868 35  67
-0.0461394 14  78
-0.0461877 2  70
-0.0464011 13  55
-0.0464854 60  85
-0.0465375 36  76
-0.0465507 20  86
-0.0466335 43  84
-0.046671 65  72
-0.0466809 50  68
-0.0467608 31  79
-0.04681 14  28
-0.0468538 61  71
-0.0468721 68  74
-0.0469402 20  76
-0.046987 11  40
-0.0470685 62  86
-0.0471092 30  67
-0.0471231 12  27
-0.0471881 55  78
-0.0472424 53  80
-0.0472962 22  35
-0.0472986 2  78
-0.0473054 48  76
-0.0473272 10  78
-0.0473329 20  62
-0.0473615 2  47
-0.0474073 62  84
-0.0474769 13  62
-0.0474876 4  29
-0.0475372 70  82
-0.0475714 6  65
-0.0475789 53  66
-0.0477134 40  61
-0.0478953 6  66
-0.0479004 47  57
-0.0479926 61  80
-0.048038 28  29
-0.0480598 51  86
-0.0480655 62  81
-0.0480889 26  79
-0.0481442 14  57
-0.0481462 52  62
-0.0481604 58  82
-0.0481612 37  46
-0.0482491 48  73
-0.0482701 30  55
-0.0482873 26  84
-0.0483035 5  66
-0.0483269 50  88
-0.048361 35  51
-0.0486384 2  28
-0.0486543 41  59
-0.0486715 9  26
-0.0487243 39  77
-0.0487294 14  35
-0.048827 6  45
-0.0490422 12  34
-0.0492827 6  64
-0.0492963 29  55
-0.0495131 7  85
-0.0495511 69  73
-0.0496474 13  78
-0.0496489 17  28
-0.0496798 39  68
-0.0497621 55  57
-0.049849 15  58
-0.0498772 52  82
-0.0499562 14  56
-0.0499605 18  32
-0.0500747 6  74
-0.050083 1  5
-0.0501252 28  51
-0.0501334 39  55
-0.0501889 53  64
-0.05019 53  78
-0.0502122 46  55
-0.050287 18  24
-0.0503221 40  58
-0.0503283 35  44
-0.0503576 64  73
-0.0503627 9  48
-0.0503699 40  80
-0.0503792 8  21
-0.0504208 25  83
-0.0504264 66  80
-0.0504347 18  33
-0.0506644 21  32
-0.0506856 57  78
-0.0506857 9  49
-0.0506863 9  54
-0.0507027 22  71
-0.0507822 45  70
-0.0509611 15  55
-0.0509826 3  47
-0.0511019 20  46
-0.0512058 48  63
-0.0512189 72  82
-0.0513495 46  66
-0.0514199 15  33
-0.0515236 8  30
-0.0515465 33  53
-0.0515704 17  80
-0.0515733 38  40
-0.0515946 45  66
-0.0516104 6  73
-0.0516125 42  52
-0.0516794 63  68
-0.0517389 62  77
-0.0517519 26  28
-0.051928 48  80
-0.0520921 14  82
-0.0521715 24  35
-0.0521886 6  51
-0.0522107 38  54
-0.0522396 40  74
-0.0523178 34  74
-0.0523627 57  81
-0.0524223 67  73
-0.052473 56  78
-0.0524782 17  83
-0.0524784 6  68
-0.0525515 12  59
-0.0525745 5  65
-0.0525872 28  82
-0.0526169 10  75
-0.0526195 54  65
-0.0526279 56  65
-0.052668 7  64
-0.0526753 29  70
-0.0527259 50  72
-0.0527361 62  83
-0.0528264 4  26
-0.0529837 28  59
-0.0530711 14  80
-0.0530831 0  14
-0.0532492 5  16
-0.0532907 26  77
-0.0532933 49  54
-0.0534115 57  77
-0.053435 69  78
-0.053467 14  86
-0.0534717 65  86
-0.0534875 18  76
-0.0535854 2  10
-0.0536167 0  6
-0.0536691 42  77
-0.0536738 47  87
-0.0539108 31  41
-0.05412 73  80
-0.0541484 15  47
-0.0542053 6  85
-0.0542798 52  59
-0.0543081 43  71
-0.0543334 12  40
-0.0544584 21  36
-0.0545044 36  66
-0.0546269 7  84
-0.054769 31  50
-0.0547814 7  44
-0.0547833 37  62
-0.0549265 7  12
-0.0551089 9  88
-0.0551857 10  47
-0.0552244 8  56
-0.0555188 0  71
-0.0556493 60  68
-0.0556745 40  51
-0.0557517 22  83
-0.0559114 33  38
-0.0559821 52  57
-0.0559861 43  67
-0.0560257 41  88
-0.0560379 4  68
-0.0562194 44  62
-0.056261 69  87
-0.0563032 0  63
-0.0564523 29  41
-0.056485 53  67
-0.0564999 19  71
-0.0565712 27  54
-0.0565744 31  83
-0.0566059 14  72
-0.0566133 18  82
-0.0566186 20  30
-0.0566186 16  58
-0.0566918 0  24
-0.0568549 6  70
-0.0569111 68  87
-0.0569603 58  68
-0.0569835 29  31
-0.0570286 0  75
-0.0570437 44  47
-0.0570961 42  78
-0.0572043 10  66
-0.0572126 19  63
-0.0572286 25  63
-0.0572966 41  64
-0.0574166 30  68
-0.057417 27  82
-0.0574263 7  39
-0.057427 26  31
-0.0574374 65  73
-0.0574396 9  67
-0.0574761 60  76
-0.0574911 56  82
-0.0575852 46  60
-0.057626 51  76
-0.0576535 4  63
-0.0577681 15  68
-0.0577803 38  57
-0.0578407 24  49
-0.0579127 39  45
-0.057954 1  68
-0.0579871 21  58
-0.0581935 61  84
-0.0582093 51  78
-0.0582408 40  60
-0.0583466 7  76
-0.05836 55  76
-0.0583992 14  66
-0.058452 50  86
-0.0587123 15  52
-0.0587267 42  54
-0.0587488 28  47
-0.0587717 82  88
-0.0587793 33  56
-0.0590832 34  82
-0.0591332 16  30
-0.0591563 8  38
-0.0591565 33  84
-0.059165 19  84
-0.0591692 26  44
-0.0591946 59  61
-0.0592497 57  76
-0.0592793 27  77
-0.0593293 64  75
-0.0593523 4  79
-0.0594007 42  64
-0.0594383 36  39
-0.0595802 32  60
-0.0597276 72  84
-0.0598211 44  55
-0.0598534 13  77
-0.0599166 5  15
-0.0599474 22  61
-0.059975 42  62
-0.0601199 54  68
-0.0601483 17  36
-0.0601671 74  75
-0.0602067 11  45
-0.0602281 0  16
-0.0606135 48  82
-0.0606393 23  77
-0.0607191 16  25
-0.060726 70  84
-0.0608372 7  20
-0.0609126 45  78
-0.0609979 72  78
-0.0610187 15  24
-0.061061 3  83
-0.0610657 26  73
-0.0610741 29  54
-0.0612096 9  28
-0.0612401 36  88
-0.0613722 8  52
-0.0615975 41  52
-0.0617203 17  45
-0.0618194 47  76
-0.0619244 46  57
-0.0620137 41  44
-0.0620455 14  48
-0.0621987 11  65
-0.0622719 22  44
-0.0622913 12  75
-0.0623764 12  31
-0.0624806 12  42
-0.0625638 39  85
-0.0626804 45  73
-0.0626891 24  27
-0.0629814 45  83
-0.0630095 38  75
-0.0632769 3  38
-0.0633322 2  45
-0.0633945 21  65
-0.0634577 44  69
-0.0634677 12  69
-0.0634753 57  60
-0.0635343 27  34
-0.0635576 18  45
-0.063592 8  82
-0.0635932 10  54
-0.0636716 34  36
-0.0639572 14  42
-0.0639785 60  66
-0.0639867 6  46
-0.0640483 24  82
-0.064076 1  7
-0.0641056 0  73
-0.0641073 43  57
-0.0641602 51  66
-0.0641631 24  58
-0.0642162 26  81
-0.0642349 28  80
-0.0642357 23  34
-0.0642589 8  80
-0.0642696 45  55
-0.0645509 51  63
-0.0646193 69  74
-0.0646223 36  51
-0.0646372 8  33
-0.0646529 55  80
-0.064665 77  88
-0.0648778 34  35
-0.0648992 33  36
-0.0649635 3  22
-0.0651224 21  68
-0.0651442 11  41
-0.0651661 11  39
-0.0652063 11  26
-0.0655033 19  52
-0.0655573 24  47
-0.0655654 8  51
-0.0656632 1  75
-0.0657239 13  66
-0.0658116 23  85
-0.0659333 7  62
-0.0660075 18  49
-0.0660346 14  19
-0.0660454 63  64
-0.066129 51  62
-0.0662434 37  86
-0.0662811 16  47
-0.0663319 10  16
-0.0663508 14  77
-0.0663548 25  38
-0.0663893 5  22
-0.0664162 8  29
-0.066427 50  64
-0.0664384 47  68
-0.0664522 53  75
-0.0664547 28  37
-0.0664834 34  66
-0.0664975 10  17
-0.0665823 6  61
-0.066615 12  54
-0.0666271 28  64
-0.066665 51  80
-0.0666991 14  41
-0.0667972 14  84
-0.0668256 70  78
-0.0669003 52  65
-0.0671181 44  66
-0.0671652 50  59
-0.0672692 58  88
-0.0672929 24  66
-0.067442 55  64
-0.067479 21  45
-0.0675092 12  78
-0.0676513 28  55
-0.0677032 5  70
-0.0678057 28  45
-0.0678588 19  87
-0.0678628 72  77
-0.0679006 50  76
-0.0679055 42  82
-0.06799 4  32
-0.0679938 19  74
-0.0680208 14  68
-0.0681789 16  87
-0.0682313 36  86
-0.0682507 19  72
-0.0683239 47  77
-0.0683549 8  61
-0.0683842 65  74
-0.0684321 44  74
-0.0684742 26  46
-0.0684885 3  45
-0.0685483 22  30
-0.0685543 48  52
-0.0685928 15  77
-0.0686011 0  26
-0.0686831 1  57
-0.0688288 12  87
-0.068834 25  72
-0.0688998 26  64
-0.0689624 5  14
-0.0690994 33  76
-0.0691058 7  63
-0.0691117 32  71
-0.0691135 15  29
-0.0692338 47  53
-0.0692684 1  87
-0.0693827 35  86
-0.069397 33  51
-0.0695294 16  32
-0.0696059 54  83
-0.0696068 25  62
-0.0696261 20  81
-0.0696584 4  19
-0.0696629 73  75
-0.0697258 34  86
-0.0697677 7  56
-0.0697997 9  76
-0.0698493 33  37
-0.0698579 32  53
-0.0700398 36  64
-0.0700466 21  28
-0.0700474 33  35
-0.0701435 5  68
-0.0702611 13  44
-0.0703423 9  19
-0.0703929 7  70
-0.0704977 0  17
-0.070522 20  54
-0.0705774 29  33
-0.0705907 15  40
-0.0706288 33  47
-0.0706508 33  69
-0.0707609 35  42
-0.0707614 23  78
-0.0708122 55  66
-0.0708231 27  52
-0.0708322 26  75
-0.0708947 34  81
-0.071005 13  56
-0.0710051 11  81
-0.0710079 5  82
-0.0710585 21  57
-0.0710671 43  59
-0.0710966 50  58
-0.0711644 28  41
-0.0711675 21  30
-0.0712332 70  77
-0.0712479 18  26
-0.0712568 40  85
-0.0712734 10  87
-0.0712913 25  65
-0.0713337 36  67
-0.0714218 55  67
-0.0714329 36  75
-0.0714785 19  28
-0.0714797 6  87
-0.0714903 61  77
-0.071517 42  46
-0.0715855 21  39
-0.0715962 40  49
-0.0716114 5  56
-0.0716938 30  56
-0.0717072 10  65
-0.0717977 10  82
-0.0719479 47  54
-0.071956 12  71
-0.0720142 19  82
-0.0721118 52  86
-0.0722154 30  42
-0.07242 20  85
-0.0724486 6  29
-0.0725429 3  85
-0.07255 58  84
-0.0725961 19  43
-0.0726494 5  10
-0.0726619 10  62
-0.0727656 54  70
-0.0728814 26  62
-0.0728872 56  83
-0.0729065 11  33
-0.0730063 47  83
-0.0730233 15  72
-0.0730449 24  65
-0.0730585 7  58
-0.0730738 22  29
-0.0730912 12  82
-0.0732703 39  82
-0.073332 25  68
-0.0733342 8  27
-0.0733546 10  29
-0.0733586 31  71
-0.0734757 35  66
-0.0736918 21  71
-0.0737173 24  56
-0.0737692 57  88
-0.0738018 10  44
-0.0738077 68  72
-0.0738176 29  82
-0.0738591 12  55
-0.0738876 26  68
-0.073953 29  50
-0.0740288 47  52
-0.0741823 25  48
-0.0741837 31  78
-0.0742307 19  61
-0.0742463 22  76
-0.0742498 71  81
-0.0742926 16  74
-0.0743638 7  29
-0.0743662 1  18
-0.0745216 35  65
-0.0745823 44  71
-0.0746517 47  61
-0.07472 15  66
-0.0747964 4  59
-0.0748178 41  63
-0.074838 11  75
-0.0749038 54  74
-0.0749366 13  82
-0.075047 51  73
-0.0750978 75  88
-0.0751831 41  72
-0.0752402 25  41
-0.0753202 11  82
-0.075478 62  80
-0.0755604 0  80
-0.0756064 51  64
-0.0756834 52  83
-0.0757014 7  73
-0.075711 21  72
-0.0757874 74  86
-0.0758805 71  80
-0.0759407 10  14
-0.0760035 13  45
-0.0760783 35  56
-0.0761635 49  83
-0.0762053 31  43
-0.076218 47  55
-0.076242 22  41
-0.0762588 34  48
-0.07636 7  57
-0.0763982 50  52
-0.0765084 30  52
-0.0765271 26  59
-0.0765634 41  48
-0.0765853 16  29
-0.0766 27  79
-0.0766598 10  20
-0.0766884 53  88
-0.0767312 56  81
-0.076818 73  82
-0.0769386 55  75
-0.0769408 49  51
-0.0769585 7  87
-0.0770645 38  74
-0.077073 3  25
-0.077099 15  26
-0.0771481 17  37
-0.0772043 52  85
-0.0773617 47  58
-0.0773634 24  76
-0.0774063 63  88
-0.0774546 52  68
-0.0774572 39  56
-0.077467 7  46
-0.0776009 54  67
-0.0776462 44  65
-0.0776576 78  88
-0.0777216 33  58
-0.0777433 16  85
-0.0778244 9  87
-0.0778824 15  86
-0.0779271 61  73
-0.078 47  79
-0.0780118 63  74
-0.0780759 13  16
-0.0780894 12  84
-0.0781 8  65
-0.078125 11  79
-0.0781373 50  74
-0.0781563 69  83
-0.0783003 33  73
-0.0783034 23  80
-0.0783331 73  84
-0.0784178 54  69
-0.0784287 28  87
-0.0784844 28  81
-0.0785365 19  77
-0.0786013 33  64
-0.078648 17  65
-0.0786974 18  47
-0.0787422 26  30
-0.0787822 35  48
-0.0788707 30  86
-0.0788739 13  19
-0.0789554 32  33
-0.0789828 12  49
-0.0789863 79  84
-0.0789891 43  61
-0.0791293 1  44
-0.0791821 20  27
-0.0792824 25  31
-0.0794263 44  48
-0.0794305 70  88
-0.0794752 69  85
-0.0795736 27  75
-0.0796193 6  62
-0.0796243 6  69
-0.0796314 69  77
-0.0797839 7  79
-0.0798 43  51
-0.079903 23  76
-0.0799386 35  62
-0.0799522 54  85
-0.0800497 7  13
-0.0801205 31  48
-0.0802159 46  67
-0.0802256 3  70
-0.0803238 11  69
-0.0803307 30  59
-0.0804702 74  83
-0.080504 3  51
-0.0806036 26  37
-0.0807327 5  33
-0.0807368 18  52
-0.080852 46  75
-0.0808742 21  85
-0.0808824 54  56
-0.0809038 43  52
-0.0811 54  62
-0.0811065 21  77
-0.0812207 54  77
-0.081288 16  65
-0.0812932 17  77
-0.0813195 52  56
-0.0813215 46  73
-0.0815195 9  64
-0.0816308 40  84
-0.0816514 32  70
-0.0817825 6  47
-0.0818607 73  78
-0.0819435 14  38
-0.0819752 6  71
-0.0820243 72  85
-0.0820244 27  30
-0.0823136 35  85
-0.0823489 27  59
-0.082368 11  58
-0.0824686 4  60
-0.0826895 26  66
-0.0828377 24  42
-0.0829328 54  84
-0.0829583 32  80
-0.0829646 5  52
-0.0829835 3  16
-0.0830227 38  83
-0.083052 35  82
-0.0830762 16  22
-0.083197 22  39
-0.0833281 40  73
-0.0833677 37  47
-0.0833828 6  20
-0.0833879 46  83
-0.083418 3  10
-0.0834197 24  83
-0.0834523 33  70
-0.0834966 18  71
-0.0835629 53  60
-0.0836576 30  61
-0.0837185 43  76
-0.0837188 56  72
-0.0837842 24  75
-0.084035 20  41
-0.0840683 24  81
-0.0840819 1  34
-0.0840873 38  70
-0.0840982 43  46
-0.0841703 24  31
-0.0842286 14  83
-0.0842688 74  80
-0.0842743 54  59
-0.0843094 65  87
-0.0844146 24  68
-0.0844429 3  18
-0.0845063 55  62
-0.0845074 46  56
-0.0845535 17  63
-0.0845541 41  42
-0.0846056 20  56
-0.0847168 18  60
-0.084854 42  87
-0.0849325 0  21
-0.0849434 64  71
-0.0850054 9  29
-0.0850351 5  25
-0.0852147 60  82
-0.0852453 2  88
-0.0852501 9  39
-0.0852722 28  78
-0.0853772 30  80
-0.085551 52  77
-0.0855549 44  70
-0.085598 11  66
-0.0857878 62  64
-0.0858766 6  81
-0.0859758 8  13
-0.0860997 45  50
-0.0861115 42  76
-0.0861172 52  66
-0.0862236 33  60
-0.0862643 40  57
-0.0862671 38  87
-0.0862738 22  65
-0.0863487 4  84
-0.0863762 19  58
-0.08654 52  69
-0.0865802 18  69
-0.0865879 18  28
-0.0866903 16  84
-0.0868054 38  71
-0.0869454 54  57
-0.0869774 32  61
-0.0869944 17  78
-0.0870092 52  61
-0.0870487 5  85
-0.0871516 46  74
-0.0872275 14  53
-0.0872409 26  70
-0.0872443 15  31
-0.0872575 29  37
-0.0872778 17  47
-0.0873753 2  52
-0.0873784 40  71
-0.0874079 46  77
-0.0874259 0  7
-0.0874299 9  66
-0.0874786 21  82
-0.0875617 49  73
-0.0878039 2  26
-0.0879147 66  86
-0.087962 19  45
-0.0880383 54  76
-0.0881534 4  20
-0.0884896 57  64
-0.0884975 22  46
-0.0885579 12  60
-0.0886555 9  50
-0.0886918 74  82
-0.088714 29  79
-0.08883 7  15
-0.0888694 28  86
-0.0889254 47  67
-0.0889572 24  77
-0.0889644 49  82
-0.0889863 64  74
-0.0889871 47  85
-0.0889981 7  72
-0.0890471 11  35
-0.0890854 28  32
-0.0890863 40  69
-0.0891186 3  57
-0.0891599 35  83
-0.0891765 15  87
-0.0892336 27  47
-0.0893411 40  63
-0.0894273 59  77
-0.089483 10  55
-0.0895117 58  65
-0.0895147 13  41
-0.0897773 11  67
-0.089904 7  30
-0.0899496 22  78
-0.0900223 53  63
-0.0900338 17  30
-0.0902391 19  80
-0.0903105 0  69
-0.090415 25  67
-0.0904364 16  62
-0.0904683 52  70
-0.0905056 59  62
-0.0905616 0  31
-0.0909863 35  46
-0.0910171 39  73
-0.0910562 41  81
-0.0910946 0  9
-0.0912018 43  74
-0.0912198 52  76
-0.0915184 11  23
-0.091535 4  64
-0.0916177 2  60
-0.0916295 55  86
-0.0917254 73  83
-0.0917288 40  44
-0.0917474 9  83
-0.0917506 6  39
-0.0918368 45  61
-0.0918511 35  77
-0.0918523 33  80
-0.0919443 35  70
-0.0919547 0  67
-0.0920258 4  66
-0.0920284 54  78
-0.0920962 25  76
-0.0921857 34  49
-0.0922144 29  52
-0.0922634 12  45
-0.092264 9  85
-0.0924238 7  88
-0.0924523 9  69
-0.0924622 55  73
-0.0925881 23  75
-0.0926455 58  85
-0.0926686 40  47
-0.0927284 30  54
-0.0927662 24  29
-0.0928471 3  78
-0.0931046 40  59
-0.0931722 19  51
-0.0931836 11  17
-0.0931976 6  60
-0.0932272 1  65
-0.0932394 30  65
-0.0932534 19  70
-0.0932556 29  80
-0.093281 21  86
-0.0934847 6  13
-0.0935468 32  66
-0.0935751 10  41
-0.0936235 24  86
-0.0937134 20  82
-0.0937293 5  77
-0.0937775 19  59
-0.093859 22  68
-0.0938898 48  78
-0.093912 2  30
-0.0939951 7  69
-0.0940218 34  52
-0.0940228 54  71
-0.0940487 2  32
-0.0940682 31  54
-0.094125 26  78
-0.0941387 51  70
-0.0941555 16  49
-0.0941976 5  28
-0.0942876 71  78
-0.0944294 23  59
-0.0945807 19  33
-0.0945957 29  69
-0.0946112 11  38
-0.0946303 18  87
-0.0946631 44  83
-0.0946646 34  87
-0.0947011 61  85
-0.0947016 36  70
-0.0948042 23  66
-0.0948575 61  82
-0.0950225 58  75
-0.0950743 53  86
-0.0950953 38  50
-0.0951495 53  74
-0.0953142 13  30
-0.0953351 19  29
-0.0954215 4  71
-0.0955303 28  50
-0.0955482 14  36
-0.0956024 16  28
-0.0956029 21  78
-0.095626 24  85
-0.0957296 61  72
-0.0957458 8  70
-0.0957986 34  63
-0.0959606 59  82
-0.0960501 32  67
-0.0962508 25  86
-0.0962747 34  84
-0.0964276 66  79
-0.096489 1  83
-0.0965212 48  51
-0.0966048 53  69
-0.0967213 36  62
-0.0967923 6  57
-0.0969364 18  80
-0.0970015 39  48
-0.0970558 21  74
-0.0971926 52  81
-0.0972018 20  28
-0.0973322 26  39
-0.0973379 57  69
-0.0973454 74  87
-0.0973929 33  63
-0.097472 52  78
-0.0974861 21  81
-0.0974962 25  84
-0.0975374 23  64
-0.0975786 9  38
-0.0976109 3  72
-0.097624 2  71
-0.0976247 16  35
-0.0976363 21  79
-0.0976795 4  67
-0.09773 2  12
-0.0977322 14  33
-0.0977451 52  84
-0.0978005 25  34
-0.0978098 11  83
-0.0980371 27  78
-0.0980699 53  72
-0.0980742 5  32
-0.0981058 7  45
-0.0981168 11  16
-0.0982236 24  30
-0.0982595 56  66
-0.0982643 62  67
-0.0982992 53  79
-0.0985323 24  72
-0.098802 1  70
-0.0988657 3  46
-0.0989238 0  40
-0.0992756 5  51
-0.0992792 15  16
-0.0992881 7  60
-0.0993862 1  35
-0.0995746 52  64
-0.0996131 0  28
-0.0997727 70  80
-0.0998835 5  58
-0.0999207 55  63
-0.0999668 0  29
-0.100056 5  30
-0.100119 74  88
-0.100135 2  24
-0.100172 4  13
-0.10019 56  68
-0.100199 37  57
-0.100201 55  61
-0.100301 23  67
-0.100304 22  77
-0.100388 27  40
-0.100418 18  35
-0.100702 47  80
-0.100752 18  39
-0.10077 42  81
-0.100836 19  46
-0.100883 44  87
-0.100943 17  86
-0.100962 71  77
-0.100995 13  23
-0.101058 55  60
-0.101153 28  35
-0.101173 27  73
-0.101253 30  70
-0.101433 12  24
-0.101446 7  48
-0.101552 30  40
-0.101555 30  77
-0.101616 17  56
-0.101633 46  82
-0.101642 24  50
-0.101651 17  68
-0.101677 12  65
-0.101732 10  68
-0.101744 7  74
-0.101747 25  44
-0.101811 78  87
-0.102063 34  65
-0.102076 22  60
-0.102107 55  79
-0.102139 2  86
-0.102188 46  68
-0.102199 32  65
-0.102211 32  41
-0.102225 35  52
-0.102315 24  67
-0.102365 68  71
-0.102391 15  74
-0.102433 1  29
-0.102449 74  84
-0.102495 12  38
-0.102553 17  46
-0.102604 28  79
-0.102716 1  66
-0.102763 16  76
-0.102862 3  58
-0.102866 0  19
-0.102938 28  66
-0.102945 12  17
-0.103029 4  87
-0.103074 25  81
-0.10325 11  74
-0.103336 15  67
-0.10336 40  70
-0.103552 52  73
-0.103684 6  10
-0.103722 24  84
-0.103779 40  87
-0.103818 27  61
-0.103959 64  79
-0.103979 42  69
-0.104069 16  31
-0.104127 43  48
-0.10415 22  64
-0.104161 30  35
-0.10421 48  75
-0.104304 2  69
-0.104317 4  81
-0.104392 43  73
-0.104556 4  16
-0.104563 62  66
-0.104575 59  78
-0.104677 14  87
-0.104781 17  59
-0.104846 3  73
-0.104999 52  72
-0.105051 15  43
-0.105089 55  74
-0.105321 19  48
-0.105362 2  14
-0.105418 27  36
-0.105482 45  77
-0.105516 31  77
-0.105549 12  77
-0.105567 39  78
-0.105652 33  85
-0.105654 59  67
-0.105741 3  9
-0.105854 25  32
-0.105886 55  88
-0.105983 56  64
-0.106233 37  68
-0.106265 11  60
-0.106491 52  87
-0.106512 54  80
-0.106541 20  31
-0.106581 10  33
-0.106639 49  59
-0.106927 38  82
-0.106993 25  85
-0.107028 60  86
-0.107037 15  50
-0.10704 53  70
-0.107052 27  32
-0.107067 24  78
-0.107137 61  65
-0.107254 61  78
-0.107341 12  16
-0.107457 0  62
-0.107494 50  85
-0.107563 53  61
-0.107597 36  72
-0.107622 27  84
-0.107624 65  79
-0.107715 66  69
-0.108043 62  88
-0.108064 15  35
-0.10809 22  84
-0.108207 21  62
-0.108338 22  85
-0.108625 11  86
-0.108711 3  65
-0.108918 1  49
-0.108928 18  51
-0.109077 24  26
-0.109253 55  69
-0.10944 13  27
-0.109459 20  65
-0.109467 40  64
-0.10959 30  78
-0.109686 6  59
-0.109793 7  71
-0.110021 43  69
-0.110061 39  54
-0.110163 1  40
-0.110253 10  81
-0.110392 37  50
-0.110469 6  30
-0.110495 46  65
-0.110535 47  78
-0.110562 5  31
-0.110993 2  67
-0.110998 25  56
-0.111015 49  56
-0.11103 54  63
-0.111154 8  42
-0.111316 29  40
-0.111398 36  73
-0.11159 48  84
-0.11169 34  83
-0.11169 16  88
-0.111808 67  71
-0.111976 9  80
-0.11209 49  77
-0.112108 34  53
-0.112137 51  75
-0.112465 15  23
-0.112586 24  69
-0.11267 13  47
-0.112703 25  77
-0.112708 26  52
-0.112868 12  68
-0.112905 66  73
-0.112912 26  65
-0.112919 1  27
-0.113111 54  64
-0.113122 13  43
-0.113145 57  66
-0.113154 8  84
-0.113191 61  81
-0.113193 0  57
-0.113205 25  26
-0.113433 22  88
-0.113466 5  81
-0.113531 42  72
-0.113622 50  66
-0.113703 8  73
-0.113788 7  59
-0.113997 40  45
-0.11413 2  79
-0.114259 55  70
-0.114334 14  65
-0.114404 13  39
-0.114565 55  71
-0.114585 48  77
-0.114666 18  67
-0.114708 38  78
-0.114731 19  88
-0.114922 3  67
-0.114933 12  20
-0.114999 35  72
-0.115089 17  20
-0.115316 26  67
-0.11541 41  58
-0.115513 73  85
-0.115513 36  63
-0.115533 2  72
-0.115573 58  64
-0.115614 59  80
-0.115643 33  88
-0.1157 17  64
-0.115719 52  63
-0.11586 38  84
-0.116039 8  75
-0.116096 31  82
-0.116164 53  87
-0.11618 42  86
-0.116301 37  75
-0.11631 3  68
-0.116476 74  77
-0.116526 23  86
-0.116551 14  61
-0.116704 23  69
-0.116779 21  75
-0.117006 19  86
-0.117141 24  64
-0.117219 45  86
-0.117349 34  62
-0.117362 18  72
-0.117408 4  75
-0.117417 4  86
-0.117422 13  88
-0.117509 61  64
-0.117523 36  61
-0.117553 53  71
-0.117597 20  22
-0.118045 32  46
-0.118063 8  10
-0.118158 43  45
-0.118444 31  68
-0.11846 3  81
-0.118572 9  33
-0.118633 6  79
-0.118703 55  72
-0.118816 7  28
-0.118946 50  57
-0.118957 4  70
-0.118974 1  80
-0.119033 23  29
-0.119132 41  61
-0.11921 25  74
-0.119251 3  66
-0.119285 37  74
-0.119347 20  88
-0.11939 36  71
-0.119405 30  41
-0.119406 16  61
-0.119761 34  61
-0.119887 15  64
-0.119889 30  38
-0.119923 5  72
-0.119958 29  78
-0.120153 3  63
-0.120155 8  83
-0.120221 25  29
-0.120284 0  42
-0.120454 60  62
-0.120602 9  81
-0.120611 45  48
-0.120688 41  51
-0.120706 5  67
-0.120744 45  76
-0.121003 54  86
-0.121023 17  35
-0.121057 26  56
-0.121122 69  79
-0.121193 18  30
-0.121201 55  87
-0.121269 31  86
-0.121299 19  50
-0.121346 31  81
-0.121415 44  68
-0.121483 29  49
-0.121543 45  59
-0.12166 38  68
-0.121747 38  42
-0.121812 49  78
-0.121887 34  51
-0.121945 35  45
-0.12201 47  64
-0.122085 39  83
-0.122139 5  13
-0.12219 25  64
-0.122192 19  26
-0.122548 22  80
-0.122586 30  82
-0.12259 52  80
-0.122679 13  32
-0.122693 57  75
-0.122764 13  59
-0.122767 57  67
-0.123011 36  87
-0.123254 47  62
-0.123445 3  62
-0.123733 45  69
-0.123876 30  84
-0.123932 40  79
-0.123992 8  81
-0.124065 33  62
-0.124322 2  50
-0.124499 50  69
-0.124666 4  48
-0.124731 0  52
-0.124747 45  84
-0.125041 29  68
-0.125116 32  37
-0.125133 59  85
-0.125133 19  83
-0.125333 43  58
-0.125361 8  46
-0.125869 32  74
-0.125954 13  76
-0.125974 53  73
-0.126039 4  18
-0.126256 44  49
-0.126314 20  51
-0.126487 20  49
-0.1268 11  59
-0.127014 14  40
-0.127121 17  76
-0.127219 3  75
-0.127564 39  86
-0.127567 15  18
-0.127666 9  46
-0.127778 22  81
-0.127801 47  49
-0.127881 16  72
-0.128037 2  13
-0.128059 29  61
-0.128187 10  43
-0.128225 10  83
-0.128239 24  70
-0.128386 21  44
-0.128579 5  45
-0.12864 22  27
-0.128643 36  60
-0.128928 0  44
-0.129102 47  82
-0.12921 16  48
-0.129342 3  56
-0.129427 5  47
-0.129574 52  75
-0.129719 59  65
-0.12982 1  73
-0.129825 8  48
-0.129839 17  69
-0.130075 25  71
-0.13024 4  88
-0.130253 42  61
-0.130289 33  71
-0.130482 24  80
-0.13061 3  32
-0.130807 31  60
-0.130819 54  87
-0.13086 13  68
-0.130914 39  50
-0.131266 8  63
-0.131318 17  70
-0.131333 47  72
-0.131351 22  69
-0.131421 28  54
-0.131612 26  85
-0.131711 15  78
-0.131733 18  59
-0.1318 19  49
-0.131964 45  82
-0.132078 60  70
-0.13221 27  65
-0.132319 16  81
-0.132433 39  84
-0.132663 3  27
-0.132684 5  86
-0.132812 4  74
-0.132921 60  72
-0.132929 12  64
-0.133119 24  61
-0.133177 35  49
-0.133242 14  45
-0.133402 10  84
-0.133454 39  44
-0.133454 16  80
-0.133506 24  63
-0.133783 14  31
-0.133883 2  20
-0.133906 34  69
-0.133944 17  72
-0.134107 21  83
-0.134222 21  37
-0.134243 37  71
-0.134265 26  76
-0.134482 52  60
-0.134502 22  63
-0.134649 22  38
-0.134724 22  86
-0.134742 49  85
-0.134799 0  61
-0.134806 45  80
-0.134842 8  64
-0.134998 10  77
-0.135017 23  61
-0.13529 28  44
-0.135323 41  87
-0.13546 31  40
-0.135564 24  73
-0.135754 33  72
-0.135792 36  69
-0.135809 8  11
-0.136104 39  80
-0.136247 27  64
-0.136266 46  81
-0.136501 1  31
-0.136765 16  71
-0.13686 3  79
-0.136932 31  37
-0.137119 44  86
-0.137177 22  62
-0.137356 18  84
-0.137472 35  68
-0.137522 4  62
-0.137541 20  25
-0.137583 30  43
-0.137789 14  62
-0.137906 10  40
-0.137967 23  47
-0.138126 4  72
-0.138316 63  80
-0.138486 44  72
-0.138519 47  81
-0.138571 43  70
-0.138697 30  76
-0.138772 5  42
-0.138875 10  46
-0.139038 49  66
-0.139053 12  79
-0.139284 4  73
-0.13947 22  75
-0.139613 17  57
-0.13967 0  20
-0.13975 51  71
-0.139751 28  70
-0.13983 44  50
-0.139964 35  39
-0.140049 40  81
-0.140093 31  39
-0.140105 50  70
-0.140331 26  57
-0.140429 51  67
-0.140582 52  71
-0.14094 32  59
-0.141038 32  77
-0.14107 16  45
-0.141106 26  47
-0.14115 32  51
-0.141178 25  80
-0.141366 70  79
-0.141982 33  87
-0.142094 57  84
-0.142109 5  63
-0.142147 0  41
-0.142215 17  71
-0.142677 21  42
-0.142887 23  73
-0.142937 8  69
-0.14302 2  73
-0.143156 30  64
-0.143507 37  49
-0.143643 4  28
-0.14381 4  61
-0.144025 31  88
-0.144491 9  65
-0.14451 29  85
-0.144579 23  63
-0.144626 0  43
-0.144792 22  49
-0.145018 32  83
-0.145052 46  59
-0.145547 0  5
-0.145723 41  69
-0.145858 23  60
-0.145888 21  51
-0.146114 22  67
-0.14621 21  46
-0.146217 19  44
-0.146592 2  61
-0.146827 8  14
-0.146841 43  88
-0.14698 56  80
-0.147052 25  78
-0.147062 14  43
-0.147123 27  58
-0.14726 32  47
-0.1476 32  88
-0.147706 51  74
-0.147722 30  75
-0.148223 17  48
-0.148252 36  74
-0.148583 73  81
-0.148647 1  50
-0.14887 10  50
-0.14901 35  58
-0.149185 39  87
-0.14925 24  62
-0.149345 57  85
-0.149637 25  42
-0.149971 28  34
-0.149977 2  16
-0.150326 9  73
-0.150417 48  50
-0.150432 20  33
-0.150465 24  87
-0.15078 46  50
-0.150782 31  33
-0.151425 24  88
-0.151498 49  79
-0.151504 13  17
-0.151701 25  66
-0.151721 23  79
-0.15191 52  88
-0.151967 23  62
-0.152077 26  74
-0.152326 27  83
-0.152458 30  63
-0.152648 31  74
-0.152954 58  67
-0.152968 12  46
-0.152979 38  72
-0.153397 1  11
-0.153794 37  38
-0.154044 10  76
-0.154072 10  18
-0.154926 46  58
-0.155126 12  83
-0.155185 45  74
-0.155553 5  73
-0.155561 3  76
-0.155725 14  29
-0.156027 22  73
-0.157082 29  38
-0.157247 25  57
-0.157722 23  74
-0.157887 12  33
-0.158022 54  73
-0.158214 22  72
-0.158483 33  81
-0.158541 3  17
-0.159061 49  88
-0.159091 38  44
-0.159529 11  46
-0.159822 37  76
-0.159828 44  85
-0.160106 38  51
-0.160455 1  30
-0.160479 23  70
-0.160484 13  31
-0.160583 24  71
-0.16082 37  84
-0.161076 14  47
-0.16118 15  76
-0.161219 27  29
-0.161295 27  60
-0.162144 9  86
-0.162269 5  12
-0.162848 28  75
-0.163154 56  69
-0.1637 23  72
-0.163728 37  87
-0.163741 73  74
-0.164054 22  31
-0.164078 14  74
-0.164136 29  67
-0.164357 12  48
-0.164459 23  87
-0.164489 19  41
-0.165093 10  31
-0.165196 17  61
-0.16548 25  45
-0.165544 18  58
-0.165548 21  41
-0.165596 14  32
-0.165626 49  75
-0.165668 34  75
-0.165837 34  56
-0.16586 10  70
-0.166571 9  72
-0.166765 42  47
-0.166999 12  70
-0.167489 18  44
-0.167806 29  57
-0.167896 13  29
-0.168056 29  65
-0.168269 13  80
-0.168297 10  34
-0.168513 16  69
-0.16852 20  45
-0.168654 15  32
-0.168671 80  87
-0.168803 13  75
-0.168922 14  50
-0.168958 18  88
-0.168985 47  50
-0.169185 50  60
-0.169191 17  88
-0.169457 13  34
-0.169458 44  84
-0.169496 15  62
-0.169858 5  71
-0.170107 51  79
-0.170231 46  63
-0.170597 24  79
-0.170782 54  88
-0.171044 30  58
-0.171224 54  79
-0.171265 48  83
-0.17143 37  60
-0.171465 38  77
-0.171587 12  56
-0.171785 37  48
-0.171887 1  71
-0.171922 52  79
-0.171935 4  21
-0.171943 20  38
-0.171977 34  47
-0.172361 13  26
-0.172403 24  60
-0.172781 21  63
-0.172822 49  84
-0.173549 56  84
-0.174979 23  71
-0.175057 2  57
-0.175391 22  70
-0.175808 15  81
-0.175884 42  57
-0.175892 22  87
-0.176143 13  40
-0.176201 27  37
-0.17634 15  63
-0.176349 23  88
-0.176526 12  35
-0.176599 37  72
-0.176685 34  59
-0.177193 17  31
-0.177544 10  73
-0.177606 38  56
-0.178334 5  79
-0.178387 18  41
-0.178656 14  34
-0.178955 19  27
-0.178986 10  26
-0.179457 2  75
-0.179655 11  56
-0.179813 33  74
-0.181796 75  87
-0.182086 38  81
-0.182302 32  78
-0.182326 58  81
-0.182403 14  79
-0.182475 0  37
-0.182504 5  44
-0.182577 17  81
-0.182607 13  65
-0.184374 44  80
-0.185076 27  87
-0.185188 29  58
-0.18539 48  54
-0.185821 22  79
-0.186093 35  57
-0.186342 56  60
-0.186488 70  74
-0.187034 8  62
-0.18774 15  73
-0.188183 51  88
-0.189559 15  65
-0.189865 59  66
-0.190058 11  63
-0.190099 37  59
-0.190305 3  86
-0.191414 46  76
-0.192001 16  60
-0.192176 58  70
-0.192429 17  32
-0.192674 15  57
-0.193503 20  32
-0.19494 34  70
-0.194998 46  87
-0.195051 62  69
-0.195173 31  84
-0.195504 15  85
-0.195575 69  76
-0.197376 3  31
-0.197691 29  81
-0.197703 3  49
-0.198102 14  76
-0.198326 8  74
-0.198471 9  21
-0.198556 31  34
-0.198673 14  88
-0.199413 60  63
-0.199524 37  88
-0.199742 48  81
-0.200856 41  45
-0.201713 11  15
-0.201795 45  88
-0.202286 17  87
-0.202514 17  62
-0.204597 37  61
-0.20489 12  37
-0.206786 1  28
-0.207145 30  81
-0.207336 1  61
-0.207861 1  60
-0.208995 25  88
-0.209593 27  81
-0.209755 29  63
-0.209899 10  39
-0.21052 48  88
-0.21131 3  12
-0.211869 45  71
-0.212336 10  56
-0.212861 45  68
-0.21454 4  69
-0.21581 48  79
-0.216181 2  48
-0.216306 17  60
-0.216349 25  79
-0.217638 35  81
-0.218194 12  63
-0.219257 29  34
-0.219537 51  72
-0.221981 0  32
-0.222298 34  76
-0.222916 32  86
-0.223148 45  81
-0.223805 17  74
-0.224106 32  84
-0.226957 30  37
-0.227014 15  34
-0.228763 34  58
-0.229846 32  38
-0.230213 13  37
-0.230887 1  76
-0.234604 32  49
-0.236054 1  37
-0.237916 38  76
-0.238089 8  39
-0.240099 5  39
-0.245462 34  71
-0.246248 14  44
-0.247253 8  58
-0.24946 15  44
-0.250265 0  48
-0.253552 38  47
-0.265226 34  57
-0.266898 13  81
-0.277128 0  34
-0.287774 15  46
-0.293672 1  48
-0.380598 11  34
