2.41699 25  46
2.3772 26  45
2.26204 29  40
1.87471 28  41
1.56177 20  51
1.52902 24  47
1.51533 32  37
1.47133 23  48
1.4133 30  39
1.07537 17  53
1.05225 17  54
0.944976 18  53
0.881021 17  18
0.755042 31  39
0.686924 62  63
0.68576 31  42
0.684082 37  38
0.674788 31  38
0.560196 19  20
0.513283 34  60
0.508037 67  68
0.499171 58  64
0.489243 58  65
0.477109 27  44
0.474998 66  68
0.474607 19  51
0.466442 28  50
0.463702 30  33
0.453475 66  67
0.452565 55  56
0.447802 24  46
0.445165 18  54
0.444408 56  57
0.441149 62  65
0.440908 55  57
0.432902 38  39
0.432244 34  42
0.431638 56  62
0.429972 21  50
0.427705 39  42
0.418751 25  47
0.415293 62  69
0.407875 38  55
0.398045 17  55
0.397364 62  68
0.392924 46  47
0.392316 24  25
0.391838 53  54
0.38979 56  58
0.37957 33  36
0.377621 56  61
0.372049 51  57
0.367374 54  62
0.363426 18  56
0.355036 20  57
0.349513 33  53
0.335613 34  39
0.335191 22  49
0.335017 26  47
0.330962 66  69
0.329297 32  57
0.328948 43  63
0.328132 30  32
0.324217 35  67
0.32175 52  69
0.315942 54  69
0.308359 43  65
0.305416 43  56
0.305283 58  59
0.302427 19  53
0.300781 38  43
0.298651 18  55
0.297801 52  53
0.295932 37  55
0.29549 24  26
0.28986 68  69
0.289222 31  49
0.288524 19  50
0.288418 61  66
0.287282 35  59
0.286987 18  59
0.284026 42  61
0.28095 36  69
0.27849 39  63
0.274879 26  43
0.274131 55  69
0.273977 19  52
0.272777 35  38
0.265315 37  57
0.263966 34  61
0.261695 17  59
0.260095 67  69
0.256828 33  58
0.255206 59  64
0.252733 23  68
0.249389 34  44
0.247731 35  58
0.246954 17  60
0.246655 62  64
0.246228 50  65
0.245006 48  56
0.242701 57  64
0.241687 58  68
0.240389 38  52
0.237177 30  52
0.235547 40  69
0.233761 42  63
0.231684 40  59
0.229834 20  33
0.228965 64  68
0.227994 45  47
0.225037 34  35
0.224774 21  28
0.224342 61  63
0.222448 31  69
0.221471 42  44
0.219264 29  41
0.217014 53  59
0.216051 55  64
0.214731 40  47
0.213984 23  58
0.212848 60  61
0.211937 64  65
0.207074 32  67
0.206713 36  62
0.203493 29  59
0.202833 41  50
0.202662 48  68
0.201076 63  64
0.200965 33  51
0.200912 32  36
0.199976 19  28
0.199935 25  32
0.199412 39  55
0.197165 28  43
0.194811 29  69
0.194402 17  33
0.19329 42  48
0.192906 43  48
0.192267 52  68
0.191375 43  50
0.191165 28  55
0.190149 17  49
0.189975 21  22
0.189238 32  46
0.188787 47  63
0.187643 19  25
0.185367 54  63
0.184835 23  32
0.182276 25  57
0.182086 19  54
0.181639 50  61
0.17941 33  37
0.177748 35  41
0.176555 32  35
0.176186 31  61
0.173189 17  56
0.172817 18  57
0.1716 25  37
0.171085 17  19
0.170271 37  63
0.169401 30  63
0.169187 17  61
0.167167 54  56
0.16696 27  31
0.165885 63  68
0.165531 36  38
0.165329 59  62
0.163136 53  69
0.163035 49  52
0.162835 31  68
0.162736 24  45
0.162392 25  40
0.162116 58  61
0.161891 21  49
0.161259 63  66
0.161061 29  36
0.160475 55  58
0.160232 24  63
0.159403 19  33
0.157163 56  69
0.157007 32  60
0.15554 18  19
0.155138 32  65
0.154288 40  41
0.154011 19  21
0.152437 58  62
0.151611 25  29
0.151199 21  27
0.151021 54  59
0.148599 31  67
0.148473 40  44
0.148204 24  56
0.147845 38  66
0.147762 45  64
0.147542 20  65
0.14666 42  53
0.146492 18  44
0.144198 30  69
0.14384 38  63
0.14353 19  65
0.143338 41  59
0.142954 30  62
0.142574 63  65
0.140871 18  37
0.140865 22  50
0.140547 32  61
0.140374 48  67
0.139767 37  59
0.139606 18  20
0.138715 31  66
0.137426 53  65
0.137247 30  36
0.137241 39  48
0.13703 30  64
0.136846 37  54
0.136771 36  61
0.135009 36  51
0.133407 33  34
0.133365 35  61
0.133147 36  52
0.13303 26  64
0.132496 37  46
0.13159 41  52
0.130928 23  43
0.130006 33  63
0.12957 56  59
0.129449 52  55
0.12937 44  50
0.129063 30  54
0.128987 27  50
0.128584 48  58
0.127873 40  52
0.127611 41  63
0.126742 51  65
0.126202 57  58
0.125961 38  57
0.125386 65  66
0.125025 42  60
0.123934 32  42
0.121205 30  68
0.120545 27  29
0.120263 48  61
0.120199 34  67
0.119906 18  58
0.119393 58  69
0.119321 35  64
0.119198 25  60
0.11902 26  48
0.118726 22  27
0.118548 18  60
0.117968 28  35
0.117266 33  64
0.117109 32  43
0.116232 44  62
0.115665 19  60
0.115419 31  34
0.115329 31  52
0.114961 18  51
0.114958 19  35
0.114577 28  65
0.113433 31  32
0.113329 43  60
0.112977 21  41
0.112904 31  62
0.11226 51  69
0.112225 28  29
0.112046 28  59
0.111271 29  44
0.110924 55  65
0.110749 45  48
0.110646 48  60
0.110335 23  31
0.109864 29  46
0.109768 37  65
0.109509 59  66
0.109097 17  52
0.108323 52  56
0.108166 35  57
0.107881 32  66
0.107494 37  42
0.106974 22  44
0.106681 23  46
0.105194 23  67
0.105028 20  21
0.104699 58  60
0.10464 39  62
0.104585 57  65
0.104423 19  22
0.104294 54  64
0.102981 23  25
0.102321 24  55
0.102271 23  66
0.102001 29  52
0.101594 23  37
0.10119 31  48
0.100439 22  45
0.100324 28  63
0.100109 57  60
0.0999734 44  60
0.0985708 32  33
0.0985629 18  36
0.0982112 27  49
0.0981006 25  56
0.0946595 49  67
0.0944502 23  35
0.0942895 21  44
0.09358 38  48
0.0933919 65  67
0.0932201 50  55
0.0930795 38  56
0.0927614 43  59
0.0927358 44  64
0.0921335 34  48
0.0907895 37  39
0.0904497 38  54
0.0902455 30  40
0.0898791 65  68
0.0897142 21  61
0.0896099 40  60
0.0895275 35  48
0.0887242 57  69
0.0882832 60  68
0.087819 25  49
0.0872078 50  62
0.0870203 27  45
0.0866207 57  62
0.0864048 31  44
0.0861946 43  58
0.0856865 36  40
0.0855131 43  45
0.0854651 59  68
0.0854333 40  65
0.0848004 28  38
0.0846262 50  63
0.0845342 38  62
0.0844528 19  37
0.0843205 20  22
0.0827993 27  40
0.0822613 28  61
0.0821641 35  56
0.0820895 31  37
0.0820757 53  55
0.0820663 32  62
0.0818673 27  67
0.0817339 59  69
0.0814708 24  65
0.0814201 49  50
0.0805703 33  61
0.0804985 54  55
0.0800564 33  39
0.0796571 45  61
0.0794851 41  51
0.0780266 39  54
0.0775803 47  48
0.0774639 31  55
0.0769997 38  60
0.0769602 39  46
0.0764819 51  55
0.0756626 24  38
0.0753145 41  48
0.0735655 47  56
0.0725659 27  43
0.072228 38  67
0.0721723 49  54
0.0721585 19  49
0.0720384 18  24
0.0718125 34  64
0.0713303 22  26
0.0704932 17  64
0.0699836 61  62
0.0699015 30  38
0.0698415 37  48
0.06957 51  52
0.0694664 27  57
0.0691763 29  57
0.0690536 45  58
0.0686874 34  54
0.0686097 39  43
0.0683583 36  64
0.0682826 32  49
0.0679438 18  32
0.0673231 29  39
0.0671405 30  31
0.066593 24  40
0.0665803 17  38
0.0660632 31  56
0.0658855 23  26
0.0656805 33  43
0.064863 29  67
0.064071 61  65
0.063749 46  57
0.0629953 47  62
0.0625499 30  46
0.0580735 38  42
0.0580494 40  43
0.0576054 46  60
0.0574171 26  63
0.0572599 27  64
0.057153 24  57
0.0570584 22  38
0.0570282 33  66
0.0570184 31  63
0.0569113 18  42
0.0568693 25  48
0.0567966 33  65
0.0567711 52  57
0.0556909 30  61
0.0553305 46  49
0.0547042 22  43
0.0544904 57  59
0.0535932 26  57
0.0534887 22  42
0.0524211 24  42
0.0524183 26  36
0.0523669 23  41
0.0522946 1  22
0.0522654 20  36
0.0521668 27  58
0.0520853 6  22
0.052026 9  22
0.0519236 22  28
0.0518846 23  47
0.0518824 8  22
0.0517837 7  22
0.05172 11  22
0.0516898 12  22
0.0516762 0  22
0.0516158 59  60
0.0515557 10  22
0.0514675 2  22
0.0514364 46  61
0.0514057 13  22
0.051399 14  22
0.0513076 50  66
0.0512655 44  49
0.0509555 3  22
0.0507749 31  59
0.0506274 15  22
0.0505677 25  64
0.0503802 55  66
0.0503542 4  22
0.0503065 2  21
0.0502802 46  67
0.0502368 10  21
0.0502198 39  64
0.0502071 11  21
0.0500776 12  21
0.0500653 8  21
0.0500364 0  21
0.0500127 35  63
0.049984 7  21
0.0499697 16  22
0.0498128 5  22
0.0497306 13  21
0.0496353 15  21
0.0496318 4  21
0.0495972 26  58
0.0493957 3  21
0.0492349 1  21
0.0491665 14  21
0.0491446 47  66
0.0490901 9  21
0.0487905 6  21
0.0487223 23  59
0.0486518 17  30
0.0484281 18  46
0.0482864 16  21
0.0481992 5  21
0.0481777 43  64
0.0479126 32  59
0.0478002 27  65
0.0474704 29  60
0.0465316 21  45
0.0464848 26  61
0.0462766 32  55
0.0461169 21  36
0.0460624 23  60
0.0459467 25  67
0.0458658 54  67
0.0453546 65  69
0.0452725 49  65
0.044408 21  26
0.0442115 23  63
0.044132 18  47
0.0436596 20  49
0.0432393 21  51
0.0430574 35  68
0.042727 17  58
0.042523 20  52
0.0422896 34  43
0.0417476 6  49
0.0416132 14  49
0.0414801 1  49
0.0414668 11  49
0.0413824 9  44
0.0413724 10  49
0.0412446 15  49
0.0412263 8  49
0.0411184 9  49
0.0410778 36  41
0.0410387 42  52
0.0409543 10  44
0.0408774 13  49
0.0408646 12  44
0.0407701 0  49
0.0407697 3  44
0.0407363 3  49
0.0407015 2  44
0.0406286 13  44
0.0406242 14  44
0.0405897 7  49
0.0405843 22  51
0.0404989 30  66
0.0404498 6  44
0.0404372 4  49
0.040427 11  44
0.0404243 1  44
0.0402907 12  49
0.0402064 24  67
0.0400909 0  44
0.0400489 8  44
0.040034 15  44
0.0399893 2  49
0.039976 7  44
0.0399694 21  35
0.0399428 43  67
0.039909 5  44
0.0397928 5  49
0.0393597 4  44
0.0389983 36  66
0.0388784 20  50
0.0385313 16  49
0.038419 42  43
0.0383364 20  41
0.0383032 26  27
0.0377857 34  46
0.0377322 46  48
0.0376495 16  44
0.0376184 24  52
0.0375604 47  52
0.0374274 23  42
0.0368717 28  52
0.0368659 20  34
0.0368125 14  27
0.0367989 1  27
0.0367044 22  41
0.0366758 0  27
0.0366668 10  27
0.0366365 12  27
0.0364918 47  67
0.0364773 9  27
0.0364686 45  57
0.0363772 6  27
0.0363399 44  66
0.0363243 30  53
0.0361933 2  27
0.0354346 4  27
0.0353639 8  27
0.0352775 3  27
0.0351033 5  27
0.0350592 13  27
0.0350543 7  27
0.0349656 11  27
0.0347428 15  27
0.0345776 20  27
0.0338942 16  27
0.0336281 18  52
0.0335918 35  36
0.0333439 0  20
0.0333387 2  20
0.0332399 8  20
0.033033 12  20
0.0330051 14  20
0.0329615 9  20
0.0329208 1  20
0.0329017 13  20
0.0328627 7  20
0.0322504 10  20
0.0321532 11  20
0.0319173 4  20
0.0318909 15  20
0.0317264 6  20
0.0316456 3  20
0.0316018 21  65
0.0312813 5  20
0.0312682 16  20
0.0312422 27  62
0.0302788 4  50
0.0302037 49  68
0.0300568 33  62
0.0298548 14  50
0.0297628 0  50
0.0296228 8  50
0.0296197 2  50
0.0295626 12  50
0.0294434 11  50
0.029365 25  39
0.029156 13  50
0.0291483 45  46
0.0290513 7  50
0.0288793 15  50
0.0287135 9  50
0.02867 32  52
0.0284971 1  50
0.028436 3  50
0.028162 5  50
0.0281318 10  50
0.0279591 12  51
0.0278133 22  36
0.0275697 6  50
0.0274318 4  51
0.0273159 27  32
0.0273044 19  38
0.02727 17  66
0.0272663 1  51
0.0272167 9  51
0.0272139 10  51
0.0271507 14  51
0.027149 6  51
0.0271329 15  51
0.0269755 8  51
0.0269665 32  68
0.0269283 2  51
0.0267855 0  51
0.0265694 26  46
0.0264888 3  51
0.0264776 7  51
0.0262725 16  50
0.0262577 37  47
0.0262216 39  51
0.026082 36  67
0.0259766 5  51
0.0259071 27  66
0.0258928 13  51
0.0255192 26  44
0.0254184 55  59
0.0253502 17  69
0.0253044 34  53
0.0252968 11  51
0.0252823 16  51
0.0245958 37  56
0.0243295 45  52
0.0238754 44  46
0.0238634 59  61
0.0237827 34  56
0.0237072 45  67
0.0236172 22  65
0.0235032 10  33
0.0233571 1  33
0.0233548 27  69
0.0232677 4  33
0.0232556 12  33
0.0232477 3  33
0.0231885 6  33
0.0231396 11  33
0.0231242 8  33
0.0230729 23  36
0.0230071 9  33
0.0228909 2  33
0.0228661 13  33
0.0227595 48  66
0.0224898 5  33
0.0224066 0  33
0.0222824 7  33
0.0222442 18  49
0.0222101 14  33
0.0221661 58  67
0.0217704 24  62
0.0215864 24  35
0.0215057 50  53
0.0212337 15  33
0.0206821 33  67
0.0206078 24  48
0.0205851 32  39
0.0205104 10  36
0.0204919 32  63
0.020281 7  36
0.0202307 9  36
0.0200189 15  36
0.0199151 8  36
0.0197979 2  36
0.0197837 16  33
0.0196457 12  36
0.0195886 1  36
0.0195613 13  36
0.0195346 5  36
0.0194485 4  36
0.0194349 6  36
0.0193743 3  36
0.0192173 14  36
0.0190815 16  36
0.0189469 0  36
0.0187802 42  59
0.0183712 26  52
0.0183379 11  36
0.0180992 29  30
0.0178371 19  34
0.0177938 33  52
0.0174581 30  58
0.0167258 41  65
0.0165532 23  52
0.0165217 32  56
0.0161041 39  40
0.0160972 40  49
0.0160716 32  58
0.0159122 38  41
0.0157643 44  45
0.0154142 17  42
0.0151872 9  15
0.0150991 50  51
0.0150192 46  50
0.0145402 35  43
0.0144508 0  5
0.014185 5  34
0.0139971 8  42
0.0139909 23  57
0.0138081 53  63
0.0130849 11  34
0.0130596 22  35
0.0130369 18  61
0.0130202 14  34
0.0129646 10  34
0.0129465 2  34
0.0129222 7  34
0.0128802 23  28
0.0128517 3  42
0.0127972 6  34
0.0127769 11  42
0.0127329 5  42
0.0125906 28  48
0.0125861 8  34
0.0125457 0  42
0.0124343 19  46
0.0123762 15  34
0.0123044 1  42
0.0122212 12  41
0.012196 9  34
0.0121755 4  9
0.0121682 20  69
0.0121332 12  42
0.0121253 3  34
0.0120768 0  34
0.0120731 36  57
0.0120391 10  42
0.0120203 9  42
0.0119723 7  42
0.0119572 15  42
0.0118703 10  41
0.0118449 4  5
0.0115458 14  42
0.0115359 12  34
0.0115293 19  68
0.0115082 6  14
0.0114964 4  34
0.0114742 6  42
0.011455 37  43
0.0113068 2  42
0.0110899 1  34
0.0110631 13  34
0.0110038 50  69
0.0109316 11  41
0.0108822 10  23
0.0107159 4  42
0.0106959 14  41
0.010635 13  42
0.0106004 0  16
0.0105888 1  41
0.0104519 11  14
0.0103764 33  54
0.0103732 4  41
0.0103457 14  23
0.0103157 2  16
0.0102726 0  41
0.0102304 6  41
0.010204 18  35
0.0101506 4  6
0.0100822 10  14
0.0100167 0  4
0.0100007 9  41
0.00987696 5  41
0.00983387 7  23
0.0097735 5  12
0.00976007 16  26
0.00970842 1  11
0.00969528 1  13
0.00965829 3  12
0.00959025 37  64
0.00954446 3  8
0.00954229 2  41
0.00950402 15  23
0.00946979 3  7
0.00944704 13  41
0.00943563 8  41
0.00937597 7  41
0.00936231 15  41
0.00934037 2  23
0.00926976 5  15
0.0092317 9  13
0.00921427 3  41
0.00916985 3  6
0.0091619 3  16
0.0091409 8  23
0.00910912 7  15
0.00905633 25  43
0.00902893 33  46
0.00893437 2  9
0.00888907 11  13
0.00887668 10  13
0.00886194 3  11
0.00885274 4  11
0.0088132 12  16
0.00878063 5  13
0.00876419 0  23
0.00873702 5  11
0.00872029 3  15
0.00870649 13  23
0.00869559 0  13
0.00868332 3  23
0.00865668 4  12
0.00863278 2  6
0.00859491 8  9
0.00859373 16  19
0.00858546 3  5
0.00858465 4  23
0.00855358 2  7
0.00854242 16  34
0.00846791 3  4
0.00846548 16  42
0.00844329 6  8
0.00843705 20  64
0.00843494 16  45
0.0084084 28  53
0.00831145 6  23
0.00829803 6  11
0.00829012 1  23
0.00826798 6  10
0.00822633 12  23
0.00819186 11  23
0.00814808 4  35
0.00813351 53  68
0.00812127 5  16
0.0080492 4  16
0.0080394 11  15
0.00803344 8  10
0.00802272 5  14
0.00796776 9  10
0.0079564 5  23
0.00790537 1  4
0.00786222 51  68
0.00776815 14  15
0.00766997 9  23
0.00766753 1  8
0.00760263 7  16
0.00753822 16  41
0.00753195 1  14
0.00752296 12  13
0.00742911 2  14
0.00739553 1  9
0.00736498 0  6
0.00734461 13  35
0.00731631 3  14
0.00729811 43  52
0.00717897 10  16
0.00717814 0  2
0.00717754 1  3
0.00715711 13  16
0.00713951 5  8
0.00711117 15  16
0.00708487 16  23
0.00708207 7  12
0.00699723 1  15
0.00698585 0  12
0.0069584 4  8
0.00681199 2  4
0.00676937 8  15
0.00669835 10  35
0.00665505 8  11
0.00657873 0  1
0.00656708 20  39
0.00654845 2  15
0.0064804 12  35
0.00647614 0  7
0.0064674 7  8
0.00639987 4  7
0.0063444 5  7
0.0063179 4  15
0.00628295 8  16
0.00623372 8  45
0.00612017 1  12
0.00611099 9  12
0.00609474 20  55
0.00594529 9  14
0.00591026 6  15
0.00586411 0  35
0.00580076 12  15
0.00579188 6  7
0.00578835 6  35
0.00576458 45  59
0.00576125 6  13
0.00572138 1  45
0.00570663 9  11
0.00568094 10  11
0.00567603 3  13
0.00563358 11  12
0.00563111 5  35
0.005575 2  13
0.00553476 0  11
0.00552297 3  9
0.00551267 6  16
0.00550995 8  14
0.00546048 7  11
0.00543487 1  35
0.00539465 7  10
0.00538747 1  7
0.00537449 49  51
0.00532858 14  45
0.00532388 2  10
0.00529814 12  45
0.00526154 7  9
0.00523107 8  13
0.00517757 0  10
0.00514025 12  24
0.00510602 1  6
0.00508392 0  8
0.00503958 15  45
0.00503376 9  54
0.00501123 8  35
0.00500573 2  12
0.00499793 10  45
0.00492522 11  35
0.00492094 2  35
0.00491004 14  35
0.00484051 0  15
0.00482197 23  24
0.00479907 10  15
0.004757 13  54
0.00469086 2  54
0.00467886 12  14
0.00466479 11  16
0.00459281 4  10
0.00457575 9  16
0.00457105 0  47
0.00454411 7  60
0.00448825 7  45
0.00448272 10  54
0.00446569 14  16
0.00439719 1  16
0.00437985 4  14
0.00432462 5  54
0.00431395 1  10
0.00428338 7  14
0.00424902 2  11
0.00423922 6  9
0.00423451 3  60
0.00423443 6  26
0.00421738 13  47
0.00419359 1  5
0.00411273 2  47
0.00404979 14  54
0.0040415 13  60
0.00402357 8  54
0.00401423 11  60
0.00400863 5  45
0.00395844 5  10
0.00393976 9  60
0.00393503 3  35
0.00389188 36  48
0.00385826 9  35
0.00385671 7  35
0.0037986 16  47
0.00376813 3  10
0.00374665 4  54
0.0037363 16  35
0.00371791 0  45
0.00368742 9  45
0.00366605 7  54
0.00365308 2  45
0.00362126 12  47
0.00358543 2  3
0.0035822 5  47
0.00357003 46  64
0.00355264 0  60
0.00354299 29  47
0.00354271 0  14
0.00353461 7  47
0.00350397 19  48
0.00348118 10  47
0.00342314 19  40
0.00341591 9  26
0.00340073 1  54
0.00336549 15  35
0.00333917 8  12
0.00333645 47  57
0.00332093 15  60
0.00326404 12  60
0.00325415 33  57
0.00321647 10  60
0.00316825 11  47
0.00315392 8  47
0.00313409 5  9
0.00312668 30  37
0.00308982 14  60
0.00308875 26  66
0.00307858 3  45
0.00304577 8  60
0.00304228 0  54
0.00303393 6  60
0.00300263 5  24
0.00297345 2  5
0.00294093 1  47
0.00291173 51  61
0.00286645 4  47
0.00286361 6  45
0.00280902 7  26
0.00279132 10  24
0.00278988 13  26
0.00276601 3  47
0.00271156 6  12
0.00271131 12  54
0.00270835 4  60
0.00268349 14  47
0.00267111 59  63
0.00261236 9  24
0.00260111 15  47
0.00257404 5  60
0.00253851 16  60
0.00251239 11  54
0.00249909 6  54
0.00248447 10  12
0.00248124 11  26
0.00247113 11  45
0.00245971 5  6
0.0024593 7  24
0.00245026 4  24
0.00239795 9  47
0.00239586 6  47
0.00238743 0  26
0.0023628 7  13
0.00231521 1  60
0.00223684 13  45
0.00221769 4  13
0.0022104 6  24
0.00219404 11  24
0.00215874 12  26
0.00211448 1  26
0.00208867 14  24
0.00207129 5  26
0.00206609 15  54
0.00204227 57  61
0.00196898 4  26
0.00192108 2  60
0.00191001 14  26
0.00189211 0  24
0.00186087 15  24
0.00182414 13  14
0.00177743 8  26
0.00177643 37  66
0.00169958 8  24
0.00167468 10  26
0.00151821 0  3
0.00150607 2  24
0.00149757 13  24
0.00135029 13  19
0.00131068 4  45
0.00131006 0  9
0.00128885 3  54
0.00125106 13  15
0.00116925 15  26
0.00116823 2  26
0.00115976 16  54
0.00113489 1  24
0.000993726 1  2
0.000938733 3  26
0.000842918 16  24
0.000769209 3  24
0.000669388 36  68
0.00023498 43  55
7.36286e-05 25  61
-0.000447554 8  19
-0.000599755 5  28
-0.000611041 15  19
-0.000688377 11  48
-0.000722831 38  50
-0.00080408 1  28
-0.000942093 28  40
-0.000961441 9  28
-0.0010842 9  19
-0.00121786 31  43
-0.0013272 14  28
-0.00133024 6  48
-0.0014082 6  28
-0.00146273 15  28
-0.00150254 22  61
-0.00157776 24  66
-0.00159162 10  19
-0.00161554 29  50
-0.00162405 1  19
-0.00164167 13  48
-0.00164541 12  19
-0.00168588 0  48
-0.00169186 2  19
-0.00170626 3  48
-0.00172357 2  8
-0.00174063 5  19
-0.00185309 10  28
-0.00186716 11  19
-0.00189962 20  44
-0.00194251 4  19
-0.00200006 3  19
-0.00202806 14  48
-0.00215409 5  48
-0.00216586 10  48
-0.00217617 6  19
-0.00217955 1  48
-0.00222715 17  34
-0.00234128 14  19
-0.00234724 13  28
-0.0024043 26  59
-0.00248516 12  48
-0.00253804 9  48
-0.00262064 15  48
-0.00267266 7  48
-0.0027095 4  48
-0.00272492 18  67
-0.00278848 25  30
-0.0028313 2  48
-0.00290169 21  40
-0.00296884 28  62
-0.00304291 12  28
-0.00304653 15  58
-0.00307782 8  28
-0.00312078 61  64
-0.00322838 33  55
-0.00322999 3  28
-0.00323418 0  19
-0.00324091 7  19
-0.00337341 21  33
-0.00338694 27  55
-0.00346422 7  28
-0.00349148 36  45
-0.00351251 0  28
-0.00355103 64  67
-0.00367393 12  58
-0.00368049 4  28
-0.00371643 29  45
-0.00374908 2  28
-0.00377892 8  48
-0.00378398 2  58
-0.00403071 16  48
-0.00428611 11  28
-0.00431838 16  28
-0.004362 0  29
-0.00436783 54  68
-0.00446837 9  58
-0.00449268 10  58
-0.00459082 35  45
-0.00460839 14  58
-0.00473259 64  69
-0.00486532 3  40
-0.00499384 19  36
-0.00507944 6  58
-0.00511406 7  40
-0.00523402 34  66
-0.00527677 8  58
-0.00527893 1  29
-0.00529704 31  60
-0.0053169 8  40
-0.00539763 3  58
-0.00562601 9  29
-0.0056481 21  55
-0.0056877 4  58
-0.00569979 5  58
-0.00571619 37  69
-0.00572279 20  58
-0.00575206 41  42
-0.00576319 41  49
-0.00592906 2  29
-0.00595915 23  38
-0.00598599 7  58
-0.00602709 1  58
-0.00602822 13  58
-0.00606395 0  58
-0.00617836 12  29
-0.00624344 45  66
-0.00630832 16  58
-0.00638973 60  62
-0.00647533 28  36
-0.00664321 36  49
-0.00667268 44  69
-0.00681611 3  29
-0.00682744 28  49
-0.0068554 32  48
-0.00685635 22  23
-0.00687383 12  40
-0.00690663 11  58
-0.00698925 14  29
-0.0071109 24  43
-0.00712926 10  29
-0.00716367 4  29
-0.00716952 17  37
-0.00724744 41  53
-0.00728393 30  55
-0.00739774 13  40
-0.0074508 24  61
-0.00758718 42  67
-0.00777099 7  29
-0.00783498 2  40
-0.00784624 15  40
-0.00789032 25  33
-0.00796679 5  40
-0.00802627 13  29
-0.00826912 0  40
-0.00857842 1  40
-0.0086125 4  40
-0.00869811 10  40
-0.00873958 38  59
-0.00874802 24  41
-0.00879666 14  40
-0.00884938 9  40
-0.00909168 5  29
-0.00913077 51  59
-0.00929488 27  41
-0.00929956 11  29
-0.00935621 8  29
-0.00966463 22  37
-0.00974969 6  40
-0.00980193 15  29
-0.00990802 34  51
-0.0099469 11  40
-0.00999423 19  62
-0.0100999 6  29
-0.0102588 29  53
-0.0103239 16  40
-0.0104475 17  67
-0.0106861 16  29
-0.0107534 22  31
-0.0107729 40  57
-0.0108493 18  65
-0.0115142 35  53
-0.0116486 14  53
-0.011672 60  67
-0.0117123 52  60
-0.0118531 59  65
-0.0123322 25  26
-0.0132273 35  60
-0.0132276 34  52
-0.0134623 3  53
-0.0138508 35  49
-0.0140156 46  56
-0.0141395 45  49
-0.0141886 5  53
-0.014192 24  30
-0.0142869 57  67
-0.014373 9  53
-0.0145315 8  53
-0.0145439 37  49
-0.0146406 12  53
-0.0146938 20  63
-0.0147467 16  53
-0.0148926 11  53
-0.0150892 10  53
-0.0151373 4  53
-0.0153819 7  53
-0.0155457 32  41
-0.0156543 6  53
-0.0159066 28  51
-0.0159618 24  60
-0.0160522 45  63
-0.0160578 54  66
-0.0162351 19  47
-0.0163188 2  53
-0.0165865 27  30
-0.016653 52  54
-0.0169542 15  53
-0.0170758 21  43
-0.0176466 21  29
-0.0177372 1  53
-0.0179766 0  53
-0.0181585 44  65
-0.0183027 13  53
-0.0184042 25  50
-0.0187958 22  62
-0.0195088 41  67
-0.0196975 40  48
-0.0197626 16  52
-0.019834 20  35
-0.0199298 27  36
-0.0202033 19  64
-0.0202602 49  64
-0.0206008 41  45
-0.0206433 10  56
-0.0210166 21  63
-0.0212471 27  28
-0.0213403 50  56
-0.0213805 45  50
-0.0214681 23  44
-0.0215697 16  56
-0.0216583 31  54
-0.0217601 31  57
-0.0217776 14  25
-0.0219047 29  34
-0.0220118 30  34
-0.0220554 30  47
-0.0223008 1  25
-0.0224362 2  56
-0.0226128 19  66
-0.0226713 43  44
-0.0227026 2  25
-0.0228659 9  56
-0.0229425 7  56
-0.023004 12  56
-0.023044 0  56
-0.0231486 40  53
-0.0232033 7  25
-0.0232413 8  56
-0.0232652 5  56
-0.0232652 11  56
-0.0232664 11  25
-0.0235406 13  56
-0.0237704 5  66
-0.0237938 6  46
-0.0239062 36  63
-0.0239226 14  56
-0.0240505 4  56
-0.0240594 15  56
-0.0242261 6  56
-0.0243138 13  25
-0.0243186 3  56
-0.0245294 6  25
-0.0245712 5  25
-0.0246152 31  35
-0.0246367 1  56
-0.0246752 40  64
-0.0248417 56  66
-0.0248517 8  25
-0.0248543 16  25
-0.0249061 9  25
-0.0249128 23  64
-0.0249149 26  28
-0.0249573 4  25
-0.0250599 3  25
-0.0251639 27  51
-0.0252079 18  62
-0.0252673 2  46
-0.0254019 21  62
-0.0255052 15  25
-0.0255862 0  25
-0.0256063 30  41
-0.0256181 26  49
-0.0258495 12  25
-0.0258537 10  25
-0.0259404 44  52
-0.025978 23  65
-0.0260228 16  66
-0.0262998 10  46
-0.0263101 53  60
-0.0263886 1  46
-0.0264548 39  65
-0.0265049 10  38
-0.0267936 2  66
-0.0269173 10  66
-0.0269648 8  66
-0.0269934 41  47
-0.0273851 16  46
-0.0276064 7  46
-0.027617 13  46
-0.0276386 12  46
-0.0276485 28  57
-0.0277492 27  68
-0.0279819 14  67
-0.028145 22  33
-0.0282566 3  52
-0.0283731 1  66
-0.0283923 6  43
-0.0284127 9  38
-0.0285403 5  52
-0.0285715 8  38
-0.0286353 14  46
-0.0286701 13  67
-0.028732 12  66
-0.0290149 0  17
-0.0290224 8  46
-0.0290592 5  38
-0.0291346 9  46
-0.0293153 12  17
-0.0293467 15  43
-0.0294966 6  38
-0.0295102 4  66
-0.0295285 15  38
-0.0295748 12  38
-0.0295904 0  46
-0.0296636 1  38
-0.0296654 27  42
-0.029682 13  38
-0.0298558 3  66
-0.0298744 15  46
-0.0299182 11  38
-0.0299791 16  17
-0.0300252 9  66
-0.0300265 3  46
-0.0300551 11  46
-0.0300565 0  39
-0.0300674 8  30
-0.0300795 7  66
-0.0302321 4  38
-0.0302907 42  66
-0.0303325 32  69
-0.0303529 5  30
-0.03036 16  67
-0.0304952 1  30
-0.0305508 5  46
-0.0306706 3  38
-0.0306768 6  52
-0.0307564 14  66
-0.0307849 42  62
-0.0307864 13  66
-0.0308108 6  66
-0.0308395 7  18
-0.0309361 2  38
-0.0309497 6  39
-0.0309524 2  43
-0.030954 6  68
-0.0309715 11  66
-0.0310594 4  46
-0.031063 13  52
-0.0310966 1  52
-0.0311495 7  38
-0.0311737 6  67
-0.0312394 31  58
-0.0313372 41  60
-0.0313966 15  30
-0.0315578 9  67
-0.0316091 15  67
-0.031611 11  67
-0.0317058 16  68
-0.0317108 15  66
-0.0318493 14  38
-0.0319388 5  43
-0.0320416 11  68
-0.0320498 51  58
-0.0320992 0  66
-0.0322927 7  39
-0.0322955 10  43
-0.0323416 8  68
-0.0323633 47  61
-0.0323943 0  38
-0.0324085 11  17
-0.0324186 0  43
-0.0324356 12  68
-0.0324392 13  30
-0.0324582 9  30
-0.0324612 4  30
-0.0325826 17  31
-0.0326695 0  52
-0.0326838 4  52
-0.0327093 2  52
-0.0328231 7  67
-0.0328396 10  52
-0.0328407 35  66
-0.0329196 6  17
-0.0329398 4  67
-0.0329932 12  43
-0.0330624 16  43
-0.0331748 5  17
-0.0333507 2  67
-0.0334125 15  55
-0.0334182 32  64
-0.0334516 14  52
-0.0334778 11  52
-0.0335124 9  52
-0.0335557 9  17
-0.0335767 14  43
-0.0336036 1  68
-0.0336497 12  52
-0.0336702 13  17
-0.0336792 14  39
-0.0337327 7  52
-0.0337516 15  52
-0.0338051 4  39
-0.0338115 9  68
-0.0338653 2  68
-0.0339097 7  30
-0.0339194 0  30
-0.0339219 8  43
-0.0340302 8  67
-0.0340742 4  17
-0.0340974 10  30
-0.0341208 1  43
-0.0341394 18  27
-0.0341591 14  17
-0.0342646 25  45
-0.0342692 13  43
-0.034358 6  30
-0.034359 3  68
-0.0343693 3  30
-0.0343767 14  57
-0.0344461 53  66
-0.0344492 15  17
-0.0345251 7  68
-0.034563 9  43
-0.0345827 1  39
-0.0346989 7  17
-0.0347052 2  39
-0.0347468 35  50
-0.0347472 10  57
-0.0347932 4  18
-0.0348738 12  67
-0.034918 7  43
-0.0349238 16  38
-0.0349764 8  57
-0.0350047 3  39
-0.0350153 12  39
-0.0350986 12  30
-0.0351116 10  67
-0.0351494 2  17
-0.0351681 5  67
-0.0351999 3  67
-0.0352003 12  18
-0.0352425 10  68
-0.0352447 11  43
-0.0353871 14  68
-0.0354005 10  17
-0.0354158 2  30
-0.0354553 8  17
-0.0354802 13  39
-0.0354861 10  18
-0.035524 0  68
-0.0355478 8  39
-0.0355828 5  68
-0.035608 6  57
-0.0356822 9  39
-0.0357004 14  18
-0.0357313 3  43
-0.0357613 31  50
-0.0358181 16  30
-0.0359512 34  65
-0.0359571 4  43
-0.0359884 9  31
-0.0359978 3  17
-0.0360016 1  17
-0.0360084 14  30
-0.0361266 10  39
-0.0361407 8  52
-0.0361412 40  46
-0.0362832 0  67
-0.0363649 5  39
-0.0364473 24  68
-0.0365639 30  43
-0.036713 13  68
-0.0367343 52  66
-0.0367741 1  57
-0.0368556 41  64
-0.0368574 11  30
-0.0369251 16  39
-0.0369618 4  57
-0.0370213 41  44
-0.0370396 13  57
-0.0371098 56  68
-0.0371612 4  68
-0.0371848 2  18
-0.0371985 3  31
-0.0372495 15  18
-0.0373164 2  57
-0.0373221 5  18
-0.037399 11  69
-0.0374322 3  55
-0.0374519 18  68
-0.03748 10  59
-0.037506 13  18
-0.0375687 0  18
-0.0376373 41  54
-0.0376815 16  57
-0.0377843 61  67
-0.037878 0  31
-0.0378809 8  31
-0.0378929 11  39
-0.0379494 15  39
-0.0380224 14  31
-0.0382117 1  67
-0.0382783 1  61
-0.0383817 8  18
-0.0384782 29  68
-0.0385098 4  55
-0.0385163 1  18
-0.0385864 6  18
-0.0386856 6  31
-0.0387032 13  31
-0.0387282 4  31
-0.0387659 26  67
-0.0387735 0  61
-0.0387763 9  57
-0.0388037 1  31
-0.0388401 2  55
-0.0389253 12  31
-0.0389288 5  57
-0.0389408 42  45
-0.0389822 36  59
-0.0389871 15  68
-0.0390232 16  18
-0.0390481 12  57
-0.0390845 11  18
-0.0390891 3  57
-0.0391399 7  59
-0.0391542 15  59
-0.0391872 11  55
-0.0391895 10  31
-0.0392497 9  18
-0.0393317 3  18
-0.039388 12  61
-0.0394507 16  31
-0.0395021 23  61
-0.0395057 26  29
-0.0395085 21  59
-0.0395114 63  69
-0.0395159 0  57
-0.039544 39  44
-0.0396449 7  69
-0.0400194 2  31
-0.0400336 39  52
-0.0400875 23  45
-0.0401145 3  59
-0.0401386 2  59
-0.0401734 3  61
-0.0402603 13  69
-0.0402644 7  57
-0.0402708 17  43
-0.0405571 11  57
-0.040572 5  55
-0.040589 15  57
-0.040617 11  31
-0.0406291 15  31
-0.0407425 13  62
-0.0407609 13  61
-0.0407754 14  59
-0.0407935 5  69
-0.0408258 8  69
-0.0409788 2  69
-0.0410036 12  55
-0.0410413 15  64
-0.0410857 7  37
-0.0410862 5  59
-0.0411478 19  59
-0.0411629 6  61
-0.041273 22  53
-0.0412983 20  28
-0.0413073 9  59
-0.0413369 11  61
-0.041352 16  61
-0.041515 16  59
-0.0415695 16  69
-0.0416196 5  61
-0.0416221 4  69
-0.0416582 16  55
-0.0416693 0  59
-0.041675 10  69
-0.041684 9  61
-0.0417444 7  62
-0.0417741 12  59
-0.0418277 40  68
-0.0418456 2  61
-0.0418675 7  61
-0.0418931 6  59
-0.0420465 7  31
-0.0420603 0  69
-0.0421388 14  61
-0.0421508 15  61
-0.0422627 8  37
-0.0422692 5  31
-0.0422909 7  55
-0.0423221 8  59
-0.042424 3  69
-0.042474 0  55
-0.0425068 9  55
-0.0425208 39  69
-0.0425546 0  64
-0.042573 3  64
-0.0426237 4  61
-0.042707 6  55
-0.0427397 1  55
-0.0428258 13  59
-0.0429093 10  61
-0.0429332 11  59
-0.0429798 8  64
-0.0430101 1  64
-0.0430322 15  69
-0.0430933 16  64
-0.0432278 6  69
-0.0432935 8  55
-0.0433174 47  60
-0.0433263 15  37
-0.0433609 27  39
-0.0433908 14  62
-0.0434707 26  35
-0.0435137 13  64
-0.0435482 43  54
-0.0436981 8  61
-0.0437421 10  55
-0.0437578 21  66
-0.0437713 1  37
-0.0437837 30  67
-0.0438352 37  68
-0.0438498 22  60
-0.0439049 24  31
-0.044025 37  44
-0.0440582 25  66
-0.0441277 1  65
-0.044252 37  58
-0.044366 18  66
-0.0444213 22  47
-0.0444441 4  59
-0.0444617 35  47
-0.0444768 22  40
-0.0445268 11  62
-0.0445405 14  55
-0.0447605 3  37
-0.0447675 13  55
-0.0449492 1  59
-0.0449734 13  37
-0.0450496 11  37
-0.0452993 51  64
-0.0454182 5  62
-0.0455529 9  62
-0.0455915 12  37
-0.0457142 51  63
-0.0457566 0  37
-0.0457775 53  67
-0.0459559 5  37
-0.0461536 9  69
-0.0462505 29  65
-0.0462968 2  32
-0.0463395 14  69
-0.0463569 16  65
-0.0463692 16  32
-0.0463804 14  37
-0.0463872 35  44
-0.0464137 1  69
-0.0465009 7  64
-0.0465012 11  64
-0.0465369 4  37
-0.0467123 22  69
-0.0469503 8  62
-0.0470746 3  62
-0.0470973 36  44
-0.0471348 61  68
-0.0471395 15  62
-0.0472358 12  69
-0.0472504 6  62
-0.0473353 2  37
-0.0474265 6  37
-0.0474344 16  62
-0.0475252 22  48
-0.0476249 2  62
-0.0477633 17  62
-0.0477934 12  62
-0.0478362 9  37
-0.0480043 6  64
-0.0480972 44  51
-0.0483077 38  49
-0.0483295 12  64
-0.048368 43  46
-0.0484208 10  37
-0.0484462 4  62
-0.0484501 1  62
-0.04848 14  64
-0.0485916 15  65
-0.0486068 0  62
-0.0486845 49  60
-0.0488833 2  64
-0.0488853 2  63
-0.0489089 16  37
-0.0489524 42  54
-0.0491108 10  62
-0.0494338 4  32
-0.0494871 5  64
-0.0496974 9  64
-0.0497569 9  65
-0.0497762 41  57
-0.0498014 13  63
-0.0498137 8  32
-0.049936 10  64
-0.0499689 27  54
-0.0503196 4  64
-0.0503727 0  32
-0.0504693 19  61
-0.0505704 10  63
-0.0505905 13  32
-0.0508233 46  65
-0.0508249 34  45
-0.0509579 11  63
-0.0511518 11  32
-0.0512329 22  24
-0.0513462 4  63
-0.0514267 0  63
-0.0514671 29  64
-0.0515175 12  32
-0.051817 2  65
-0.0518509 11  65
-0.0519382 10  32
-0.0520221 7  65
-0.0520639 26  34
-0.0520765 21  24
-0.0521144 51  60
-0.0521504 44  53
-0.0522059 9  63
-0.0524458 51  62
-0.052447 3  63
-0.0525948 37  60
-0.052869 7  32
-0.0529277 43  62
-0.0529412 55  62
-0.0529812 15  32
-0.0531414 14  65
-0.0531938 47  59
-0.0533089 52  62
-0.0533188 31  65
-0.0533377 1  63
-0.053391 18  30
-0.0534325 29  42
-0.053699 14  32
-0.0537331 4  65
-0.0539204 18  64
-0.0539556 0  65
-0.0539727 1  32
-0.0541095 6  32
-0.0541755 29  54
-0.0541928 62  67
-0.0542583 5  32
-0.0543052 43  51
-0.0543248 24  39
-0.0543732 22  39
-0.0545188 21  39
-0.0546292 12  63
-0.0546555 61  69
-0.0546873 10  65
-0.0547746 8  65
-0.0548686 40  56
-0.0548851 5  63
-0.0549317 3  32
-0.0549553 28  47
-0.0550992 3  65
-0.0554069 16  63
-0.0554412 37  50
-0.055763 6  63
-0.0557811 8  63
-0.0559151 13  65
-0.0559863 12  65
-0.0560015 14  63
-0.0561393 27  35
-0.0563473 33  59
-0.0566724 46  55
-0.0566834 9  32
-0.0571917 5  65
-0.057292 6  65
-0.0576126 15  63
-0.0577398 34  68
-0.0578064 27  37
-0.0582281 47  65
-0.0583289 25  35
-0.0591492 17  51
-0.0594165 32  34
-0.0596763 7  63
-0.0598808 18  39
-0.0600319 38  47
-0.0609916 49  61
-0.0610321 21  47
-0.061504 17  44
-0.0615735 22  29
-0.0617832 58  63
-0.0619982 42  56
-0.0621792 46  68
-0.0623985 34  55
-0.0626125 49  66
-0.0626477 29  49
-0.0627166 49  69
-0.0629707 20  60
-0.0633816 33  49
-0.0639108 48  59
-0.0643209 23  56
-0.0644302 43  49
-0.0646166 47  68
-0.064745 19  43
-0.0648554 45  56
-0.0653692 25  41
-0.0655409 22  54
-0.0655718 30  45
-0.0656627 21  52
-0.0663708 38  65
-0.0676534 48  63
-0.0678444 26  42
-0.0678945 22  34
-0.0679832 26  40
-0.0679932 30  65
-0.06812 40  50
-0.0685968 35  69
-0.0688133 26  41
-0.069027 60  63
-0.069236 49  63
-0.0692673 36  42
-0.0697961 27  46
-0.0699493 46  66
-0.0702355 28  44
-0.0702733 28  67
-0.0705243 53  61
-0.0705469 44  54
-0.0711609 21  42
-0.0711768 22  63
-0.0713741 24  53
-0.0718947 39  67
-0.071904 42  47
-0.0719395 25  53
-0.0722705 35  55
-0.0723332 33  69
-0.0727579 23  62
-0.0727691 28  60
-0.0729997 54  60
-0.0734054 17  27
-0.0739065 34  59
-0.0741692 23  34
-0.0742404 22  66
-0.0745337 51  53
-0.0747518 24  29
-0.0749144 43  68
-0.0750244 22  58
-0.0751091 17  22
-0.0753037 21  64
-0.0753322 21  37
-0.0755639 49  58
-0.0757793 34  57
-0.0760564 42  46
-0.0764672 20  61
-0.0768801 46  62
-0.0769523 25  55
-0.0771745 23  55
-0.0772369 27  53
-0.0773946 20  43
-0.077773 21  54
-0.0779263 43  69
-0.0781825 20  56
-0.0782554 36  53
-0.0783417 46  63
-0.0783842 19  55
-0.0784376 41  68
-0.0785452 35  51
-0.0786712 36  65
-0.0794588 26  50
-0.0796846 20  45
-0.0797516 42  64
-0.0804823 26  56
-0.0806835 23  27
-0.0809897 35  39
-0.0814816 33  68
-0.0817121 60  64
-0.0821173 31  45
-0.0823293 21  57
-0.0823798 36  58
-0.0824868 33  44
-0.0828369 60  65
-0.082954 60  66
-0.0831721 21  60
-0.0842801 22  25
-0.0845069 34  38
-0.0850942 44  55
-0.0851689 21  34
-0.0851694 18  34
-0.0855233 22  64
-0.0858091 44  63
-0.08648 50  54
-0.086534 42  68
-0.0866045 41  66
-0.0876773 35  37
-0.0876868 51  56
-0.0877213 28  31
-0.0878363 25  44
-0.0880252 42  69
-0.0882649 22  52
-0.0883504 55  63
-0.0885623 56  67
-0.0893098 42  55
-0.0893912 28  45
-0.0894571 31  53
-0.0894771 25  59
-0.089527 34  41
-0.0898302 44  48
-0.0900833 30  59
-0.0903348 45  51
-0.0906608 21  69
-0.0906692 52  67
-0.0908122 21  53
-0.0911711 27  60
-0.0917857 29  55
-0.0917965 27  33
-0.0922879 22  57
-0.0924459 29  48
-0.0930342 29  56
-0.0930949 33  35
-0.0932795 27  59
-0.0933115 18  63
-0.0935513 24  34
-0.0936628 29  66
-0.0937839 18  25
-0.0944896 34  37
-0.0946986 28  66
-0.0948405 20  59
-0.094898 17  50
-0.0956825 21  48
-0.096107 19  27
-0.0964571 24  28
-0.0965224 48  55
-0.096656 50  52
-0.0969093 59  67
-0.0975398 21  23
-0.097652 17  21
-0.0984319 36  50
-0.0989566 25  27
-0.0989639 40  45
-0.0993295 19  29
-0.100097 62  66
-0.100924 56  60
-0.101243 26  60
-0.101295 19  41
-0.101318 20  26
-0.10132 22  46
-0.101486 17  20
-0.101593 45  60
-0.101946 34  49
-0.102091 42  49
-0.102309 19  44
-0.102495 21  58
-0.104412 30  56
-0.104464 19  57
-0.104633 42  65
-0.104639 21  67
-0.104732 54  61
-0.10478 55  60
-0.104939 49  53
-0.105368 17  36
-0.105426 44  59
-0.10572 44  67
-0.106399 22  67
-0.10665 20  53
-0.107113 38  46
-0.107404 34  62
-0.10822 64  66
-0.108265 33  41
-0.108884 50  60
-0.108902 25  34
-0.109323 54  65
-0.109349 40  66
-0.109414 34  63
-0.109546 52  58
-0.109776 42  50
-0.110111 26  51
-0.110294 20  47
-0.110646 44  57
-0.111036 19  45
-0.111623 33  38
-0.111763 23  69
-0.111935 21  68
-0.112333 36  39
-0.112393 40  58
-0.112662 28  68
-0.113181 28  37
-0.113335 45  69
-0.114117 24  27
-0.11466 47  49
-0.115045 21  46
-0.115468 26  31
-0.115571 38  51
-0.115664 30  35
-0.115865 37  40
-0.115873 40  54
-0.115937 34  47
-0.116083 31  47
-0.116846 28  64
-0.117461 26  30
-0.117468 38  61
-0.117563 45  54
-0.117708 29  32
-0.118057 36  54
-0.118155 49  59
-0.118571 35  65
-0.118879 25  52
-0.118953 51  54
-0.120507 40  63
-0.120553 39  50
-0.120897 22  56
-0.121664 47  55
-0.122481 39  68
-0.122702 37  67
-0.123321 32  44
-0.123333 21  25
-0.124031 25  63
-0.124128 17  35
-0.12421 17  29
-0.124959 23  49
-0.125013 20  38
-0.125428 21  38
-0.126013 20  40
-0.126022 22  68
-0.126233 34  50
-0.1273 53  58
-0.127362 58  66
-0.127832 47  53
-0.12793 48  62
-0.127932 25  58
-0.128284 26  33
-0.12879 24  49
-0.128903 22  59
-0.129156 29  35
-0.129168 20  24
-0.129201 33  45
-0.12942 36  46
-0.129725 50  68
-0.129923 48  69
-0.12998 29  61
-0.130406 20  54
-0.130407 21  31
-0.130458 36  56
-0.130695 38  69
-0.131035 34  69
-0.131159 18  45
-0.131409 48  50
-0.132177 44  47
-0.132502 21  56
-0.132625 29  51
-0.132848 40  51
-0.133433 28  30
-0.133767 26  39
-0.133786 50  59
-0.133961 47  51
-0.134227 41  61
-0.134434 39  47
-0.135063 50  67
-0.135878 20  42
-0.136899 43  47
-0.13708 19  63
-0.137681 23  40
-0.139164 23  53
-0.139191 29  43
-0.139231 27  34
-0.139498 39  53
-0.139907 29  38
-0.13991 27  48
-0.139944 30  44
-0.14033 33  56
-0.140459 50  64
-0.140622 30  49
-0.140684 24  36
-0.141117 46  53
-0.141142 41  62
-0.141297 39  49
-0.14138 33  60
-0.14139 18  21
-0.141956 18  69
-0.142041 20  29
-0.142105 24  50
-0.142505 44  68
-0.142962 39  58
-0.143167 22  30
-0.14344 46  52
-0.143503 20  48
-0.143542 40  55
-0.143768 52  64
-0.143792 48  53
-0.143809 53  56
-0.144945 57  68
-0.145568 26  69
-0.145873 36  47
-0.146344 17  32
-0.147083 35  52
-0.147099 24  58
-0.147416 38  68
-0.14817 17  28
-0.148258 49  55
-0.148289 34  58
-0.148763 37  51
-0.148992 47  50
-0.150057 23  30
-0.150286 28  54
-0.150463 19  26
-0.150739 39  66
-0.150745 36  60
-0.150904 39  57
-0.151027 39  56
-0.151168 39  45
-0.151209 17  45
-0.151324 32  40
-0.151368 27  47
-0.152038 27  52
-0.152789 45  68
-0.153077 54  57
-0.153975 42  57
-0.15424 17  63
-0.154607 20  68
-0.154653 40  67
-0.154801 30  57
-0.155123 43  57
-0.155616 29  37
-0.155917 43  53
-0.155942 25  38
-0.156397 28  39
-0.156522 20  62
-0.156555 26  53
-0.156926 30  50
-0.157357 50  58
-0.157451 21  30
-0.157817 48  65
-0.15798 42  51
-0.158074 44  56
-0.158091 33  50
-0.158246 48  49
-0.158685 53  64
-0.1588 18  22
-0.159278 20  46
-0.159291 27  63
-0.15933 38  58
-0.159429 17  48
-0.160081 29  58
-0.160333 47  54
-0.16041 40  61
-0.160606 19  24
-0.160675 18  50
-0.161228 31  33
-0.161326 37  61
-0.161982 48  64
-0.162336 28  69
-0.162501 45  55
-0.163053 28  42
-0.163101 32  54
-0.164031 17  57
-0.164049 48  54
-0.164154 22  55
-0.164247 55  67
-0.165477 26  68
-0.165532 17  23
-0.165586 46  51
-0.166034 23  33
-0.166093 34  40
-0.16668 36  43
-0.16683 24  44
-0.16689 18  33
-0.166988 52  63
-0.167864 47  69
-0.168058 48  51
-0.168535 24  51
-0.168544 44  61
-0.168985 17  65
-0.169017 37  52
-0.169573 46  54
-0.169626 63  67
-0.169723 39  61
-0.170467 56  65
-0.171172 24  59
-0.171347 19  42
-0.171532 25  68
-0.171979 32  47
-0.172059 55  68
-0.172563 28  34
-0.172685 25  36
-0.172815 32  38
-0.172946 17  26
-0.173285 30  60
-0.173821 47  64
-0.174014 42  58
-0.174714 49  56
-0.175117 18  31
-0.175261 20  23
-0.17605 19  58
-0.176124 32  53
-0.176619 20  66
-0.177234 46  58
-0.17743 45  53
-0.177927 18  41
-0.178156 51  66
-0.179601 26  54
-0.18074 19  39
-0.180855 57  66
-0.181261 38  44
-0.18143 31  64
-0.181955 27  38
-0.182975 20  30
-0.183007 36  37
-0.18314 24  64
-0.18326 18  29
-0.183622 47  58
-0.184072 24  37
-0.184184 17  40
-0.184658 34  36
-0.184772 56  64
-0.184988 32  50
-0.185 17  24
-0.186085 28  32
-0.186383 41  58
-0.186866 27  56
-0.186902 33  48
-0.186963 27  61
-0.187423 19  67
-0.187588 23  39
-0.187732 35  42
-0.188187 30  51
-0.188499 23  29
-0.188772 39  41
-0.18932 35  40
-0.19021 21  32
-0.190739 60  69
-0.191241 25  28
-0.191873 53  57
-0.192234 23  50
-0.192952 22  32
-0.193154 37  41
-0.193427 53  62
-0.193613 26  55
-0.193762 46  59
-0.194226 18  26
-0.195016 18  38
-0.195902 55  61
-0.196162 50  57
-0.196264 46  69
-0.197138 19  69
-0.197186 40  62
-0.197244 29  31
-0.197753 40  42
-0.198679 20  67
-0.200527 49  62
-0.201597 41  43
-0.202077 31  46
-0.202305 18  40
-0.202945 49  57
-0.202957 30  42
-0.203158 48  52
-0.203912 25  51
-0.204328 25  42
-0.205265 25  31
-0.206375 39  60
-0.206378 44  58
-0.207663 31  36
-0.208445 20  25
-0.209093 33  47
-0.209111 43  61
-0.209552 38  53
-0.209964 28  33
-0.210684 39  59
-0.210945 31  40
-0.211212 17  39
-0.2113 17  25
-0.211367 48  57
-0.211924 23  51
-0.212593 26  65
-0.21271 17  68
-0.213132 17  47
-0.21334 25  62
-0.213483 25  69
-0.216114 29  33
-0.216157 32  51
-0.217947 20  32
-0.218556 41  56
-0.218714 19  23
-0.219874 19  31
-0.220245 28  56
-0.220461 41  55
-0.220869 41  46
-0.221288 51  67
-0.221381 20  31
-0.221464 20  37
-0.221721 52  61
-0.222152 24  33
-0.223615 33  40
-0.224878 28  46
-0.225013 38  45
-0.226149 35  46
-0.228866 37  53
-0.230286 31  51
-0.2307 26  62
-0.231637 25  54
-0.234206 24  32
-0.23543 37  62
-0.23658 18  28
-0.237102 37  45
-0.237249 26  37
-0.238055 38  40
-0.238136 35  54
-0.238184 19  30
-0.238567 52  65
-0.239381 43  66
-0.240336 17  41
-0.240409 41  69
-0.241107 23  54
-0.241565 18  43
-0.242924 57  63
-0.247937 56  63
-0.248234 24  69
-0.249643 26  38
-0.251487 28  58
-0.251719 25  65
-0.251929 31  41
-0.252541 17  46
-0.252572 45  62
-0.25274 33  42
-0.254824 24  54
-0.255161 45  65
-0.26186 36  55
-0.262002 38  64
-0.262117 54  58
-0.265685 18  23
-0.277023 19  56
-0.277257 29  62
-0.282633 32  45
-0.289154 29  63
-0.293049 35  62
-0.295774 26  32
-0.300429 18  48
-0.314192 19  32
-0.331539 30  48
-0.354253 52  59
