2.70249 3  14
2.34117 8  45
1.82887 11  42
1.39536 4  13
1.22665 10  43
1.22136 9  44
1.10707 0  17
0.86727 25  34
0.863662 3  44
0.805299 48  49
0.692549 1  16
0.651504 12  41
0.645779 23  24
0.642953 24  35
0.636889 50  51
0.606151 30  31
0.572698 20  22
0.563844 22  23
0.563844 19  20
0.553922 35  36
0.527417 12  13
0.518965 14  44
0.505489 32  33
0.500524 21  22
0.473891 31  32
0.462495 2  6
0.460077 10  12
0.454336 3  50
0.448518 6  7
0.448356 2  7
0.445088 5  6
0.440851 10  11
0.439657 2  5
0.437999 20  24
0.437887 4  34
0.431098 5  7
0.429782 17  18
0.41835 13  16
0.40075 39  40
0.387054 37  39
0.384895 15  16
0.371328 46  47
0.362423 39  46
0.361829 47  48
0.361138 19  24
0.359346 30  33
0.355474 4  9
0.341141 47  49
0.339483 14  50
0.33846 37  40
0.33045 22  24
0.329967 40  46
0.322499 1  2
0.322052 20  23
0.317431 26  33
0.314448 37  46
0.314329 1  7
0.313792 30  32
0.313351 39  47
0.312168 1  6
0.306037 1  15
0.301987 21  23
0.299929 19  22
0.299272 7  15
0.298097 13  50
0.297024 3  4
0.293782 13  15
0.289984 1  5
0.284572 34  50
0.284447 20  21
0.282564 2  15
0.280313 5  15
0.280313 15  17
0.279901 6  15
0.269264 23  36
0.269023 40  47
0.268373 39  41
0.265259 38  39
0.261913 10  42
0.261805 40  43
0.258603 26  28
0.258112 29  51
0.257716 7  16
0.25672 27  32
0.255256 37  43
0.254454 23  25
0.2542 37  47
0.249889 14  15
0.249836 25  26
0.245623 32  50
0.244629 21  25
0.243887 39  43
0.239694 35  44
0.237372 35  40
0.235567 9  50
0.232066 40  41
0.231495 49  50
0.230153 22  26
0.230103 44  50
0.228959 13  14
0.22599 32  51
0.224207 24  36
0.221921 26  32
0.221702 7  13
0.220774 35  39
0.219401 41  46
0.218748 45  46
0.213651 29  30
0.213566 38  40
0.211039 14  16
0.210903 35  38
0.210866 0  32
0.210559 41  43
0.210241 38  46
0.207827 6  13
0.207374 12  34
0.207151 4  6
0.206895 44  47
0.206842 37  41
0.206812 4  36
0.206695 6  16
0.206618 2  16
0.20611 20  25
0.205189 2  4
0.20515 31  51
0.201889 5  16
0.201472 10  13
0.200827 26  31
0.200673 42  46
0.200259 37  38
0.198869 2  13
0.197515 38  41
0.197482 43  46
0.196888 49  51
0.196251 29  31
0.196105 19  23
0.193119 0  31
0.192482 5  8
0.189779 39  42
0.188974 12  18
0.188918 43  51
0.185986 14  36
0.185833 18  45
0.184433 36  39
0.184427 2  11
0.183653 19  27
0.183612 6  11
0.183469 32  34
0.182762 4  7
0.181343 32  38
0.179795 47  51
0.17968 24  25
0.179155 4  45
0.177123 21  26
0.173884 5  11
0.173381 40  42
0.172297 7  8
0.171744 9  49
0.170582 0  33
0.169825 25  27
0.169584 34  36
0.169048 27  34
0.166351 26  27
0.166229 33  51
0.164853 30  51
0.164552 16  18
0.163771 2  8
0.163715 37  42
0.163138 28  29
0.16134 29  34
0.159881 5  13
0.159178 30  48
0.158626 35  46
0.158026 25  28
0.156618 6  8
0.156295 31  33
0.156131 14  17
0.155619 4  14
0.154942 42  47
0.153537 12  15
0.153039 8  15
0.152964 7  11
0.152162 27  50
0.151551 0  30
0.148849 0  49
0.147466 36  37
0.145097 4  5
0.144769 22  25
0.14167 18  51
0.141315 39  45
0.141086 18  43
0.140848 11  12
0.140732 5  37
0.140142 18  49
0.139449 28  48
0.13909 0  1
0.138368 31  50
0.134813 0  51
0.133405 12  16
0.132531 18  32
0.130232 17  29
0.129718 11  39
0.129134 0  18
0.128085 21  27
0.126221 4  8
0.125905 11  43
0.125633 35  37
0.125365 34  35
0.125109 11  40
0.121199 41  44
0.121081 9  34
0.120691 46  49
0.12054 45  47
0.120523 43  44
0.120321 28  30
0.120087 17  34
0.119763 17  30
0.119219 8  18
0.118963 24  26
0.118857 0  36
0.118256 40  45
0.117573 44  49
0.115542 18  42
0.115173 24  28
0.114939 46  48
0.114241 3  49
0.113398 36  38
0.113292 36  40
0.111719 22  28
0.11171 18  20
0.111409 28  32
0.111214 9  17
0.110916 31  36
0.110636 34  38
0.110055 27  38
0.109039 37  45
0.108957 36  46
0.108678 9  43
0.108511 21  28
0.108157 41  47
0.107979 48  50
0.107913 27  28
0.107813 19  25
0.106872 27  33
0.106759 45  50
0.105253 32  35
0.103812 14  48
0.101413 38  49
0.100798 4  51
0.100471 22  27
0.100043 25  38
0.0999603 38  47
0.0986794 3  48
0.09768 1  8
0.0976302 17  21
0.0964633 3  10
0.0957928 0  29
0.0951115 35  45
0.0950146 26  30
0.0947938 7  12
0.0941388 1  13
0.0936183 21  34
0.0935801 29  35
0.0935251 17  28
0.0934893 10  22
0.0916203 14  22
0.0913279 9  47
0.0894346 48  51
0.0888305 21  51
0.0885726 10  41
0.086988 6  12
0.0866355 26  50
0.0858432 8  16
0.0850242 18  44
0.084167 3  27
0.084113 26  38
0.0837597 9  33
0.0837127 43  47
0.0825406 41  42
0.0821777 10  17
0.0805823 8  12
0.0805432 3  43
0.0805328 9  10
0.0797734 6  19
0.0792105 28  51
0.0784351 9  11
0.0774163 19  28
0.0766859 43  50
0.0765697 2  12
0.076433 22  48
0.0759293 1  42
0.0753758 7  10
0.0750168 35  48
0.0749068 25  48
0.0748558 34  44
0.0745631 28  33
0.0741235 20  43
0.0736029 19  37
0.073506 33  43
0.0729531 36  45
0.0714774 9  41
0.0709437 1  4
0.0706171 12  51
0.0702185 0  16
0.0700181 19  21
0.0695056 24  38
0.0694582 21  48
0.0693661 29  33
0.0688297 14  49
0.0683128 18  50
0.067984 22  33
0.0679793 29  50
0.0672974 4  12
0.0668713 15  42
0.0664688 4  16
0.0648973 21  31
0.0643899 2  10
0.0637898 25  33
0.0633583 39  48
0.0621049 5  12
0.0618705 19  43
0.0616699 10  51
0.0613429 3  51
0.0613164 25  30
0.0605414 11  33
0.0599069 0  48
0.0594735 24  30
0.0589407 21  24
0.0586592 0  20
0.058084 16  29
0.0572243 19  26
0.0571119 10  18
0.0568817 21  36
0.0568696 23  27
0.0566662 40  48
0.0561801 29  32
0.0560175 13  49
0.0560171 25  31
0.0554313 3  11
0.055163 20  28
0.0550512 28  50
0.0550297 30  34
0.0538673 39  49
0.053805 19  40
0.0525778 36  47
0.0516694 9  40
0.0510318 17  25
0.0502433 4  44
0.0500581 33  41
0.049743 29  36
0.049596 40  44
0.0493175 23  35
0.0490723 11  14
0.048992 35  41
0.0489225 28  45
0.0485233 12  43
0.0476833 9  18
0.0475609 28  44
0.0474783 2  19
0.0471625 14  18
0.0471231 11  46
0.0460248 26  34
0.0459636 29  38
0.0438643 20  42
0.0437587 25  51
0.0431501 4  15
0.0429705 10  15
0.0427766 13  41
0.0425222 11  41
0.0419524 23  33
0.0419032 12  23
0.041585 19  48
0.0415198 9  35
0.0415194 16  17
0.0415096 38  48
0.0414993 15  48
0.0414813 36  42
0.0410864 21  30
0.0409983 9  31
0.0403167 24  41
0.0402812 0  25
0.0401374 0  44
0.0400916 0  21
0.0394389 7  46
0.0388005 38  42
0.0376386 33  34
0.0375292 10  28
0.0374724 23  26
0.0374473 12  36
0.0369931 1  49
0.035816 22  31
0.0352394 15  18
0.0339093 10  30
0.0336809 20  36
0.0334882 3  22
0.0332096 17  51
0.0331483 10  33
0.0328824 27  45
0.0326205 16  23
0.0322506 26  42
0.0322198 1  33
0.031664 1  11
0.0316108 36  44
0.0315207 7  9
0.0310993 44  46
0.031013 17  31
0.0307422 19  39
0.030499 0  28
0.0301831 29  47
0.0301269 35  47
0.0299466 2  9
0.0298703 21  32
0.0295925 1  10
0.0294592 0  27
0.0289588 26  41
0.0287407 12  31
0.027809 18  28
0.0277627 7  19
0.0270078 8  50
0.0260155 33  50
0.025234 19  47
0.024803 12  17
0.023755 14  20
0.0227195 17  44
0.0224442 3  36
0.0222144 27  30
0.0221104 34  39
0.0219643 45  48
0.0218409 41  51
0.0213355 35  50
0.021188 12  47
0.0211871 38  43
0.0211274 24  29
0.0210589 17  20
0.0208152 25  32
0.0206468 36  41
0.0206132 11  20
0.0205434 27  51
0.0203985 28  31
0.0199945 42  45
0.0197066 20  26
0.0196148 19  46
0.0193643 30  38
0.0188389 28  49
0.0182791 41  45
0.0179698 9  14
0.0178285 21  33
0.0177591 5  19
0.0172777 20  27
0.0160956 3  16
0.0156696 8  13
0.0154376 8  28
0.015151 24  33
0.0143301 18  35
0.0141833 23  50
0.0136195 6  9
0.0134593 5  9
0.0130789 21  38
0.0126692 19  30
0.0124466 35  51
0.0104704 33  35
0.01036 6  10
0.00952012 29  43
0.00883461 6  46
0.00874621 9  29
0.00812807 5  38
0.00796939 8  46
0.00742512 17  27
0.00729799 19  29
0.00724262 33  38
0.00663029 16  33
0.00647409 16  38
0.00647299 20  32
0.00633337 17  33
0.00580342 38  45
0.00575178 37  48
0.00569114 31  45
0.00526796 17  26
0.00512417 2  46
0.00491123 9  38
0.00475267 10  16
0.00468584 43  49
0.00412577 26  51
0.0036988 9  42
0.0035416 13  31
0.00339748 8  31
0.0022323 35  42
0.00091047 5  46
0.000581649 29  49
-0.000161678 40  49
-0.000165518 4  11
-0.000768142 18  37
-0.000980282 23  48
-0.00143854 8  27
-0.0018128 3  26
-0.00277693 12  49
-0.00294173 30  49
-0.00304348 33  37
-0.00304846 12  22
-0.00307627 17  19
-0.00336589 0  19
-0.00423875 16  50
-0.00482556 30  42
-0.00686089 15  34
-0.00758833 17  35
-0.00781379 20  48
-0.00782241 6  24
-0.00810469 41  49
-0.00827391 27  42
-0.00849672 3  17
-0.00878913 15  31
-0.00914799 4  48
-0.00929288 33  44
-0.00950397 16  21
-0.0100674 10  34
-0.0101867 23  28
-0.0103182 4  10
-0.0103501 32  49
-0.0105286 32  44
-0.0121094 27  29
-0.0122423 23  41
-0.0125277 18  24
-0.0126956 38  51
-0.0127806 8  23
-0.0128475 36  49
-0.0128946 21  35
-0.013191 17  37
-0.0133016 18  29
-0.013678 8  35
-0.0138656 25  50
-0.013928 0  37
-0.0142886 11  29
-0.0143607 13  29
-0.0151272 9  30
-0.0157332 11  37
-0.0158524 14  47
-0.0159836 4  17
-0.0162747 26  29
-0.0164104 18  30
-0.0169043 1  41
-0.0170313 19  41
-0.0172256 32  48
-0.018208 24  27
-0.0185947 1  18
-0.0192608 28  41
-0.019325 14  27
-0.0195566 7  24
-0.0196081 23  49
-0.0200987 17  46
-0.020105 18  26
-0.0204348 34  42
-0.0207699 7  39
-0.0211217 23  51
-0.0213415 17  22
-0.0217094 27  48
-0.0220593 20  40
-0.0222561 34  40
-0.0223088 8  36
-0.0225478 0  13
-0.0231905 18  33
-0.0232107 1  21
-0.0237987 30  50
-0.023973 1  46
-0.0240098 17  48
-0.024175 18  25
-0.0245538 8  10
-0.0247979 5  10
-0.0250187 20  37
-0.0253695 13  32
-0.0260348 4  33
-0.0262899 14  29
-0.0270178 10  35
-0.0271412 5  18
-0.0271987 30  47
-0.0273289 6  39
-0.0278141 10  31
-0.0282698 5  43
-0.0283197 9  23
-0.0288311 20  31
-0.0288383 0  10
-0.0289744 1  12
-0.0295155 23  31
-0.0298593 2  24
-0.0302085 2  39
-0.0302227 20  29
-0.0302266 15  30
-0.0305733 22  44
-0.0306967 42  49
-0.0309222 0  39
-0.0310857 24  34
-0.0312461 14  38
-0.0314113 35  43
-0.0315127 34  46
-0.0316112 42  48
-0.0316438 3  9
-0.032248 10  44
-0.0322498 3  28
-0.0324462 5  39
-0.0326841 6  20
-0.0335077 37  49
-0.0335993 11  45
-0.0337258 17  49
-0.0345042 7  47
-0.0345188 0  34
-0.0347074 23  34
-0.0354384 7  40
-0.0356045 2  20
-0.0356218 43  45
-0.0359542 16  41
-0.0360382 8  9
-0.036052 8  29
-0.0364081 21  29
-0.0364345 31  37
-0.0366214 31  48
-0.0368332 25  41
-0.037127 14  31
-0.0371645 21  50
-0.0372692 5  44
-0.0372729 19  33
-0.0372751 15  23
-0.0374429 13  33
-0.0376076 3  32
-0.0377041 9  13
-0.038332 21  41
-0.0386825 2  47
-0.0387715 13  18
-0.0393071 18  19
-0.0395547 36  51
-0.0395855 14  21
-0.0396977 0  12
-0.0405733 15  32
-0.0411821 22  38
-0.0412365 3  47
-0.0422623 7  37
-0.0424246 28  34
-0.0424639 2  27
-0.0424782 33  49
-0.0425251 5  24
-0.0425908 6  27
-0.0432142 1  19
-0.0435392 14  35
-0.0438775 29  44
-0.0440267 16  42
-0.0441543 4  31
-0.0442345 16  45
-0.0442847 22  50
-0.0442901 6  40
-0.0445182 27  31
-0.0447217 0  15
-0.0447912 2  38
-0.0450278 1  3
-0.0451353 7  38
-0.0451593 16  22
-0.0452103 5  29
-0.0452599 18  40
-0.0453042 23  39
-0.0455135 15  29
-0.0455277 28  36
-0.0456807 3  18
-0.0457071 6  25
-0.0458859 1  23
-0.0460954 19  49
-0.0463439 6  47
-0.0466962 2  40
-0.0468543 3  7
-0.0473508 1  38
-0.0476976 2  37
-0.0478098 28  38
-0.0478655 7  27
-0.048298 5  47
-0.0483326 37  51
-0.04838 32  45
-0.048647 26  49
-0.0490019 12  14
-0.0490264 5  40
-0.0491459 8  20
-0.0496154 2  26
-0.0497676 27  41
-0.0499451 22  34
-0.0499477 18  36
-0.0501722 0  23
-0.0505453 5  27
-0.0506968 6  37
-0.0512209 18  47
-0.0514661 7  20
-0.0516379 8  11
-0.0518006 3  19
-0.0522213 23  40
-0.0523697 12  29
-0.0525109 39  44
-0.0528549 16  32
-0.0534951 31  49
-0.053541 18  23
-0.0537321 31  34
-0.0539594 9  39
-0.0542537 27  36
-0.0543163 0  40
-0.054499 10  49
-0.0551764 24  42
-0.0556197 29  48
-0.0557501 42  43
-0.0558806 7  26
-0.055942 29  42
-0.0559716 6  43
-0.0560173 11  19
-0.0563454 18  31
-0.0564032 2  3
-0.0564688 6  26
-0.0566943 13  21
-0.0567966 8  51
-0.0569256 28  43
-0.057155 18  21
-0.0571897 32  41
-0.0573098 0  5
-0.0574635 7  42
-0.0577275 18  27
-0.0579488 12  32
-0.0580281 30  43
-0.0584605 10  19
-0.058649 38  50
-0.0587786 10  20
-0.0588322 11  51
-0.0590202 27  49
-0.0590885 9  48
-0.0591807 2  25
-0.0598638 5  42
-0.0605209 3  20
-0.0605989 11  48
-0.0608702 36  50
-0.0609592 5  26
-0.060982 25  35
-0.0612549 12  21
-0.0613683 16  48
-0.061563 6  42
-0.0625473 5  25
-0.0625537 9  46
-0.0635653 2  41
-0.063571 30  35
-0.063869 17  32
-0.0641129 10  37
-0.0641534 2  42
-0.064249 15  46
-0.0644142 41  48
-0.0647343 14  28
-0.0647976 16  30
-0.0649114 16  34
-0.0649376 16  19
-0.0651267 37  50
-0.0651891 12  27
-0.0653905 4  50
-0.0657963 1  37
-0.0663266 8  49
-0.0667494 23  29
-0.0669077 32  36
-0.0670378 31  35
-0.0671296 0  41
-0.0672935 3  29
-0.0673565 1  27
-0.0675192 15  37
-0.0677804 7  25
-0.0681933 20  33
-0.0682659 33  42
-0.0682876 6  44
-0.0684006 3  15
-0.0686911 6  38
-0.0688284 34  51
-0.0688979 27  46
-0.0689481 6  28
-0.0690952 18  34
-0.0693617 34  37
-0.0698175 13  43
-0.0701221 1  31
-0.0707582 11  28
-0.0708417 0  4
-0.07112 30  45
-0.0712251 6  21
-0.0714985 23  38
-0.072216 7  45
-0.0727333 15  45
-0.0729546 22  29
-0.0731083 20  51
-0.0737441 24  49
-0.0738274 3  30
-0.0738493 25  29
-0.0740179 21  42
-0.0745911 11  23
-0.0746027 11  15
-0.0748434 30  36
-0.0748533 1  26
-0.0748947 7  41
-0.0750859 29  37
-0.0753936 9  27
-0.0755893 21  39
-0.0756416 7  21
-0.075738 18  38
-0.0759166 6  17
-0.0760428 27  39
-0.0761913 0  2
-0.076363 2  29
-0.0763738 7  29
-0.0766823 14  19
-0.0766845 34  43
-0.0767354 3  12
-0.0767974 5  20
-0.0768123 33  45
-0.0768298 31  38
-0.076884 4  21
-0.0768971 22  39
-0.0769319 19  38
-0.07725 24  31
-0.0774101 27  40
-0.0774324 4  29
-0.0774843 2  28
-0.0774928 31  41
-0.0776838 15  22
-0.0778666 21  37
-0.0779239 15  27
-0.0781306 12  24
-0.0783416 5  41
-0.078384 7  28
-0.0785297 6  41
-0.0789872 1  43
-0.0792682 26  46
-0.0794746 23  30
-0.0796705 11  26
-0.0797218 1  9
-0.0798065 1  39
-0.0798465 12  33
-0.0805565 39  50
-0.0805698 22  40
-0.0805794 31  47
-0.080629 23  45
-0.0809223 17  42
-0.0811564 22  32
-0.0811868 3  25
-0.0813141 1  17
-0.0814514 39  51
-0.0816349 45  49
-0.0821958 36  43
-0.0823326 21  49
-0.0824296 13  34
-0.082478 22  41
-0.0825986 1  50
-0.0827035 1  40
-0.0827151 12  37
-0.0827153 10  40
-0.0827603 6  18
-0.0827892 32  42
-0.082831 8  43
-0.0828928 11  31
-0.0830938 10  23
-0.0831692 7  18
-0.0834437 22  46
-0.0836295 15  19
-0.0839203 22  30
-0.0842072 9  24
-0.0842977 22  51
-0.0849276 37  44
-0.0850168 13  28
-0.0853186 1  29
-0.0853349 21  40
-0.0854695 2  21
-0.085526 47  50
-0.0858349 19  35
-0.0858824 10  32
-0.0859417 6  29
-0.0862029 9  22
-0.0863426 2  14
-0.0863765 4  32
-0.0863855 5  28
-0.0864 15  51
-0.0869939 13  25
-0.0870596 23  32
-0.0873081 25  42
-0.0875676 15  21
-0.087796 8  32
-0.087921 11  47
-0.0879404 30  37
-0.0879582 21  46
-0.0881911 10  47
-0.0883144 2  17
-0.0887143 1  28
-0.0888314 23  46
-0.0889395 16  27
-0.089146 8  37
-0.0892971 15  26
-0.089812 12  30
-0.0898888 13  26
-0.0899864 26  36
-0.0900442 6  45
-0.0900927 26  39
-0.0902256 2  45
-0.0902747 25  40
-0.0904419 34  41
-0.0906527 7  23
-0.0911466 5  45
-0.0911838 14  24
-0.0913511 29  46
-0.0914907 1  32
-0.0918187 20  46
-0.0921748 26  45
-0.0922974 14  23
-0.0923782 6  22
-0.0927992 2  43
-0.0929289 15  40
-0.0930121 20  44
-0.0931583 17  47
-0.0931982 24  37
-0.0933873 4  40
-0.0936377 24  45
-0.0936776 1  30
-0.0938556 25  36
-0.0941133 13  19
-0.0941172 19  32
-0.0944294 12  48
-0.0944746 32  40
-0.0946966 35  49
-0.0947344 5  21
-0.0947914 15  38
-0.094794 0  24
-0.0948592 7  43
-0.0949695 12  28
-0.0950212 23  37
-0.0950603 43  48
-0.0954247 0  26
-0.0955395 36  48
-0.0956038 16  46
-0.0956188 17  23
-0.0958075 13  30
-0.0958868 2  18
-0.0958914 15  39
-0.0962369 40  50
-0.0965106 1  44
-0.096597 22  43
-0.0968293 20  49
-0.0969341 12  20
-0.0971403 33  36
-0.0973095 16  26
-0.0973143 5  23
-0.0973703 20  39
-0.0974164 0  46
-0.0975648 33  48
-0.0975723 0  6
-0.0976169 4  47
-0.0976607 15  41
-0.0976934 12  42
-0.0979319 27  35
-0.0980433 0  3
-0.0983002 11  13
-0.0985225 1  22
-0.0986728 8  39
-0.0987238 25  39
-0.0988567 24  39
-0.098963 2  30
-0.0991356 12  46
-0.099151 27  37
-0.0991853 8  30
-0.0996834 6  23
-0.0997618 14  25
-0.0998424 28  46
-0.100259 1  47
-0.100275 26  40
-0.100315 26  48
-0.100356 5  30
-0.10062 44  45
-0.100627 9  32
-0.100697 1  20
-0.101184 16  31
-0.101543 3  31
-0.101557 26  37
-0.101857 14  26
-0.102038 7  30
-0.102141 6  30
-0.102229 18  39
-0.102472 9  37
-0.102642 9  51
-0.1029 7  14
-0.103142 30  41
-0.103324 42  44
-0.103496 25  37
-0.103528 15  28
-0.103545 11  18
-0.103766 11  38
-0.10384 15  20
-0.103991 13  38
-0.104029 22  36
-0.104114 24  43
-0.104196 0  7
-0.10421 13  20
-0.104387 8  40
-0.10443 45  51
-0.104445 13  36
-0.10447 25  46
-0.104512 29  45
-0.104765 17  24
-0.105025 33  40
-0.105162 8  48
-0.105164 0  35
-0.105449 3  6
-0.105977 27  47
-0.106014 16  39
-0.106366 2  23
-0.1064 1  24
-0.106739 15  36
-0.107019 24  51
-0.107261 24  32
-0.107363 7  17
-0.107574 10  39
-0.107693 1  51
-0.107816 25  45
-0.108604 8  26
-0.108968 7  22
-0.109045 26  44
-0.109273 42  51
-0.109551 17  41
-0.109568 10  29
-0.109752 24  46
-0.110019 21  45
-0.110133 28  40
-0.110356 6  35
-0.110623 13  17
-0.11071 0  11
-0.110818 26  35
-0.110854 2  31
-0.110944 0  47
-0.111096 4  22
-0.111412 29  39
-0.111431 6  49
-0.111693 19  31
-0.111695 46  50
-0.111969 1  25
-0.112118 20  47
-0.112187 28  42
-0.112435 4  38
-0.112836 2  35
-0.112859 30  46
-0.113229 24  40
-0.114079 8  22
-0.114318 28  39
-0.114466 19  42
-0.114577 13  48
-0.114637 22  45
-0.115055 29  40
-0.115567 11  27
-0.11582 22  37
-0.116002 22  47
-0.11621 7  35
-0.11653 16  40
-0.116558 19  36
-0.117511 2  22
-0.117619 20  30
-0.11809 15  35
-0.118425 7  31
-0.118913 1  45
-0.11967 16  37
-0.119906 9  19
-0.119966 5  22
-0.120665 1  36
-0.120706 32  37
-0.120749 15  25
-0.120823 15  47
-0.120934 3  5
-0.121192 8  25
-0.121427 40  51
-0.121509 34  45
-0.121535 2  44
-0.122049 17  39
-0.122424 4  46
-0.122506 16  28
-0.122666 22  49
-0.122876 33  47
-0.123288 38  44
-0.12335 30  44
-0.124104 16  36
-0.124133 16  44
-0.12442 23  47
-0.124488 6  48
-0.124533 15  24
-0.124629 3  23
-0.124684 4  37
-0.125194 9  26
-0.125284 0  14
-0.125571 5  33
-0.125802 2  48
-0.12585 12  38
-0.126032 3  33
-0.126072 10  24
-0.126123 7  48
-0.126191 5  34
-0.126459 31  46
-0.126522 5  31
-0.126534 0  38
-0.126842 8  42
-0.126979 22  35
-0.127037 11  35
-0.127122 10  27
-0.127201 34  48
-0.128051 24  47
-0.128141 1  34
-0.128182 1  48
-0.128791 25  49
-0.128849 0  9
-0.129096 1  14
-0.129321 12  19
-0.129507 5  48
-0.129611 28  37
-0.129696 0  8
-0.13012 9  20
-0.130182 31  44
-0.130338 28  35
-0.130377 20  41
-0.130581 24  44
-0.130875 27  44
-0.131143 4  39
-0.131313 9  28
-0.131364 5  35
-0.131541 5  32
-0.131568 17  38
-0.131793 26  47
-0.132001 2  36
-0.132025 13  40
-0.132213 46  51
-0.132896 21  47
-0.133287 17  40
-0.133845 22  42
-0.134229 10  21
-0.134371 17  36
-0.134435 19  44
-0.134438 6  36
-0.134521 23  43
-0.134556 8  33
-0.134879 12  26
-0.135028 5  17
-0.13544 31  40
-0.135859 13  37
-0.135969 6  31
-0.136104 5  51
-0.136167 0  45
-0.136497 12  40
-0.13655 7  44
-0.137124 17  45
-0.137316 23  42
-0.137328 32  47
-0.137492 9  25
-0.137818 1  35
-0.138016 8  19
-0.138379 20  35
-0.138395 15  33
-0.138652 8  24
-0.138831 25  47
-0.139099 7  36
-0.139466 9  36
-0.139535 2  49
-0.139661 14  30
-0.139859 31  42
-0.140267 5  50
-0.141158 4  49
-0.141681 5  36
-0.142197 12  25
-0.14229 18  48
-0.142926 20  45
-0.142952 19  45
-0.14482 8  34
-0.144862 13  51
-0.14501 30  39
-0.145371 5  14
-0.145606 11  32
-0.145772 24  50
-0.145886 18  22
-0.145914 31  39
-0.146652 31  43
-0.146764 16  25
-0.146994 16  20
-0.147099 30  40
-0.147383 21  44
-0.147765 26  43
-0.147776 12  44
-0.1478 13  27
-0.147895 13  45
-0.148466 11  17
-0.148514 9  21
-0.148697 6  33
-0.148792 6  14
-0.148918 7  34
-0.149345 16  47
-0.149582 13  22
-0.149673 11  21
-0.149706 2  34
-0.149968 15  43
-0.151197 33  39
-0.151539 32  46
-0.15205 11  30
-0.152196 28  47
-0.152331 29  41
-0.153366 27  43
-0.1534 12  35
-0.153472 2  32
-0.153591 7  49
-0.153797 6  32
-0.153943 24  48
-0.154116 34  49
-0.154315 3  34
-0.154632 13  46
-0.154742 5  49
-0.154947 3  24
-0.155174 14  37
-0.155258 4  35
-0.155307 25  43
-0.155351 3  21
-0.155366 4  26
-0.155742 23  44
-0.156003 10  48
-0.156028 16  24
-0.157271 34  47
-0.157355 4  28
-0.157357 9  15
-0.157506 12  50
-0.157781 7  32
-0.157888 2  51
-0.15994 32  39
-0.160424 19  34
-0.160517 10  46
-0.161577 0  22
-0.1619 4  30
-0.162062 33  46
-0.162789 4  27
-0.163294 14  51
-0.163898 15  50
-0.163943 11  16
-0.164171 14  40
-0.164551 16  51
-0.164636 16  43
-0.165094 44  48
-0.165703 6  50
-0.165991 4  18
-0.166022 7  33
-0.166089 17  50
-0.16623 13  47
-0.166304 10  26
-0.16659 11  22
-0.16683 0  50
-0.166894 13  24
-0.167231 9  45
-0.16806 3  8
-0.168126 0  43
-0.169443 14  39
-0.169605 15  49
-0.169879 11  34
-0.169993 11  50
-0.171617 13  39
-0.172122 19  50
-0.172342 8  41
-0.172599 6  34
-0.173735 15  44
-0.174059 7  51
-0.174079 3  39
-0.174641 0  42
-0.174838 6  51
-0.177031 10  36
-0.17803 3  37
-0.178512 16  35
-0.17871 8  21
-0.178724 20  50
-0.179611 2  50
-0.180199 9  16
-0.181132 4  42
-0.181441 10  25
-0.181665 16  49
-0.181675 8  47
-0.182032 8  17
-0.183063 20  38
-0.183775 3  40
-0.184245 20  34
-0.184898 2  33
-0.185944 11  44
-0.187302 14  43
-0.187389 11  24
-0.18746 8  44
-0.187514 21  43
-0.188588 7  50
-0.189085 11  49
-0.190497 14  46
-0.190971 19  51
-0.191816 12  39
-0.192083 8  38
-0.192809 18  46
-0.194251 25  44
-0.195244 12  45
-0.195665 4  25
-0.196037 14  41
-0.196639 4  19
-0.197772 8  14
-0.198946 44  51
-0.199271 4  41
-0.199637 4  43
-0.201628 4  20
-0.201633 18  41
-0.202524 3  38
-0.203418 3  41
-0.204408 14  32
-0.206418 13  23
-0.20751 10  50
-0.209336 13  42
-0.209701 11  25
-0.21237 41  50
-0.213773 10  38
-0.215389 14  34
-0.217331 4  24
-0.220236 9  12
-0.22325 3  46
-0.224829 32  43
-0.232704 14  45
-0.234541 14  33
-0.240538 13  35
-0.250257 3  35
-0.251257 13  44
-0.254271 10  45
-0.255409 3  45
-0.258474 4  23
-0.260521 17  43
-0.265358 11  36
-0.271174 42  50
-0.273569 10  14
-0.27419 14  42
-0.278974 3  13
-0.317575 3  42
