3.11786 53  64
2.46625 54  63
2.1867 52  65
1.12957 48  69
0.975471 56  61
0.930476 4  40
0.916054 55  62
0.901028 9  35
0.893658 43  44
0.888326 3  74
0.874732 56  59
0.83433 42  43
0.819224 36  37
0.776077 46  71
0.766395 38  39
0.733549 56  60
0.681405 74  75
0.623785 47  70
0.617914 5  39
0.616119 27  29
0.61063 59  61
0.610392 2  75
0.606964 28  30
0.598333 49  50
0.589656 1  76
0.578783 30  32
0.575359 49  66
0.568025 2  3
0.563383 37  38
0.549445 10  11
0.54357 5  7
0.532304 50  66
0.530073 17  30
0.529362 30  31
0.528562 50  57
0.520743 36  38
0.478412 39  47
0.474533 58  70
0.461533 57  70
0.447423 27  28
0.445642 26  27
0.441714 34  37
0.432293 12  58
0.43123 51  68
0.425341 38  47
0.423182 66  67
0.423142 27  32
0.42167 6  8
0.420849 28  32
0.418567 42  44
0.418425 36  39
0.416008 50  51
0.410257 60  61
0.399929 0  1
0.39813 2  4
0.396159 59  60
0.386285 64  65
0.381531 29  30
0.380852 75  76
0.375916 45  48
0.374944 9  10
0.371156 45  46
0.368069 7  8
0.360501 32  33
0.355561 27  30
0.345318 28  31
0.344198 0  76
0.343921 37  40
0.336516 45  49
0.333887 5  8
0.321529 28  29
0.320356 49  57
0.317299 8  70
0.316985 46  48
0.316785 14  15
0.315715 37  72
0.309733 45  59
0.309597 39  41
0.308398 43  46
0.308035 23  24
0.30668 47  48
0.303566 57  67
0.302239 26  32
0.300728 55  57
0.298004 0  4
0.295481 35  68
0.29434 57  66
0.293868 11  13
0.292388 13  14
0.291168 26  29
0.291096 37  39
0.28991 35  36
0.286749 33  34
0.284905 45  62
0.284732 25  27
0.283915 31  32
0.283744 51  57
0.282792 32  35
0.279951 50  52
0.278471 11  58
0.277885 8  39
0.274047 25  30
0.272026 29  31
0.271345 7  51
0.266993 59  62
0.266488 9  11
0.264497 45  73
0.26444 62  67
0.263919 65  67
0.262322 4  5
0.260302 45  47
0.258937 8  50
0.257263 47  69
0.256052 5  9
0.253767 45  67
0.252382 50  67
0.251162 51  66
0.247815 3  5
0.246896 45  71
0.24624 39  63
0.245458 34  35
0.243773 52  70
0.243648 32  39
0.243597 9  32
0.242621 26  31
0.242388 11  12
0.241563 39  40
0.240356 33  37
0.239129 72  73
0.239055 22  23
0.236812 50  68
0.23676 50  70
0.236328 75  77
0.236098 38  58
0.234657 8  10
0.23454 1  4
0.2331 3  6
0.230045 8  57
0.229861 25  26
0.229564 25  31
0.228723 29  32
0.228711 45  69
0.226949 61  66
0.226381 0  3
0.223611 12  14
0.223154 25  29
0.223091 8  11
0.21895 12  41
0.218529 7  14
0.217784 26  28
0.216897 15  68
0.216715 5  12
0.215915 33  52
0.215121 21  22
0.214108 40  50
0.212263 49  72
0.21058 35  40
0.210482 49  67
0.20996 69  71
0.208943 49  51
0.208467 13  58
0.208274 54  55
0.208199 36  64
0.207703 67  73
0.207691 59  73
0.20588 2  68
0.204681 49  61
0.204189 2  12
0.20332 34  68
0.203244 40  52
0.201839 39  74
0.199989 48  49
0.19996 45  55
0.199501 43  68
0.198653 19  20
0.198157 12  59
0.196179 33  77
0.194682 45  60
0.19464 32  74
0.19454 63  69
0.19296 36  68
0.192893 15  16
0.192523 46  49
0.192254 30  35
0.191777 1  2
0.191522 34  50
0.189782 32  34
0.189211 6  7
0.189166 42  74
0.188241 7  10
0.187645 67  71
0.186342 33  76
0.185589 9  36
0.185491 3  7
0.185382 9  12
0.184932 71  73
0.184108 2  42
0.182992 9  34
0.18074 10  35
0.180686 39  56
0.17989 8  47
0.179722 55  67
0.179704 2  41
0.179226 7  25
0.179152 17  28
0.179091 54  70
0.177168 25  32
0.176922 46  69
0.176336 27  74
0.176208 16  77
0.175883 48  71
0.174785 35  37
0.174749 5  6
0.173544 28  76
0.17338 62  66
0.172808 25  28
0.17279 35  38
0.172693 36  53
0.171691 69  73
0.170679 24  28
0.169488 6  33
0.169384 38  70
0.16834 1  9
0.167638 69  72
0.166466 5  58
0.165875 3  14
0.165817 71  72
0.165535 45  66
0.164854 46  59
0.163549 46  73
0.162693 26  30
0.162283 48  64
0.160624 2  16
0.159422 44  68
0.159264 41  60
0.158511 14  31
0.158453 71  74
0.15838 33  35
0.158185 66  73
0.157934 48  63
0.157805 46  67
0.157507 33  58
0.157394 8  38
0.15739 47  59
0.157057 6  9
0.155738 40  76
0.155466 57  65
0.154858 6  10
0.154815 44  48
0.154352 0  5
0.154304 46  62
0.153923 19  68
0.153647 62  73
0.153266 43  56
0.153205 6  61
0.153031 58  66
0.152825 25  72
0.152574 4  11
0.151479 3  33
0.150407 45  72
0.149252 1  15
0.149199 49  73
0.149139 4  15
0.147944 4  74
0.147626 47  73
0.147576 47  71
0.147304 5  68
0.146883 38  73
0.146842 58  61
0.14625 66  72
0.14624 38  54
0.145777 28  35
0.145506 43  71
0.144504 38  76
0.143408 48  73
0.143112 17  51
0.142497 24  64
0.142147 68  72
0.141697 73  76
0.141537 13  16
0.140747 41  47
0.140672 16  22
0.139795 59  71
0.139367 24  33
0.139229 47  61
0.138442 27  35
0.137878 63  70
0.137724 26  40
0.137515 62  72
0.137465 6  57
0.13659 12  13
0.136167 20  23
0.136008 10  75
0.135664 46  72
0.135361 27  76
0.134847 40  56
0.134668 61  64
0.134371 16  34
0.134157 44  72
0.134007 41  43
0.133496 1  12
0.133493 18  19
0.133374 7  41
0.132575 55  59
0.132284 5  70
0.131846 61  67
0.131387 6  12
0.130875 51  55
0.130205 52  53
0.129888 43  50
0.129852 1  5
0.129409 2  27
0.127611 48  54
0.126653 60  62
0.126488 28  51
0.12571 11  16
0.125647 52  56
0.125093 66  77
0.124745 21  23
0.123862 28  75
0.123674 0  12
0.123362 47  49
0.122884 21  40
0.122831 41  42
0.12257 48  53
0.121399 59  67
0.121139 15  22
0.120323 50  54
0.120103 24  53
0.119918 40  74
0.119748 1  60
0.119491 7  36
0.119131 13  22
0.118906 7  56
0.118804 47  62
0.118727 29  53
0.117871 46  47
0.117183 4  41
0.116709 57  68
0.116361 13  15
0.115711 52  68
0.11565 49  63
0.114908 4  75
0.113826 4  7
0.113777 16  42
0.113676 12  69
0.113511 11  31
0.113485 43  60
0.113081 2  13
0.11299 11  34
0.112951 17  40
0.112687 1  40
0.112176 13  30
0.112141 53  65
0.112135 49  59
0.112074 35  52
0.111525 1  32
0.110791 16  29
0.11077 15  34
0.11075 27  31
0.110608 76  77
0.110578 21  33
0.110316 0  75
0.110257 62  71
0.110177 9  26
0.109988 43  45
0.109744 64  76
0.109596 3  4
0.109141 0  7
0.109066 51  74
0.109015 5  42
0.108907 8  51
0.108833 64  66
0.108831 5  14
0.108592 17  29
0.108395 19  29
0.108305 21  34
0.108152 19  77
0.108067 40  75
0.107821 67  69
0.107102 17  39
0.106877 0  77
0.10679 6  11
0.106615 24  77
0.10633 37  42
0.106124 64  69
0.105479 62  63
0.105358 26  61
0.104625 16  68
0.104484 31  75
0.104354 57  63
0.104117 19  23
0.103871 6  44
0.103861 47  55
0.10376 53  69
0.103731 70  72
0.103715 20  27
0.103687 67  72
0.103553 36  41
0.103354 35  47
0.103295 10  13
0.103011 30  33
0.102936 9  13
0.10185 4  17
0.101769 63  66
0.101652 59  69
0.101641 20  29
0.101565 47  67
0.101455 30  74
0.101247 12  31
0.100992 25  75
0.100988 4  77
0.100886 20  26
0.100746 21  37
0.100556 8  37
0.100355 38  63
0.100329 15  30
0.100299 11  44
0.0998038 28  77
0.0993924 54  57
0.0986668 7  70
0.0985683 20  77
0.0983779 55  70
0.098141 48  62
0.0981315 54  69
0.097873 33  53
0.097828 2  10
0.0976141 47  65
0.0974291 49  62
0.0971717 12  35
0.0970871 0  40
0.0967767 15  31
0.0967168 66  71
0.0966572 13  21
0.096493 21  74
0.0964395 49  58
0.096274 19  22
0.096186 18  22
0.095839 45  63
0.0954228 44  46
0.0953523 2  5
0.0950539 49  77
0.0946362 19  58
0.0946158 0  31
0.0942524 0  13
0.0942275 14  16
0.0932826 35  56
0.0932479 47  63
0.0925236 38  50
0.0924667 20  22
0.0924529 21  77
0.0917808 0  33
0.0916641 1  42
0.0915959 48  67
0.0915421 50  58
0.0914767 50  61
0.0913327 41  61
0.091251 36  48
0.0907578 29  76
0.0907214 66  70
0.0905652 10  38
0.0903976 48  59
0.0903446 2  14
0.0903287 1  33
0.0898492 37  76
0.0896836 20  28
0.0892825 22  26
0.0890608 2  40
0.0886082 14  43
0.0885799 44  50
0.0878651 58  63
0.0877845 5  33
0.087625 5  43
0.0875696 0  44
0.0873592 40  57
0.0871107 23  40
0.0869851 49  71
0.086791 63  64
0.0866006 11  14
0.0865978 47  52
0.0865945 23  77
0.086517 16  23
0.0864181 17  77
0.0864084 36  73
0.0863992 1  14
0.0858938 26  56
0.0858407 50  55
0.08554 44  45
0.0853011 5  75
0.0851524 50  72
0.085116 12  34
0.0849279 6  39
0.0848266 33  44
0.0847755 42  75
0.0847274 8  36
0.0846031 18  20
0.0845561 59  66
0.0844608 39  68
0.0844041 43  63
0.0843771 58  59
0.0841873 21  70
0.0840608 3  26
0.0839308 12  32
0.0832237 27  77
0.0830865 3  61
0.0829502 1  11
0.0828667 7  69
0.0826926 41  51
0.0826016 21  24
0.082281 1  44
0.0821774 15  74
0.0821024 55  65
0.0819969 49  64
0.0819741 35  74
0.0817912 51  54
0.0811708 0  29
0.081021 29  64
0.081019 1  3
0.0808684 17  42
0.0807971 43  57
0.0807968 73  74
0.0806607 23  75
0.0806274 23  51
0.0802392 9  39
0.0800494 4  30
0.0799376 15  44
0.0798406 6  74
0.0797525 0  23
0.0796189 41  66
0.0794477 0  43
0.0794196 1  53
0.079404 45  65
0.0793486 12  71
0.0792268 57  61
0.0790109 28  39
0.0789829 15  20
0.0788785 3  31
0.0788714 22  42
0.0788662 15  65
0.0785903 51  63
0.0781995 18  23
0.0776529 36  77
0.077579 1  16
0.0774804 38  68
0.0772179 4  31
0.0766751 2  77
0.0765711 13  75
0.0765098 24  36
0.0761763 45  57
0.0760847 9  14
0.0758536 31  50
0.0757497 29  77
0.0756483 26  34
0.0753657 14  69
0.0753526 36  40
0.0752991 26  33
0.0745201 38  56
0.0743334 24  75
0.0742686 3  23
0.0741555 58  60
0.0741105 21  76
0.0737272 37  64
0.0737052 34  76
0.0736409 13  23
0.0733436 4  76
0.0731354 39  65
0.0731346 17  38
0.0729343 25  35
0.0727177 69  70
0.0726899 15  52
0.0726785 22  24
0.0725329 8  69
0.0723332 60  77
0.0723056 0  42
0.0723007 63  73
0.072262 53  54
0.0722343 51  58
0.0719311 40  68
0.0718887 48  72
0.0718378 46  66
0.0717259 1  41
0.0715877 8  48
0.0713028 1  31
0.0712356 4  29
0.0712077 3  12
0.0711532 38  61
0.0709629 49  55
0.0708523 6  70
0.0708363 44  69
0.0706006 17  19
0.0705707 19  33
0.0704026 41  77
0.0702509 21  42
0.070119 34  77
0.0699985 22  29
0.0688694 28  40
0.0683345 57  71
0.0682561 14  42
0.06815 1  58
0.068106 16  20
0.0670522 37  53
0.0668297 30  77
0.0667253 2  24
0.0665975 33  65
0.0664771 20  24
0.0663678 24  34
0.0663522 0  20
0.0663023 5  13
0.0661876 32  37
0.0659694 17  47
0.0659323 21  28
0.065928 10  14
0.06572 56  58
0.0656636 19  24
0.0656331 49  75
0.0655091 6  34
0.065266 11  40
0.0649667 17  60
0.0649038 1  74
0.0648138 8  53
0.0645278 52  58
0.0645006 15  24
0.0644468 51  76
0.0644084 2  30
0.0639626 4  13
0.0639256 44  57
0.0639082 6  75
0.0637512 14  23
0.0636122 22  27
0.0635124 34  60
0.0634924 4  16
0.0634394 53  55
0.0631916 17  74
0.0631514 17  27
0.062833 7  39
0.0625927 54  67
0.0625611 1  72
0.0624853 34  39
0.0623789 2  11
0.0618846 13  26
0.0618667 13  76
0.0618395 40  58
0.0617304 17  25
0.0615806 17  37
0.0615337 3  75
0.0614864 1  64
0.0613857 23  29
0.0610457 22  68
0.0610115 47  56
0.0610076 14  17
0.0609528 55  60
0.0607832 0  14
0.0607533 14  24
0.0606183 20  53
0.0601446 13  51
0.0594734 6  37
0.0589713 3  13
0.0588612 61  62
0.0586121 5  44
0.0583494 2  28
0.0581806 70  77
0.0578873 14  76
0.0577591 35  42
0.0577279 51  72
0.0569387 1  6
0.0569296 16  75
0.0569233 41  68
0.0568027 32  69
0.0567464 21  62
0.056039 24  72
0.055995 32  42
0.0559602 15  76
0.0559287 15  19
0.0558797 46  74
0.0558392 41  76
0.0557625 33  41
0.0557175 57  59
0.0556138 15  42
0.0555672 7  9
0.0553786 5  15
0.0552541 16  33
0.055238 48  75
0.0551138 20  64
0.0548455 8  45
0.0543361 5  11
0.0542998 8  12
0.054299 55  72
0.054256 30  51
0.0541565 0  74
0.0541396 4  68
0.0535843 16  17
0.0535657 18  43
0.0531804 41  54
0.0529412 17  69
0.0528881 4  10
0.0528198 43  73
0.0527907 4  72
0.0524444 18  24
0.0524318 47  54
0.0523127 7  12
0.0521837 59  72
0.0521029 30  41
0.0517856 17  20
0.0511659 7  59
0.0509579 6  15
0.0505116 24  25
0.0502276 19  25
0.0500257 19  28
0.0499998 18  21
0.0498605 18  44
0.0494872 18  42
0.049258 8  64
0.0489267 29  33
0.0488762 67  68
0.0487405 55  58
0.0485282 55  73
0.0482033 16  72
0.0481938 43  48
0.0481934 11  51
0.0480837 47  60
0.0479527 46  55
0.0479399 23  36
0.0479104 39  54
0.0478705 2  43
0.0478037 33  49
0.0475846 12  52
0.0473083 23  35
0.0470571 24  40
0.0469618 18  40
0.0467197 26  37
0.0466615 0  17
0.0466453 48  55
0.0465695 24  26
0.0462292 27  53
0.0459597 56  57
0.045926 17  35
0.0458886 30  76
0.0455046 29  39
0.0452821 6  58
0.0452415 40  77
0.0451742 43  54
0.0451591 52  64
0.0447564 15  77
0.0443612 41  52
0.0442621 4  43
0.0442307 3  76
0.0440847 49  70
0.043747 36  50
0.043646 21  26
0.0435058 1  13
0.0434862 16  40
0.0434583 11  55
0.0434383 41  65
0.0430366 34  75
0.0429677 2  69
0.0429422 47  74
0.0429297 36  46
0.0425049 37  75
0.0424966 21  54
0.0423824 48  70
0.0422563 74  77
0.0420211 29  54
0.0419518 9  24
0.0417962 15  23
0.0417059 18  53
0.0415828 61  71
0.041103 42  66
0.0408076 21  44
0.0403502 3  36
0.040299 55  56
0.0402524 23  60
0.0402208 37  77
0.0401314 24  29
0.0401297 24  44
0.0394368 15  25
0.0393809 24  30
0.0393466 14  25
0.0389167 6  38
0.0386618 26  75
0.0385282 31  40
0.0382654 60  73
0.0380692 14  44
0.0380688 70  76
0.038033 63  76
0.0380112 24  68
0.0379096 60  64
0.0378658 41  55
0.0376587 16  57
0.037215 0  22
0.0370987 38  74
0.0370077 0  18
0.0368232 16  43
0.0366725 53  60
0.0366058 34  51
0.036541 18  77
0.0361311 7  76
0.0357892 3  20
0.0357225 33  66
0.0357198 17  36
0.0356206 3  16
0.0355422 40  65
0.035541 3  17
0.0353224 68  71
0.0352564 26  35
0.0351315 36  69
0.0350472 1  75
0.0350343 53  66
0.0349612 27  54
0.0348634 28  74
0.0346248 21  61
0.0343912 56  77
0.0341036 38  41
0.0340455 2  59
0.0339982 0  15
0.0337093 20  68
0.0335572 3  68
0.0334585 31  58
0.0330047 16  21
0.0328608 19  34
0.0328551 19  75
0.0328017 11  25
0.0326696 16  18
0.0325902 0  65
0.032588 18  25
0.0325742 9  49
0.0325553 42  72
0.0324213 20  30
0.0322601 22  25
0.0322427 46  60
0.0321804 0  16
0.0321489 5  52
0.0319383 52  54
0.0318984 55  61
0.0318444 13  25
0.0317404 4  60
0.0316676 18  26
0.0316229 33  54
0.0316033 7  42
0.0315406 22  61
0.0315319 2  34
0.0313253 2  58
0.0313114 1  34
0.0312823 62  69
0.0310988 18  75
0.0310087 9  31
0.0310067 39  66
0.0308683 4  23
0.030866 21  63
0.0305872 18  64
0.0304842 0  21
0.0303766 28  53
0.0303232 24  27
0.0302866 6  42
0.0301854 40  51
0.0300402 11  26
0.0300214 37  73
0.0300025 15  72
0.0298473 20  25
0.0297103 18  68
0.0296621 27  64
0.0296485 41  49
0.0295281 1  68
0.0294382 58  74
0.0294163 10  12
0.0294076 37  63
0.0293788 55  66
0.0293262 2  22
0.0292944 4  44
0.0290929 65  69
0.0289237 40  60
0.0288972 37  68
0.0286144 51  77
0.0285912 32  61
0.0283772 19  31
0.0282274 37  62
0.0279383 49  54
0.0279019 38  57
0.0278977 44  59
0.0277897 23  33
0.0276803 1  35
0.0276214 6  16
0.0275403 51  59
0.027508 22  77
0.02749 38  71
0.0273919 74  76
0.0272574 61  68
0.0272563 22  33
0.0271607 10  58
0.0270967 13  24
0.0268759 44  73
0.0268263 52  77
0.0267115 0  10
0.0265598 13  68
0.0265333 61  65
0.026455 14  20
0.0261215 16  61
0.0261029 44  56
0.02573 15  71
0.0257112 18  31
0.0256916 0  19
0.0256547 65  66
0.0256007 28  56
0.025552 9  42
0.0254375 17  41
0.0251152 51  53
0.0245006 16  24
0.0244612 4  8
0.0243746 2  29
0.0243419 22  41
0.024322 41  44
0.0242905 2  23
0.0241009 60  72
0.0240667 22  75
0.0240624 47  66
0.0239794 5  34
0.023718 37  41
0.0236146 33  36
0.0235255 20  75
0.0234911 15  18
0.0233664 11  17
0.0232551 14  33
0.023195 25  74
0.0231134 30  52
0.0230936 20  31
0.0229886 42  49
0.0228468 14  77
0.0227766 35  50
0.0227016 22  58
0.0226091 63  71
0.022509 13  31
0.0221997 34  52
0.0220085 32  44
0.0219974 50  53
0.0219974 43  55
0.0219129 69  74
0.0217754 47  57
0.0216331 20  74
0.0215796 17  52
0.0214886 31  41
0.0213006 34  56
0.02113 17  55
0.0211259 34  38
0.0209422 56  67
0.0208503 15  17
0.020715 61  77
0.0200811 4  14
0.0199854 54  71
0.0198909 27  68
0.0198385 1  10
0.019836 1  17
0.0197769 14  47
0.0195732 16  19
0.0192624 23  53
0.0191632 38  59
0.0191616 19  39
0.0190749 51  60
0.0190096 9  40
0.0190054 23  27
0.0189198 66  75
0.018629 32  54
0.0182967 10  73
0.0182006 20  33
0.0181487 53  71
0.0180397 22  76
0.0179796 20  51
0.0177414 51  67
0.0177353 60  68
0.0177166 14  41
0.0175974 13  52
0.0175917 23  25
0.0175125 10  60
0.0174846 22  34
0.0173938 9  66
0.0172771 41  64
0.017148 41  50
0.0170681 3  41
0.0170621 70  73
0.0170511 1  8
0.0169937 61  76
0.0169226 1  69
0.0166383 4  34
0.0164317 51  52
0.0163486 18  33
0.0163208 1  24
0.0162523 43  53
0.0160997 17  53
0.01609 3  18
0.0159346 21  55
0.01589 49  53
0.0158183 61  70
0.0157466 44  52
0.0156847 9  20
0.0155441 23  28
0.0154289 2  31
0.0153971 26  42
0.0153825 10  61
0.0152091 34  41
0.0150643 23  56
0.0149089 24  59
0.0148803 42  73
0.0148762 14  18
0.0147814 52  57
0.0146762 64  67
0.0146412 23  34
0.0146302 48  65
0.0146106 20  40
0.0145979 9  16
0.0145892 18  74
0.0145654 20  21
0.014552 3  58
0.0145372 28  64
0.0145236 13  29
0.0144918 45  54
0.0143943 8  9
0.0143715 48  66
0.0143422 25  41
0.0142553 14  38
0.0140657 35  60
0.0140422 35  65
0.0139587 41  46
0.0139382 9  23
0.0138221 3  43
0.0136849 21  59
0.0136676 9  76
0.0134394 20  73
0.013331 10  77
0.0133171 2  21
0.0133134 57  77
0.0130657 18  30
0.0128463 23  42
0.0128461 21  35
0.0127534 55  69
0.0127281 44  62
0.0126249 10  19
0.0124748 18  56
0.0122785 38  43
0.0122553 6  59
0.0121486 47  53
0.0121048 18  34
0.0120954 14  19
0.0119973 31  35
0.0118979 18  63
0.0117693 36  71
0.0114748 29  35
0.0111939 19  73
0.011166 43  72
0.0111108 17  18
0.0103787 18  35
0.0103709 11  61
0.01036 7  60
0.010299 0  61
0.0102163 2  19
0.0102101 51  70
0.010198 15  58
0.0101527 28  72
0.010145 49  69
0.00996215 6  26
0.00994728 11  77
0.00991012 11  19
0.00984481 3  10
0.00958946 36  58
0.00935993 21  60
0.00934007 20  36
0.00924243 4  24
0.00908695 22  59
0.0087493 31  52
0.00854835 12  48
0.00854833 18  54
0.00851741 15  32
0.00845349 2  17
0.0083639 28  41
0.00825493 15  39
0.00816994 16  71
0.00811685 6  51
0.00811252 7  11
0.00798004 18  58
0.00792865 1  28
0.0079213 21  75
0.00781439 34  55
0.00764574 29  75
0.00715069 13  32
0.00692987 12  50
0.00692607 1  26
0.00687699 38  42
0.00687549 22  44
0.0066104 21  73
0.00656127 39  49
0.0065426 25  34
0.00653394 17  34
0.00649025 31  72
0.00626366 24  35
0.00622843 19  50
0.00609268 19  40
0.00607414 24  31
0.00583329 4  9
0.00583221 10  50
0.0056194 36  76
0.00560923 34  53
0.00556511 0  26
0.00555964 16  56
0.00534622 25  42
0.00527783 7  24
0.00526118 44  47
0.00521324 70  75
0.00514568 6  31
0.00488406 7  32
0.00478418 22  72
0.00468934 59  65
0.00433558 37  48
0.00408376 41  74
0.00368056 64  70
0.0035304 0  2
0.00311714 65  76
0.00307161 31  70
0.00289508 11  68
0.00288346 9  71
0.00280891 10  55
0.00265 18  73
0.00250778 19  42
0.0024421 27  58
0.00244036 10  51
0.00234652 13  42
0.00231775 56  62
0.00226153 23  26
0.00219536 50  59
0.00210113 19  21
0.00209571 27  52
0.00206844 5  61
0.00204525 1  46
0.00203323 18  28
0.00187255 21  43
0.00173358 13  27
0.00156373 67  76
0.0015517 47  50
0.00151495 19  27
0.00097914 10  46
0.000837471 17  68
0.000806768 2  74
0.000798944 60  67
0.000715203 35  43
0.000699761 69  76
0.000394986 17  31
1.64575e-05 13  17
-0.000195062 32  49
-0.000315313 56  65
-0.000392646 55  71
-0.000496607 20  34
-0.00082915 66  76
-0.00102112 3  11
-0.00109887 50  74
-0.00113578 22  35
-0.00113701 7  13
-0.0011981 44  60
-0.00121994 12  18
-0.00123496 17  24
-0.00125203 17  23
-0.00136814 23  64
-0.00142617 12  65
-0.00181368 5  10
-0.00183315 24  32
-0.00183958 52  67
-0.00187323 7  22
-0.00195732 11  71
-0.00214215 9  33
-0.0021572 4  18
-0.00230503 13  71
-0.00236896 10  56
-0.00261708 9  29
-0.00264604 13  20
-0.00268315 28  33
-0.0027068 54  62
-0.00293149 17  76
-0.00298121 39  59
-0.00302444 46  68
-0.00318953 35  39
-0.00325867 40  66
-0.00334435 22  40
-0.00336867 32  40
-0.003415 0  60
-0.0034796 16  76
-0.00350925 18  76
-0.00362278 12  61
-0.00376678 15  46
-0.00390658 6  43
-0.00396622 10  26
-0.00403265 33  57
-0.00403848 36  54
-0.00417831 3  22
-0.0042629 3  32
-0.00439182 0  8
-0.00444942 11  29
-0.00445943 48  74
-0.00446128 19  30
-0.00449881 22  53
-0.00454857 39  42
-0.00461236 29  37
-0.00472322 14  71
-0.00479646 12  29
-0.00483383 19  35
-0.00489081 7  20
-0.00494732 30  42
-0.00498441 15  75
-0.00499075 12  74
-0.00506742 22  60
-0.00513987 65  72
-0.00564503 4  56
-0.00572798 22  43
-0.00575139 21  47
-0.00586459 18  37
-0.00594685 23  32
-0.00606506 16  41
-0.00606861 25  50
-0.00606872 72  77
-0.00610036 6  65
-0.00626862 38  48
-0.00638055 12  19
-0.00652442 34  65
-0.00666454 3  8
-0.0067443 24  76
-0.00687629 15  35
-0.00689706 52  74
-0.00710608 10  45
-0.00727033 3  34
-0.00739858 0  53
-0.00740666 16  27
-0.00743229 47  72
-0.00747008 23  76
-0.00750324 2  26
-0.00753484 56  63
-0.00776913 19  43
-0.00791856 10  34
-0.00792728 13  18
-0.00806675 8  52
-0.00810391 3  42
-0.00814646 46  57
-0.00815099 24  60
-0.00817247 11  59
-0.00844856 32  56
-0.00845605 41  69
-0.00846082 21  25
-0.00848979 43  62
-0.00851645 5  16
-0.00866545 11  21
-0.00880767 20  58
-0.00881998 56  71
-0.00882252 61  75
-0.0088716 4  22
-0.00909426 4  20
-0.00915581 60  71
-0.00956211 34  36
-0.0096308 59  63
-0.00967744 37  47
-0.00973609 32  50
-0.00979412 58  77
-0.00980049 21  52
-0.00990313 4  55
-0.0099502 22  28
-0.00996504 10  37
-0.0101096 29  51
-0.0101325 18  50
-0.0102009 46  63
-0.0103137 18  59
-0.010325 62  70
-0.0103374 31  56
-0.0104122 44  71
-0.0107797 65  74
-0.0107861 38  46
-0.0107897 41  62
-0.0107905 12  46
-0.0109229 27  63
-0.0109836 67  77
-0.0111612 15  21
-0.0112702 6  45
-0.0113437 3  24
-0.0113939 23  68
-0.0114742 16  70
-0.0115516 54  73
-0.0116564 54  68
-0.0116612 2  18
-0.0118755 29  42
-0.0119892 19  26
-0.0121843 53  76
-0.0122307 48  60
-0.0122357 34  40
-0.0124884 52  55
-0.0124917 55  77
-0.012671 47  64
-0.0129057 14  22
-0.0129637 0  51
-0.0130146 13  19
-0.0131231 4  21
-0.0131268 65  73
-0.013218 33  40
-0.0134143 18  70
-0.0134538 38  64
-0.0136238 14  34
-0.0139127 60  69
-0.0140332 14  64
-0.0140357 46  61
-0.0141135 12  42
-0.0142271 41  70
-0.0142459 35  72
-0.0142991 31  65
-0.0143117 15  40
-0.0143224 5  41
-0.0143224 19  60
-0.0143689 13  55
-0.0144484 59  74
-0.0144682 38  51
-0.0145186 25  51
-0.0145466 62  65
-0.0146272 22  64
-0.0146427 61  63
-0.0146743 12  39
-0.0147607 11  32
-0.0148576 16  46
-0.0149076 10  65
-0.014988 25  39
-0.0152524 34  64
-0.0152653 40  55
-0.0152823 42  63
-0.0153157 2  32
-0.0153865 37  46
-0.0154135 0  64
-0.0155255 38  69
-0.015747 38  65
-0.0157535 3  56
-0.0158319 18  27
-0.0158874 18  67
-0.0160282 16  26
-0.0161943 14  48
-0.0162051 1  51
-0.0163741 6  29
-0.0165901 60  66
-0.016822 9  19
-0.0169309 13  44
-0.0169985 41  75
-0.0170253 17  48
-0.0170832 36  60
-0.0170991 12  47
-0.0171403 13  62
-0.0171652 54  61
-0.017212 3  57
-0.0174371 24  70
-0.0174511 57  73
-0.0175105 7  48
-0.0176266 7  23
-0.0176355 51  64
-0.0176593 17  21
-0.017669 9  51
-0.0177122 50  63
-0.017714 7  31
-0.0177633 23  43
-0.0178141 54  56
-0.0179866 22  73
-0.018261 17  64
-0.0184029 3  72
-0.0184042 42  50
-0.0184468 32  41
-0.0185158 13  47
-0.0185253 19  44
-0.0186162 2  20
-0.0186443 25  53
-0.0186726 23  73
-0.0187499 9  52
-0.0188321 47  51
-0.018849 24  37
-0.018903 37  74
-0.0189141 10  48
-0.0191109 3  35
-0.0191131 2  7
-0.019145 14  74
-0.019164 6  71
-0.0192163 44  77
-0.0192353 16  63
-0.0193139 17  70
-0.0193446 68  69
-0.0193584 37  56
-0.0194127 55  63
-0.0194356 10  15
-0.0194738 0  52
-0.019612 50  64
-0.0196333 9  60
-0.0197567 18  29
-0.0197623 29  44
-0.0197653 0  39
-0.0198267 12  17
-0.0198373 42  58
-0.0199044 6  13
-0.0201628 36  45
-0.0201752 17  22
-0.0201852 18  62
-0.0202386 43  70
-0.0203034 68  77
-0.0203738 45  68
-0.0204117 41  57
-0.0206202 23  31
-0.0206814 58  75
-0.0207335 12  25
-0.0207415 68  75
-0.0207624 19  74
-0.0208212 7  18
-0.0208335 20  63
-0.020905 6  28
-0.0209381 27  44
-0.0209636 10  66
-0.0210082 21  57
-0.0212442 11  33
-0.0212473 63  75
-0.0212682 57  72
-0.0214502 4  42
-0.0217031 30  40
-0.021776 1  25
-0.0218331 25  33
-0.0218958 20  67
-0.0220023 12  24
-0.0222465 10  40
-0.0223176 17  49
-0.0223515 6  22
-0.0224242 31  77
-0.0225571 14  39
-0.0227654 9  72
-0.0228411 18  51
-0.0228566 29  73
-0.0228639 38  62
-0.0228783 6  14
-0.0230185 14  63
-0.0230293 8  26
-0.0231597 66  68
-0.0231913 6  20
-0.0232076 8  19
-0.0232598 13  65
-0.0233198 22  56
-0.0233814 14  53
-0.0234075 31  68
-0.0234095 39  77
-0.0234779 15  69
-0.0235859 41  71
-0.0236338 31  39
-0.0236358 14  35
-0.0237973 37  52
-0.0238756 9  75
-0.023963 67  74
-0.0241084 35  55
-0.0241669 19  67
-0.0243135 61  69
-0.0243846 44  74
-0.0244144 48  77
-0.0245194 9  25
-0.0245778 4  26
-0.0245845 32  76
-0.0246301 29  43
-0.0246761 25  40
-0.0247154 11  56
-0.0248067 53  61
-0.0248321 61  73
-0.0248838 44  61
-0.0251002 50  56
-0.0252518 20  54
-0.0252928 8  73
-0.025523 28  58
-0.0255659 0  34
-0.0256476 16  54
-0.0258382 19  76
-0.0258535 4  27
-0.0258538 19  71
-0.0258958 18  55
-0.0259312 4  61
-0.0259342 18  57
-0.0259522 4  71
-0.0260302 3  63
-0.0260552 7  45
-0.0260769 8  46
-0.0261035 29  59
-0.0262159 12  16
-0.0263903 5  51
-0.0265296 34  73
-0.0265349 22  36
-0.0266433 20  62
-0.0266513 18  71
-0.0267761 14  32
-0.0268145 22  32
-0.0270195 19  72
-0.0270389 67  70
-0.0270895 25  56
-0.0271961 13  77
-0.0272453 33  50
-0.0272532 14  26
-0.0273991 3  51
-0.0274435 25  77
-0.027445 0  25
-0.0274681 10  31
-0.0276311 13  43
-0.0276707 1  27
-0.0277202 3  9
-0.0277221 68  74
-0.0278158 10  49
-0.0278413 30  39
-0.0278473 19  46
-0.0279239 19  62
-0.0280671 27  65
-0.028128 31  74
-0.0281464 26  53
-0.0283364 38  72
-0.0286438 30  75
-0.0286636 7  47
-0.028693 15  62
-0.0287003 0  41
-0.028816 12  56
-0.0288702 11  28
-0.0289581 18  45
-0.0289867 38  55
-0.0289964 6  76
-0.0290526 3  52
-0.0291206 18  46
-0.029152 18  36
-0.0293618 21  41
-0.02943 17  44
-0.0294693 73  75
-0.0295086 20  55
-0.029529 64  71
-0.0299772 17  32
-0.0300086 29  68
-0.0300288 3  65
-0.0300931 3  54
-0.0300935 57  62
-0.0301114 11  35
-0.030183 1  71
-0.03041 4  57
-0.0304208 23  37
-0.0304422 21  27
-0.0305036 56  75
-0.0307264 1  19
-0.0307937 66  69
-0.0310004 26  43
-0.031033 12  67
-0.0311023 60  65
-0.0311226 7  44
-0.0311583 21  36
-0.0311955 26  58
-0.031244 10  42
-0.0313389 25  61
-0.0313973 13  60
-0.031533 28  37
-0.0315504 45  61
-0.0315537 17  45
-0.0315651 53  77
-0.0315786 10  24
-0.0316059 13  73
-0.0316308 11  62
-0.031783 37  51
-0.0317916 53  58
-0.0317947 21  64
-0.0319233 5  77
-0.0319642 29  52
-0.0319899 10  21
-0.0321375 26  74
-0.0321721 10  69
-0.0322177 18  52
-0.0322186 6  48
-0.0322613 14  21
-0.0323491 9  15
-0.0323526 22  70
-0.0323678 51  62
-0.0324606 16  38
-0.032484 22  30
-0.0325963 18  72
-0.0327712 3  21
-0.0328045 7  19
-0.0328168 20  41
-0.0329268 21  53
-0.0330331 13  56
-0.033563 48  68
-0.0338042 30  66
-0.0338162 47  68
-0.0339323 26  44
-0.0339608 20  45
-0.0339777 8  15
-0.033996 9  58
-0.0340535 7  52
-0.0340615 41  56
-0.0341319 14  61
-0.0341702 22  67
-0.034183 35  59
-0.0342461 2  48
-0.034368 4  39
-0.0343731 23  30
-0.0345386 10  36
-0.0348262 5  69
-0.0350036 29  72
-0.0350815 8  16
-0.0351285 39  73
-0.0351296 21  29
-0.0351304 21  30
-0.0351447 20  46
-0.0352063 27  40
-0.0352927 6  46
-0.0353515 20  48
-0.0353746 58  62
-0.0354696 5  23
-0.0354852 4  19
-0.0355232 28  73
-0.0357374 15  51
-0.0357379 16  35
-0.0357848 14  36
-0.0357864 5  29
-0.0358353 5  32
-0.0358479 33  72
-0.0359091 24  42
-0.0359135 23  44
-0.0359739 37  60
-0.0361239 3  25
-0.0361327 18  48
-0.0361428 7  46
-0.0365336 36  62
-0.0365437 0  11
-0.0367055 53  68
-0.0367077 30  58
-0.0367284 47  58
-0.0367294 21  51
-0.0367404 14  68
-0.0367478 34  66
-0.0367766 36  72
-0.0369915 20  50
-0.0370019 20  57
-0.0370448 26  67
-0.0371906 20  43
-0.0372254 11  75
-0.037255 22  62
-0.0372857 19  55
-0.0372996 32  43
-0.0374183 11  63
-0.0378349 42  52
-0.0380118 21  71
-0.0381041 7  71
-0.0381633 27  34
-0.038228 36  74
-0.0382625 5  48
-0.0382949 1  18
-0.0383693 11  27
-0.0383735 23  72
-0.0384715 21  58
-0.0384919 7  16
-0.0384942 1  7
-0.0384943 36  57
-0.0385858 6  56
-0.0389145 10  16
-0.0391426 20  44
-0.0391884 26  41
-0.0392974 25  64
-0.0393331 54  66
-0.0396373 9  17
-0.0396686 7  26
-0.0396713 41  45
-0.0397121 63  72
-0.0398233 6  54
-0.0399344 42  60
-0.0399396 41  72
-0.039963 29  63
-0.0400288 0  24
-0.040036 10  70
-0.0402458 42  71
-0.04059 27  42
-0.0406124 19  45
-0.0407432 44  55
-0.0408562 71  75
-0.0410017 45  70
-0.0410323 5  73
-0.0411288 25  73
-0.0411554 42  55
-0.0411813 46  64
-0.0412142 8  66
-0.041381 19  70
-0.0414439 37  50
-0.0414811 14  46
-0.0415421 32  66
-0.0415427 11  54
-0.0415681 25  60
-0.0416773 12  55
-0.0417207 4  46
-0.0417401 26  76
-0.041759 2  56
-0.0417637 20  59
-0.0417825 16  65
-0.041812 24  51
-0.041848 34  61
-0.0418701 37  69
-0.0419076 5  30
-0.0419968 1  56
-0.042033 25  67
-0.0421158 12  60
-0.0421518 20  76
-0.0422963 16  53
-0.0423982 5  27
-0.0423987 16  58
-0.0424669 19  52
-0.0424715 38  44
-0.0426062 22  46
-0.0426551 7  33
-0.0427669 25  58
-0.0427919 45  50
-0.0428153 0  36
-0.0429126 16  32
-0.0430504 18  60
-0.0430816 18  49
-0.0431084 14  30
-0.04313 15  27
-0.043232 24  50
-0.0432444 60  75
-0.0432623 15  33
-0.0433276 41  67
-0.0433964 12  37
-0.043506 31  57
-0.0436841 32  53
-0.0439759 10  72
-0.0441657 38  60
-0.0442289 9  74
-0.0443506 34  49
-0.0443574 7  62
-0.0444222 21  32
-0.0444233 19  65
-0.0444565 22  55
-0.0444742 24  57
-0.0445882 10  22
-0.0446042 16  44
-0.0446851 45  64
-0.0446945 8  13
-0.044746 24  73
-0.044759 28  34
-0.0448539 8  62
-0.0449029 58  73
-0.0449567 12  62
-0.0449573 11  23
-0.0449995 19  63
-0.0451261 6  73
-0.0451908 12  15
-0.0451982 4  32
-0.0453015 21  39
-0.0453289 30  57
-0.0453597 12  20
-0.0454557 7  50
-0.045472 37  71
-0.0454872 2  44
-0.0455525 36  47
-0.0456137 42  59
-0.0456365 46  56
-0.0456765 14  29
-0.0457585 44  66
-0.0457654 20  71
-0.0457814 42  51
-0.0458086 39  62
-0.0458905 70  71
-0.0459946 43  51
-0.0460628 56  68
-0.046078 49  60
-0.0460867 9  22
-0.0460998 23  48
-0.0461826 21  46
-0.0462068 6  23
-0.0462093 11  15
-0.0462883 30  49
-0.0463668 53  67
-0.0464461 36  44
-0.0466045 9  18
-0.0467092 22  71
-0.0467908 10  23
-0.0467964 22  74
-0.0468032 8  40
-0.0468182 27  60
-0.0468864 20  35
-0.0469145 72  76
-0.0469607 18  65
-0.047088 10  62
-0.047154 38  45
-0.0472164 36  59
-0.0473068 32  77
-0.0473916 31  62
-0.0474708 12  77
-0.0474914 15  45
-0.0475421 32  64
-0.0475664 62  64
-0.0475797 1  20
-0.0475915 14  65
-0.0476065 18  69
-0.047624 28  50
-0.0476289 32  60
-0.0476607 11  73
-0.0479204 23  67
-0.0479998 3  15
-0.048023 40  62
-0.0480245 37  45
-0.0480926 7  38
-0.0481959 21  67
-0.0482484 16  30
-0.048343 20  69
-0.0483634 11  22
-0.0484774 10  33
-0.048516 19  37
-0.0486055 24  62
-0.0486081 7  77
-0.0486343 43  61
-0.0487302 21  45
-0.0487965 43  59
-0.0488028 27  33
-0.0489398 29  60
-0.0491063 51  65
-0.0491386 13  46
-0.049256 14  57
-0.0493316 19  54
-0.0494023 6  52
-0.0494577 25  62
-0.0494624 22  48
-0.0495539 24  61
-0.0495562 15  53
-0.0495724 27  72
-0.0496271 63  67
-0.049718 19  53
-0.0497607 11  38
-0.0497867 56  74
-0.0497931 66  74
-0.0498618 23  70
-0.0499751 6  25
-0.0499935 15  70
-0.0500297 38  67
-0.0500404 42  46
-0.0500735 19  56
-0.0501062 19  64
-0.0501623 8  71
-0.0502432 19  48
-0.0502495 18  66
-0.0503578 33  73
-0.0504751 4  62
-0.0504964 30  71
-0.0505094 62  77
-0.0505373 8  55
-0.0506716 2  71
-0.0507127 5  37
-0.0507307 36  65
-0.0508111 10  25
-0.0508275 17  65
-0.0508854 31  55
-0.0510333 9  64
-0.0510405 29  56
-0.0511108 11  20
-0.0512034 10  29
-0.0512406 23  62
-0.0512617 26  77
-0.0513285 17  56
-0.0514081 68  73
-0.0515521 35  76
-0.0517587 12  23
-0.0517868 25  69
-0.0517959 10  68
-0.0518819 13  63
-0.0519679 19  69
-0.0520564 13  69
-0.052068 7  58
-0.0521861 31  42
-0.0521892 11  49
-0.0522336 21  72
-0.0522904 56  72
-0.0523213 55  74
-0.0523309 28  44
-0.0524394 23  55
-0.05248 3  69
-0.0525427 31  51
-0.0525513 35  75
-0.0526138 23  50
-0.0526541 30  46
-0.0527793 22  69
-0.0528862 6  77
-0.0529398 11  37
-0.0529569 7  67
-0.0529959 45  77
-0.0530011 15  73
-0.0530891 8  67
-0.0531034 8  25
-0.0531326 20  42
-0.0531552 8  23
-0.053296 19  49
-0.0534902 22  45
-0.05358 15  43
-0.0535862 7  65
-0.0537519 33  48
-0.053755 4  12
-0.0537919 31  44
-0.0538089 22  37
-0.0538849 23  58
-0.0539218 20  70
-0.0539276 10  47
-0.0542849 25  48
-0.0543717 2  57
-0.0543945 58  76
-0.0544175 12  43
-0.0545025 39  72
-0.0545091 5  45
-0.0545291 7  55
-0.0545926 6  72
-0.0546794 10  71
-0.0547262 37  54
-0.0548565 30  53
-0.0548873 38  53
-0.0549532 27  75
-0.0549603 0  62
-0.0550005 3  46
-0.0550032 16  31
-0.0550754 2  36
-0.0551175 16  28
-0.0552289 24  43
-0.0553261 19  61
-0.0553468 0  56
-0.0555258 43  47
-0.0556385 20  49
-0.0556976 33  42
-0.0558167 10  20
-0.0558486 30  44
-0.0558712 20  61
-0.0559577 21  31
-0.0559696 19  38
-0.0560346 21  48
-0.0561284 14  72
-0.0561357 63  77
-0.056642 16  25
-0.0566554 18  38
-0.0567665 31  36
-0.0567927 19  57
-0.0568467 52  60
-0.0568566 8  21
-0.056894 49  65
-0.056925 19  66
-0.0571129 23  74
-0.0571598 13  74
-0.0574396 39  71
-0.0574448 42  48
-0.0574451 52  62
-0.0574729 12  26
-0.0575611 5  65
-0.0576145 19  36
-0.0576437 21  56
-0.0576841 20  32
-0.0577035 40  72
-0.057717 59  75
-0.057763 16  69
-0.057838 41  53
-0.0579494 40  42
-0.0579569 11  72
-0.0579619 22  54
-0.0580637 54  64
-0.0580748 8  18
-0.0581007 6  35
-0.0582171 45  75
-0.0582586 36  43
-0.0582791 13  70
-0.0582919 23  46
-0.0584433 23  69
-0.0586298 23  61
-0.0587423 4  28
-0.0588401 9  27
-0.0588472 0  30
-0.0589526 16  48
-0.0589923 39  57
-0.0589969 0  46
-0.0590218 15  57
-0.0590297 5  72
-0.0590359 25  71
-0.0591432 9  28
-0.0593694 30  61
-0.0593927 18  32
-0.0594663 52  72
-0.0595063 22  31
-0.0595902 26  62
-0.0597248 11  57
-0.0597403 19  51
-0.0597583 28  43
-0.0597854 9  41
-0.0599117 45  74
-0.0599956 55  68
-0.0599979 40  49
-0.0600063 8  59
-0.0600317 20  60
-0.0601389 54  58
-0.0601411 2  8
-0.0601838 1  30
-0.0602283 48  61
-0.0602811 4  25
-0.0603722 9  43
-0.0604625 21  50
-0.0605928 7  53
-0.0607609 44  63
-0.0609636 5  67
-0.0610823 13  40
-0.0611701 15  41
-0.0613257 20  37
-0.0613435 25  36
-0.0613453 24  67
-0.0616874 25  68
-0.0617029 18  41
-0.0617488 56  73
-0.0618033 25  46
-0.0618512 4  58
-0.0620275 9  65
-0.06214 0  58
-0.0621584 1  22
-0.0621654 27  67
-0.0621875 3  71
-0.0623161 11  18
-0.0623725 15  48
-0.0623729 15  67
-0.0624974 0  27
-0.0624989 37  61
-0.0627305 17  66
-0.0627969 5  20
-0.0628892 17  50
-0.0629108 33  71
-0.0629337 21  68
-0.0630137 11  66
-0.0631357 63  74
-0.0632313 0  6
-0.0632671 9  73
-0.0632973 40  41
-0.0633545 34  67
-0.0634239 11  24
-0.0634329 6  62
-0.0634405 23  52
-0.0634453 3  49
-0.0635244 16  67
-0.0636295 5  25
-0.0637423 16  62
-0.0638154 24  58
-0.0638831 22  50
-0.0639517 58  72
-0.0639694 29  34
-0.06397 12  45
-0.0639703 65  71
-0.0641449 2  9
-0.0642525 19  32
-0.0643897 0  71
-0.0644445 15  64
-0.0646782 30  68
-0.0647067 26  60
-0.0647667 27  70
-0.0647855 30  65
-0.0648526 23  71
-0.0648766 52  76
-0.0651772 33  43
-0.0652208 42  47
-0.065255 30  54
-0.0653069 15  55
-0.0653074 11  76
-0.0653601 7  75
-0.0653763 16  74
-0.0654613 25  45
-0.0654981 27  73
-0.0655683 3  40
-0.0655732 15  56
-0.0656328 43  77
-0.065736 42  54
-0.0658188 7  73
-0.0660103 25  55
-0.0660135 17  67
-0.0661124 7  72
-0.0661564 46  65
-0.0661713 14  67
-0.066178 57  75
-0.0662151 13  34
-0.0662813 5  24
-0.0664083 42  45
-0.0664316 39  44
-0.0664548 19  41
-0.0664564 24  55
-0.0665994 15  28
-0.0666142 28  62
-0.0667214 35  67
-0.0667275 33  62
-0.0667914 17  57
-0.0668266 34  48
-0.0668554 58  67
-0.0668975 27  46
-0.0669236 33  63
-0.0671253 54  60
-0.0672043 23  45
-0.0672385 35  46
-0.0673287 16  64
-0.0673972 8  22
-0.0674047 61  72
-0.0674189 46  53
-0.0674539 39  70
-0.0674765 6  67
-0.0676286 12  73
-0.0676322 2  15
-0.0677449 39  76
-0.0677557 37  44
-0.0677782 48  57
-0.0679163 13  66
-0.067933 20  66
-0.0679483 30  72
-0.0681761 4  6
-0.0683781 31  53
-0.068402 51  75
-0.0684837 62  76
-0.0685078 0  70
-0.0685377 48  76
-0.0686518 26  45
-0.0688935 18  61
-0.0690045 16  73
-0.0693318 54  59
-0.069439 26  73
-0.0696013 21  69
-0.0696051 5  19
-0.0696968 50  69
-0.0697168 16  51
-0.0697342 44  67
-0.069902 15  29
-0.0700818 2  65
-0.0701386 21  49
-0.07017 38  52
-0.0702214 42  61
-0.0703543 46  75
-0.0703598 14  27
-0.0703903 10  44
-0.0707034 8  72
-0.0709705 22  51
-0.0711753 27  71
-0.0713365 14  51
-0.0713463 8  14
-0.0713731 26  55
-0.0714587 13  39
-0.0715007 33  75
-0.0715052 29  66
-0.0715468 2  46
-0.0715998 50  75
-0.0718406 46  76
-0.0719872 28  46
-0.0720593 0  35
-0.0720835 18  47
-0.0720977 5  50
-0.0721547 52  66
-0.0721857 32  62
-0.0722108 55  76
-0.0722505 39  46
-0.0722677 6  36
-0.0724096 17  26
-0.072413 36  51
-0.0724139 50  65
-0.0724738 60  74
-0.0726276 1  62
-0.072834 20  38
-0.0728552 8  49
-0.0728816 9  30
-0.072924 25  44
-0.0732171 10  43
-0.073385 12  75
-0.0736547 65  70
-0.0737241 22  49
-0.0737531 32  58
-0.073758 4  36
-0.0737853 72  74
-0.0737986 8  54
-0.0739415 10  67
-0.0740095 30  43
-0.0740355 6  69
-0.0740451 26  68
-0.0740811 24  49
-0.0740845 23  65
-0.0740931 47  76
-0.0741088 17  43
-0.0742108 11  46
-0.074275 25  59
-0.0742849 55  64
-0.0742949 41  48
-0.0743227 26  72
-0.074576 28  67
-0.0746268 43  67
-0.0746809 30  64
-0.0747117 17  59
-0.0747358 3  19
-0.0747717 10  76
-0.0747846 0  28
-0.074791 0  9
-0.0748037 2  6
-0.0752065 24  56
-0.0752378 34  72
-0.0753007 62  68
-0.0753331 35  49
-0.0753711 9  57
-0.0754357 28  55
-0.0754635 1  36
-0.0754641 43  65
-0.0755385 6  30
-0.0757055 58  65
-0.0758675 21  38
-0.0759929 10  52
-0.0763555 43  58
-0.0763852 53  70
-0.0764255 13  67
-0.076467 17  62
-0.0765653 24  54
-0.0766436 51  56
-0.0766552 8  20
-0.0766819 9  21
-0.0766819 44  76
-0.0767876 42  68
-0.0770011 26  64
-0.0770496 5  57
-0.0770841 23  57
-0.0770961 13  48
-0.077216 28  36
-0.0774025 22  63
-0.0774275 6  63
-0.0774289 25  76
-0.0774938 62  74
-0.0777126 26  70
-0.077728 5  64
-0.0777668 42  65
-0.0777867 39  60
-0.0778438 5  71
-0.0778757 33  61
-0.0780155 5  54
-0.0783291 10  17
-0.0783306 30  63
-0.078542 69  77
-0.0785427 14  75
-0.0786056 54  76
-0.0786225 24  71
-0.0786599 53  72
-0.0788884 34  62
-0.0790159 57  58
-0.0790469 19  47
-0.0790622 34  74
-0.0791413 26  69
-0.0792123 30  34
-0.0792873 11  69
-0.0792888 26  46
-0.079368 12  64
-0.0795132 26  66
-0.0796172 26  71
-0.0796814 24  74
-0.0797262 12  76
-0.07973 24  46
-0.0798683 6  50
-0.0799791 0  72
-0.0799896 2  61
-0.0802601 10  59
-0.0803448 10  54
-0.0805385 22  57
-0.0805828 38  49
-0.0806978 9  69
-0.0807098 17  46
-0.0809057 14  45
-0.0809118 16  45
-0.0809295 44  58
-0.0811372 22  52
-0.0811872 8  43
-0.0812595 54  72
-0.0813154 6  24
-0.0813388 10  18
-0.0814995 33  39
-0.0816023 34  54
-0.0817689 20  72
-0.0818534 46  77
-0.0818856 1  45
-0.0819074 43  66
-0.08199 5  22
-0.0820776 17  75
-0.0821956 12  36
-0.0823073 23  54
-0.0823087 3  27
-0.0823193 10  57
-0.0825004 46  70
-0.0825451 22  65
-0.0825549 0  69
-0.0826676 4  33
-0.0827098 22  39
-0.0828172 25  70
-0.0828561 26  36
-0.082888 8  24
-0.0829347 22  66
-0.0829663 60  70
-0.0831302 12  21
-0.083385 9  55
-0.0834636 6  19
-0.083513 8  41
-0.0835168 53  57
-0.0835933 7  64
-0.0837916 42  62
-0.0837918 29  40
-0.0839214 26  48
-0.0839263 13  36
-0.0839862 31  73
-0.0840008 17  73
-0.0840774 13  59
-0.0841241 34  42
-0.0841933 31  46
-0.0842949 31  60
-0.0843201 12  38
-0.0843661 13  54
-0.0844105 31  49
-0.0845233 46  54
-0.0846381 20  56
-0.0847426 27  49
-0.084756 24  45
-0.0848897 43  69
-0.0850238 37  67
-0.0851205 12  22
-0.0852176 5  36
-0.0852667 54  65
-0.0854833 42  57
-0.0855313 35  58
-0.085547 31  34
-0.0856214 9  46
-0.0856413 24  66
-0.085676 6  18
-0.085799 17  63
-0.0858103 41  73
-0.0858859 15  36
-0.085927 33  51
-0.085969 15  38
-0.0859696 36  63
-0.0862374 29  41
-0.086476 0  55
-0.0865218 45  76
-0.086598 14  66
-0.0866102 24  65
-0.0867038 31  59
-0.0867162 56  69
-0.0867505 23  39
-0.0867652 8  28
-0.0867691 6  47
-0.086825 8  44
-0.0869399 36  56
-0.0870056 11  48
-0.08721 33  46
-0.0872293 36  42
-0.0873433 60  76
-0.0874046 52  59
-0.0874096 1  59
-0.08747 27  57
-0.0875238 0  32
-0.0877435 51  61
-0.0877504 5  18
-0.0878232 4  45
-0.0878414 3  44
-0.0879512 65  68
-0.0880294 37  57
-0.0880796 19  59
-0.0881316 6  21
-0.0883647 67  75
-0.0884416 28  59
-0.0885093 31  71
-0.0886453 62  75
-0.0886476 25  38
-0.0887771 7  57
-0.0889378 35  54
-0.08898 40  70
-0.0890276 35  73
-0.0890985 13  37
-0.0891088 73  77
-0.08911 56  66
-0.0892837 17  71
-0.0894023 2  76
-0.0895087 47  77
-0.0895614 27  62
-0.0895749 2  25
-0.0895828 11  67
-0.0895986 30  56
-0.0896069 65  75
-0.0896366 11  39
-0.0898017 36  67
-0.0901226 13  49
-0.0901947 50  62
-0.090195 28  54
-0.0902038 12  44
-0.0904476 11  47
-0.0904891 50  77
-0.0905518 8  27
-0.0905539 1  67
-0.0906716 58  68
-0.0908789 42  67
-0.0909312 27  59
-0.0910689 13  33
-0.0911284 37  59
-0.0911473 23  49
-0.0912072 1  43
-0.0912115 69  75
-0.0912249 15  60
-0.0913112 28  60
-0.0913481 13  35
-0.0913546 1  21
-0.0917066 33  55
-0.0918011 17  58
-0.0918081 20  52
-0.0918386 8  31
-0.0918549 14  73
-0.0918753 1  70
-0.0920158 27  66
-0.0920309 4  69
-0.092033 8  56
-0.0921418 14  58
-0.0923727 25  49
-0.0923996 29  49
-0.0924259 9  62
-0.0924372 32  57
-0.0926855 44  54
-0.0928702 71  77
-0.0928908 18  39
-0.0930662 12  53
-0.0931498 14  60
-0.0932392 1  23
-0.0933129 45  51
-0.0935004 30  73
-0.0937443 35  77
-0.0938772 24  41
-0.0939774 25  63
-0.0941206 15  47
-0.0942226 25  57
-0.0942304 59  68
-0.0943162 6  27
-0.0943512 12  27
-0.0944511 7  29
-0.0945387 2  73
-0.094652 32  63
-0.0947792 17  61
-0.0950644 50  73
-0.0952053 27  41
-0.0953009 2  51
-0.0953665 27  50
-0.0953971 15  61
-0.0960851 40  47
-0.0961728 63  65
-0.096194 16  55
-0.0963462 14  56
-0.0964075 29  65
-0.0965352 21  66
-0.0965421 41  63
-0.0965883 3  73
-0.0965929 0  73
-0.0966815 2  54
-0.0969038 20  47
-0.0971866 39  45
-0.0972511 35  45
-0.0972844 39  48
-0.0973431 7  37
-0.0973897 5  46
-0.0975317 26  54
-0.0976839 11  45
-0.0978076 24  47
-0.0978641 24  48
-0.0978716 40  43
-0.0979303 36  70
-0.0979832 10  63
-0.098016 31  69
-0.0982603 37  55
-0.0983435 29  58
-0.0984372 23  66
-0.0984975 6  32
-0.0986493 36  55
-0.098659 25  54
-0.0990135 15  59
-0.0991497 22  38
-0.0992194 17  33
-0.0993707 28  45
-0.0996422 20  65
-0.0996968 2  55
-0.0997907 5  62
-0.100181 30  67
-0.100188 9  38
-0.100316 35  62
-0.100382 9  37
-0.100395 25  66
-0.100473 26  63
-0.100557 2  62
-0.100621 0  67
-0.100746 13  28
-0.100776 14  59
-0.100783 2  52
-0.100858 8  33
-0.100991 31  66
-0.100995 26  49
-0.101159 64  73
-0.101159 1  48
-0.101346 3  67
-0.101352 42  77
-0.10154 9  48
-0.101615 15  26
-0.101761 49  74
-0.101985 13  45
-0.102012 6  41
-0.102051 28  65
-0.102108 31  67
-0.102134 5  55
-0.102254 34  44
-0.102393 13  53
-0.102494 33  56
-0.102497 64  72
-0.102585 23  41
-0.10259 52  73
-0.102661 10  27
-0.102716 20  39
-0.102774 1  73
-0.102828 24  39
-0.102943 36  52
-0.102985 9  68
-0.103065 3  39
-0.1031 8  61
-0.103242 27  45
-0.103276 39  67
-0.103279 5  21
-0.103373 71  76
-0.103377 49  76
-0.103429 1  57
-0.10343 29  55
-0.103613 23  59
-0.103704 23  63
-0.103949 16  60
-0.104005 40  44
-0.10408 15  66
-0.104334 39  52
-0.104368 32  55
-0.104392 21  65
-0.104421 10  28
-0.104712 22  47
-0.104792 49  52
-0.1048 16  49
-0.104804 5  53
-0.104833 53  75
-0.105038 43  76
-0.105059 24  63
-0.105698 5  31
-0.10585 38  40
-0.105966 6  55
-0.106037 16  39
-0.106073 16  59
-0.106093 33  59
-0.106216 27  55
-0.10625 56  70
-0.106469 28  52
-0.106591 34  47
-0.106689 37  70
-0.106742 4  73
-0.10679 45  56
-0.106919 2  67
-0.107157 9  63
-0.107157 7  21
-0.107185 45  58
-0.107395 24  69
-0.107464 11  50
-0.107664 1  55
-0.10767 10  74
-0.107852 7  27
-0.108444 31  33
-0.108509 59  77
-0.108819 53  73
-0.108888 57  60
-0.109017 25  37
-0.109164 57  69
-0.109483 12  33
-0.109505 16  66
-0.109785 30  60
-0.109912 11  60
-0.109916 25  52
-0.109995 0  45
-0.110015 8  63
-0.110113 14  54
-0.110184 31  76
-0.110244 28  70
-0.110261 8  30
-0.110659 14  28
-0.111069 48  50
-0.111121 15  54
-0.111193 26  59
-0.111203 11  70
-0.111359 34  46
-0.111477 29  67
-0.111685 7  66
-0.111827 7  17
-0.112059 42  76
-0.1121 53  62
-0.112204 32  52
-0.112297 60  63
-0.112322 7  35
-0.112327 28  71
-0.112539 5  17
-0.112667 28  69
-0.112691 59  70
-0.112705 38  75
-0.112805 0  50
-0.112849 7  49
-0.11356 7  30
-0.113618 2  64
-0.113708 25  43
-0.113714 4  65
-0.113758 15  63
-0.114127 6  66
-0.114162 12  54
-0.114338 15  49
-0.1144 28  68
-0.114403 39  55
-0.114595 44  49
-0.114609 45  53
-0.114864 6  49
-0.11493 14  37
-0.115399 3  45
-0.115562 12  63
-0.115585 42  56
-0.115951 4  70
-0.116029 33  60
-0.116065 2  60
-0.116068 4  67
-0.116211 9  61
-0.116342 9  77
-0.116352 32  70
-0.116449 10  39
-0.116463 28  42
-0.116464 51  73
-0.116474 31  37
-0.116703 27  56
-0.116772 29  70
-0.116789 26  39
-0.1168 5  47
-0.117069 29  46
-0.117154 10  41
-0.11722 8  29
-0.117279 8  42
-0.117425 33  38
-0.117496 59  64
-0.11756 42  69
-0.117569 39  69
-0.117721 1  50
-0.117774 35  64
-0.117805 33  69
-0.117809 12  68
-0.117881 3  59
-0.117894 33  67
-0.118021 12  66
-0.118223 12  49
-0.118294 27  69
-0.118301 4  38
-0.118714 35  66
-0.118721 23  38
-0.118819 14  62
-0.118836 2  45
-0.118927 6  60
-0.119024 35  41
-0.119186 9  67
-0.119227 57  74
-0.119552 39  51
-0.11983 7  15
-0.119925 5  38
-0.120169 23  47
-0.120212 14  55
-0.120244 29  61
-0.12037 46  50
-0.120401 34  58
-0.12048 31  64
-0.120525 43  49
-0.120542 11  43
-0.120607 26  51
-0.120862 63  68
-0.12095 10  32
-0.121028 8  60
-0.121055 13  72
-0.121251 37  58
-0.121297 27  36
-0.121407 13  61
-0.121445 29  71
-0.121535 25  65
-0.121646 53  63
-0.12205 27  48
-0.122117 5  28
-0.122384 24  38
-0.122967 49  68
-0.123 16  36
-0.123125 33  64
-0.123154 9  54
-0.1234 28  48
-0.123519 24  52
-0.123674 40  53
-0.123818 35  57
-0.123839 64  68
-0.123979 29  45
-0.124132 38  77
-0.124144 31  38
-0.124152 12  30
-0.124566 11  74
-0.124655 46  52
-0.124805 35  61
-0.124876 38  66
-0.125008 41  59
-0.125039 5  76
-0.125062 57  64
-0.125128 40  61
-0.125194 26  47
-0.125306 48  52
-0.125633 54  77
-0.125633 29  36
-0.125666 43  64
-0.125704 3  28
-0.125743 6  40
-0.125744 3  62
-0.125759 16  37
-0.125817 0  48
-0.125876 44  65
-0.126146 32  65
-0.126152 9  70
-0.126301 41  58
-0.126455 58  71
-0.126617 50  76
-0.126668 1  65
-0.126725 34  45
-0.126911 27  51
-0.126986 29  69
-0.127365 31  45
-0.12774 8  77
-0.127902 28  47
-0.128023 57  76
-0.128236 2  63
-0.128304 11  42
-0.128343 0  54
-0.128378 11  30
-0.128588 40  54
-0.128787 46  51
-0.128868 52  61
-0.129127 8  17
-0.129261 9  45
-0.129519 7  43
-0.129664 34  69
-0.129703 11  52
-0.129796 3  53
-0.129832 49  56
-0.129962 42  70
-0.130181 5  63
-0.130214 10  64
-0.130482 30  50
-0.130629 10  53
-0.130849 26  52
-0.130918 31  48
-0.131445 5  59
-0.131797 14  49
-0.132018 31  54
-0.132227 44  51
-0.132417 30  62
-0.13257 32  36
-0.132647 17  72
-0.132662 65  77
-0.132948 29  62
-0.13306 33  70
-0.133339 26  65
-0.133452 3  30
-0.133572 51  71
-0.133637 16  47
-0.133774 26  57
-0.133811 25  47
-0.134081 44  75
-0.134095 26  38
-0.134232 30  45
-0.134457 2  70
-0.134547 8  65
-0.134719 12  57
-0.134745 13  38
-0.135216 39  64
-0.135223 31  63
-0.1354 11  41
-0.135576 4  51
-0.135767 28  49
-0.135826 8  75
-0.135955 34  71
-0.136111 35  51
-0.136174 1  37
-0.136359 43  75
-0.136612 2  53
-0.136617 3  38
-0.136894 5  49
-0.136981 29  48
-0.136993 14  52
-0.137121 1  52
-0.13716 34  70
-0.137324 31  43
-0.137338 7  74
-0.13737 40  69
-0.138054 32  47
-0.13833 59  76
-0.138521 16  52
-0.138697 6  17
-0.138814 3  55
-0.139232 3  48
-0.139514 72  75
-0.139895 27  47
-0.140155 27  38
-0.140257 34  57
-0.14062 40  73
-0.140787 47  75
-0.140901 3  37
-0.140962 28  63
-0.141032 7  34
-0.141302 55  75
-0.14142 32  67
-0.141472 10  30
-0.141483 11  36
-0.141594 32  75
-0.141862 13  57
-0.142147 3  29
-0.142427 13  41
-0.142502 0  59
-0.142529 37  65
-0.14261 9  44
-0.142755 6  53
-0.143076 8  68
-0.143346 29  74
-0.143351 29  57
-0.14367 39  43
-0.143805 4  54
-0.143883 50  71
-0.143906 13  64
-0.144195 14  50
-0.144214 7  54
-0.144648 7  63
-0.144656 14  70
-0.145117 50  60
-0.145387 3  77
-0.145727 30  55
-0.146008 4  48
-0.146127 56  64
-0.146139 28  38
-0.147057 27  43
-0.147115 0  68
-0.147173 9  53
-0.147421 2  37
-0.147659 8  58
-0.148094 1  54
-0.148146 44  70
-0.148333 52  71
-0.148432 7  28
-0.148573 40  64
-0.148657 4  37
-0.148667 46  58
-0.149475 3  50
-0.149789 2  66
-0.149989 0  57
-0.150664 42  64
-0.150698 28  57
-0.150928 8  35
-0.151248 36  75
-0.151251 37  49
-0.151818 33  74
-0.152645 56  76
-0.152737 0  63
-0.153085 30  69
-0.153336 40  67
-0.15356 5  66
-0.153884 3  66
-0.153884 15  50
-0.154218 3  60
-0.154356 33  45
-0.154641 12  70
-0.155944 45  52
-0.156375 9  47
-0.156695 37  43
-0.156819 44  64
-0.157004 36  66
-0.157329 32  46
-0.157376 35  63
-0.157828 27  37
-0.158095 28  66
-0.15812 48  51
-0.158222 3  64
-0.158222 32  45
-0.158801 12  40
-0.158923 32  73
-0.158934 4  52
-0.159048 26  50
-0.159071 8  76
-0.159175 5  74
-0.159761 17  54
-0.160039 39  50
-0.160704 2  33
-0.160795 54  75
-0.16096 9  50
-0.161176 5  40
-0.161204 35  71
-0.161375 43  52
-0.161424 34  63
-0.161778 8  32
-0.161852 61  74
-0.161934 32  51
-0.162178 52  69
-0.162364 7  61
-0.162471 30  36
-0.162489 40  63
-0.162654 0  37
-0.16276 4  63
-0.162961 36  49
-0.163041 8  74
-0.163384 35  69
-0.163509 30  38
-0.163837 29  38
-0.163929 11  53
-0.16439 32  48
-0.165135 2  50
-0.165138 15  37
-0.165242 0  49
-0.165781 33  68
-0.165845 53  59
-0.166109 35  44
-0.166122 34  43
-0.166353 37  66
-0.166888 29  47
-0.167424 33  47
-0.167599 35  70
-0.167986 53  56
-0.168005 5  60
-0.168454 58  64
-0.168847 48  58
-0.168973 35  48
-0.169399 2  49
-0.169623 4  35
-0.169845 1  29
-0.169921 52  63
-0.170601 11  64
-0.170701 0  66
-0.170831 7  68
-0.171614 1  49
-0.172122 1  38
-0.172219 8  34
-0.172876 30  59
-0.173229 7  40
-0.173322 30  37
-0.173638 2  38
-0.174202 29  50
-0.174603 39  75
-0.176221 1  63
-0.176342 9  56
-0.176962 11  65
-0.177212 32  71
-0.179726 30  70
-0.179799 1  77
-0.18028 28  61
-0.180729 16  50
-0.181895 5  26
-0.182413 4  66
-0.18245 40  71
-0.182756 2  72
-0.183078 12  72
-0.183968 27  61
-0.185045 0  38
-0.185913 6  68
-0.186049 5  35
-0.186199 34  59
-0.186216 1  61
-0.186855 32  59
-0.186886 1  47
-0.186943 1  66
-0.19095 36  61
-0.191225 48  56
-0.191764 13  50
-0.192126 30  48
-0.192312 2  47
-0.192511 4  49
-0.19337 32  38
-0.193537 3  70
-0.195977 6  64
-0.19732 52  75
-0.197567 68  70
-0.198096 54  74
-0.198232 44  53
-0.198308 2  35
-0.198409 30  47
-0.198472 3  47
-0.198909 40  48
-0.199748 0  47
-0.200921 27  39
-0.202055 2  39
-0.202535 12  28
-0.204147 32  68
-0.204867 40  46
-0.209822 42  53
-0.20985 70  74
-0.210321 32  72
-0.210461 51  69
-0.210492 58  69
-0.21142 31  47
-0.211828 9  59
-0.213183 40  45
-0.21352 14  40
-0.2153 4  64
-0.216013 43  74
-0.2182 35  53
-0.219235 4  47
-0.225664 12  51
-0.226805 40  59
-0.229289 4  53
-0.22949 53  74
-0.229872 68  76
-0.230181 39  53
-0.231496 64  75
-0.231978 4  50
-0.233378 4  59
-0.23377 64  77
-0.235865 31  61
-0.247285 1  39
-0.255133 64  74
-0.289975 39  58
-0.294526 5  56
-0.335601 39  61
