2.53374 15  38
2.14345 16  37
1.99032 70  79
1.96357 14  39
1.94949 25  66
1.9154 12  40
1.59356 21  29
1.35062 17  36
1.32819 69  80
1.29249 47  54
1.28737 49  50
1.2547 41  59
1.22911 26  65
1.15165 49  51
1.08495 31  32
0.899362 48  53
0.887861 1  91
0.864627 68  81
0.83053 42  58
0.714955 0  92
0.686397 63  65
0.65982 48  49
0.653606 86  87
0.641842 91  92
0.640613 63  84
0.606973 70  80
0.5935 4  88
0.586542 2  90
0.583661 16  17
0.581426 52  53
0.579579 23  24
0.56793 48  51
0.560896 71  78
0.545532 85  87
0.532277 3  89
0.524211 72  73
0.505673 53  54
0.503509 85  86
0.48105 45  47
0.470495 7  85
0.464432 2  4
0.455831 69  79
0.450073 3  4
0.437014 20  30
0.43312 86  88
0.425202 87  88
0.424565 82  83
0.42395 0  1
0.411611 56  57
0.411521 55  57
0.411291 79  80
0.410467 22  84
0.401836 1  2
0.394826 45  54
0.394769 35  57
0.394765 73  74
0.39116 86  89
0.390622 87  89
0.390009 55  56
0.389327 84  87
0.387538 50  51
0.385876 71  73
0.377753 19  20
0.377089 27  64
0.376884 84  86
0.376573 68  82
0.374665 84  88
0.369758 65  66
0.369419 25  26
0.364523 66  67
0.364103 32  33
0.363616 5  6
0.362024 57  58
0.359398 89  90
0.358967 35  55
0.358706 26  66
0.357992 43  44
0.352066 35  56
0.348911 6  10
0.348743 11  43
0.347379 43  46
0.347264 37  39
0.347101 87  90
0.346459 11  44
0.345582 6  43
0.344284 6  11
0.343654 85  88
0.340761 13  22
0.340742 6  44
0.339342 44  46
0.339222 24  66
0.338746 5  10
0.335047 24  25
0.335002 51  52
0.332984 11  46
0.332702 5  11
0.332537 10  44
0.331645 5  43
0.33109 5  44
0.330251 88  89
0.33017 10  11
0.329706 72  74
0.329701 62  63
0.328999 10  43
0.328909 9  63
0.326566 6  46
0.326248 59  60
0.324996 7  39
0.324002 5  46
0.323446 59  65
0.323176 86  90
0.322259 2  3
0.321261 2  39
0.318107 8  62
0.316992 88  90
0.316608 10  46
0.31607 19  43
0.312885 19  44
0.312573 2  7
0.311826 84  85
0.310887 19  46
0.308632 60  65
0.308002 11  19
0.3077 56  58
0.306398 25  65
0.306147 2  27
0.303071 24  67
0.302737 60  63
0.301772 6  19
0.299306 2  49
0.298716 64  65
0.297555 1  4
0.295845 5  19
0.294688 56  59
0.293643 85  89
0.293626 3  40
0.293169 55  64
0.293019 27  48
0.292105 57  64
0.291229 49  52
0.291034 10  19
0.287463 63  64
0.284411 55  58
0.282739 3  12
0.282125 57  61
0.278264 25  67
0.277011 24  62
0.276184 48  52
0.274447 54  72
0.274014 16  36
0.273798 35  58
0.27321 40  68
0.273067 20  43
0.272127 4  68
0.271739 20  44
0.269542 9  84
0.269311 7  13
0.269251 54  55
0.268369 56  64
0.266514 61  64
0.265587 70  71
0.264409 12  68
0.260552 11  20
0.259606 20  46
0.259574 54  57
0.258322 30  43
0.258205 51  53
0.258002 6  20
0.257964 4  13
0.257941 43  45
0.257301 30  44
0.256972 47  53
0.254731 56  61
0.254414 44  45
0.253367 65  84
0.251575 65  71
0.250717 13  27
0.25059 0  2
0.249986 4  40
0.249775 85  90
0.248909 55  61
0.248521 11  45
0.248009 81  88
0.247774 5  20
0.247699 13  65
0.247604 11  30
0.246785 7  25
0.246549 10  20
0.245992 45  46
0.24513 27  29
0.244679 35  64
0.244054 8  66
0.243449 30  46
0.241672 60  66
0.241343 69  71
0.240475 50  58
0.240345 35  61
0.240018 6  45
0.239811 57  60
0.239535 52  69
0.238809 4  12
0.23838 6  30
0.236991 54  56
0.23689 17  38
0.236677 13  21
0.235394 21  27
0.235137 34  44
0.234616 90  91
0.233626 34  43
0.232789 68  69
0.232689 19  30
0.231882 5  30
0.23134 10  30
0.231185 0  63
0.230554 5  45
0.229616 13  40
0.228561 34  46
0.228255 11  34
0.227943 14  41
0.227861 10  45
0.227682 57  59
0.225806 18  41
0.225745 18  31
0.225684 80  81
0.224057 6  34
0.22401 64  66
0.223943 12  13
0.223292 13  39
0.221907 56  60
0.220892 59  61
0.220478 22  82
0.220406 66  83
0.220232 19  34
0.220182 2  48
0.219836 9  41
0.219689 16  39
0.219381 8  22
0.217028 13  29
0.215801 5  34
0.215054 60  61
0.213515 71  74
0.213327 3  90
0.213213 45  59
0.212563 55  60
0.211956 10  34
0.211058 13  75
0.211008 25  27
0.210774 8  84
0.2107 32  80
0.210489 62  83
0.209844 3  41
0.209687 7  21
0.209421 66  68
0.209224 7  28
0.208083 84  89
0.206595 0  51
0.206555 70  72
0.20649 70  73
0.206173 18  19
0.205774 49  53
0.204454 4  82
0.203585 66  72
0.203297 81  82
0.202355 8  26
0.20222 24  82
0.201829 80  82
0.2018 55  59
0.201072 19  45
0.200761 54  59
0.200176 9  60
0.198975 28  46
0.198564 41  45
0.196977 26  71
0.196646 9  62
0.19646 60  84
0.196088 13  53
0.194881 81  89
0.193797 7  29
0.193533 3  13
0.193105 35  54
0.192067 8  51
0.192003 8  63
0.191563 52  55
0.191562 1  92
0.191309 49  65
0.190827 15  17
0.190678 3  7
0.190056 35  59
0.189695 12  25
0.188988 47  72
0.188237 4  75
0.187694 37  75
0.187674 17  37
0.186969 35  60
0.186781 50  72
0.186242 13  14
0.186162 20  34
0.185078 50  74
0.184907 36  68
0.18412 8  16
0.183062 49  72
0.182948 28  44
0.182354 42  49
0.182095 13  70
0.182095 1  12
0.181652 28  43
0.180908 72  83
0.179709 73  92
0.179551 9  27
0.179535 27  39
0.179119 62  74
0.178315 11  28
0.177732 28  64
0.177466 4  22
0.177031 83  86
0.176735 9  67
0.176203 61  63
0.175965 25  83
0.175681 1  80
0.175521 46  47
0.175494 67  72
0.175215 72  78
0.175025 23  65
0.174926 6  28
0.173354 19  36
0.17281 12  27
0.171685 27  40
0.171261 89  91
0.171258 58  64
0.171237 49  74
0.171157 8  75
0.170946 4  7
0.170421 20  45
0.170377 36  45
0.168994 72  79
0.168536 58  61
0.168379 30  45
0.168047 48  67
0.167792 25  40
0.167549 14  29
0.166551 50  52
0.166498 22  68
0.165924 37  38
0.165501 53  75
0.16484 13  62
0.164473 33  83
0.16444 19  28
0.163638 22  80
0.163523 10  28
0.162452 1  40
0.162193 78  91
0.162132 53  70
0.161826 60  62
0.161687 50  67
0.160899 75  76
0.160687 23  87
0.160524 52  58
0.160012 84  92
0.159974 81  86
0.159834 54  71
0.159114 13  92
0.158679 29  39
0.158091 5  28
0.158011 0  14
0.157685 27  41
0.157681 33  75
0.157133 18  34
0.15704 12  91
0.156881 26  50
0.156613 8  37
0.156566 30  34
0.156561 22  79
0.156445 59  77
0.15577 2  51
0.155585 21  39
0.155308 74  78
0.154693 22  63
0.154463 24  84
0.154214 81  87
0.154016 8  13
0.153849 1  71
0.153431 62  68
0.153375 23  86
0.15328 83  87
0.153141 24  78
0.152871 13  82
0.152522 40  91
0.152482 0  71
0.152105 52  79
0.151641 49  59
0.150241 18  36
0.150146 70  91
0.149303 28  66
0.148993 12  81
0.148961 24  63
0.148816 49  71
0.148329 54  92
0.147636 9  65
0.147004 76  77
0.146523 17  27
0.146141 71  79
0.145383 3  39
0.144823 26  53
0.141901 73  91
0.141471 40  81
0.141247 16  31
0.141086 71  80
0.141006 83  89
0.140612 2  75
0.140426 34  45
0.140311 48  80
0.140287 23  32
0.140282 8  12
0.140177 31  82
0.140026 14  21
0.139956 0  47
0.139718 59  63
0.139344 48  92
0.139343 39  66
0.138822 13  80
0.138455 75  78
0.138316 33  74
0.13831 20  36
0.138203 25  48
0.137498 49  67
0.137268 42  43
0.13696 41  42
0.136723 26  59
0.136151 17  33
0.13584 27  75
0.135758 72  80
0.135177 9  10
0.134976 71  76
0.134595 23  84
0.134521 9  22
0.134418 1  75
0.134282 64  67
0.134256 20  28
0.134097 50  73
0.13391 51  73
0.133484 33  52
0.133404 4  17
0.132975 24  83
0.132809 50  65
0.1328 7  64
0.132441 42  44
0.132342 42  46
0.132218 22  24
0.132085 14  19
0.130884 27  46
0.130565 53  65
0.130545 90  92
0.129452 25  72
0.129304 24  52
0.1293 17  39
0.129226 4  5
0.128867 89  92
0.128614 61  62
0.128157 8  33
0.128006 11  42
0.127979 22  67
0.127904 71  72
0.127693 50  53
0.127535 73  79
0.126665 73  78
0.1266 27  43
0.126335 58  59
0.126283 61  65
0.125993 8  40
0.125887 16  38
0.125859 27  44
0.125845 0  39
0.125816 13  33
0.124992 47  92
0.124936 7  14
0.124699 24  54
0.124433 42  50
0.12442 6  42
0.124289 51  71
0.124287 47  48
0.124128 18  20
0.124008 12  14
0.123917 83  88
0.123104 1  78
0.122916 44  47
0.122855 22  60
0.122676 11  36
0.12265 72  88
0.122325 42  59
0.122186 50  60
0.122186 28  69
0.122147 5  26
0.121981 17  62
0.121751 81  92
0.121209 51  54
0.121149 21  24
0.121007 14  90
0.121 0  12
0.120992 7  8
0.120788 7  62
0.12073 27  37
0.120622 62  65
0.120544 32  68
0.120303 2  64
0.120298 41  84
0.120295 1  70
0.120135 10  41
0.120049 8  81
0.119992 43  47
0.119594 0  50
0.119346 0  7
0.118466 41  46
0.117683 41  44
0.117546 16  27
0.117405 60  64
0.117382 11  47
0.116992 5  41
0.116937 28  63
0.116169 5  42
0.115965 23  85
0.115672 62  64
0.115551 6  26
0.115528 32  75
0.115524 62  69
0.115489 69  74
0.115435 26  43
0.115345 32  40
0.115311 10  42
0.115106 62  84
0.115086 41  43
0.115057 16  26
0.115012 33  73
0.114803 11  27
0.114693 22  70
0.114624 6  41
0.114622 33  37
0.114301 84  90
0.114074 2  24
0.1139 28  30
0.11339 58  60
0.113255 4  44
0.113116 6  27
0.113014 9  72
0.112938 52  71
0.112907 78  83
0.112773 19  27
0.112396 79  85
0.112139 4  6
0.111731 48  50
0.111496 79  81
0.111323 22  28
0.110418 13  59
0.110043 25  74
0.109767 31  33
0.109637 25  73
0.109468 26  44
0.108854 48  75
0.108844 21  69
0.108659 6  47
0.108594 86  91
0.108248 11  41
0.108075 4  43
0.10805 48  72
0.10805 28  68
0.108009 24  29
0.107762 58  78
0.107709 26  79
0.107633 53  64
0.107034 82  86
0.107006 28  34
0.106727 5  27
0.106612 51  67
0.10642 6  9
0.106413 31  73
0.106106 47  68
0.106088 10  26
0.106063 17  18
0.106004 28  53
0.105989 4  11
0.105592 1  38
0.105289 73  75
0.105019 13  17
0.104772 36  74
0.104703 36  43
0.104345 75  83
0.104087 10  27
0.104033 69  82
0.104005 3  16
0.10387 4  79
0.103858 6  36
0.103606 48  78
0.103205 0  52
0.103123 28  62
0.102625 67  73
0.102266 16  61
0.101976 39  53
0.101813 9  11
0.101721 31  67
0.101223 12  89
0.100824 53  76
0.100763 11  18
0.100662 12  32
0.100574 81  90
0.100465 36  44
0.100324 1  49
0.100127 79  92
0.0998543 33  49
0.0996751 10  47
0.0995299 49  75
0.099245 65  76
0.0990622 7  63
0.0984813 19  42
0.0984426 29  67
0.0983649 14  15
0.0980777 47  51
0.0978149 81  85
0.0977463 72  91
0.097476 4  10
0.0972717 36  46
0.0970492 26  46
0.0969578 19  26
0.0966951 5  47
0.0965895 45  51
0.0965273 63  88
0.0963423 41  77
0.0963387 2  21
0.0963142 15  16
0.0963083 32  53
0.0962724 4  48
0.0962287 22  62
0.0961449 19  23
0.0956769 82  87
0.0949866 29  46
0.0948735 51  66
0.0947515 16  18
0.0947316 4  37
0.0946018 2  8
0.0945753 52  73
0.0945159 8  83
0.0944344 55  65
0.0942071 11  26
0.0941428 4  16
0.0941159 22  33
0.0938633 3  75
0.0938103 4  46
0.0937116 18  44
0.0935792 22  59
0.0934944 26  51
0.0931912 5  36
0.0927139 5  9
0.0925112 87  91
0.0924362 20  41
0.0924106 16  20
0.0921019 47  59
0.091934 2  35
0.0917482 29  44
0.0911196 18  43
0.0907077 4  90
0.0905195 28  65
0.0904388 26  49
0.0900667 76  78
0.0899515 26  76
0.0898958 27  30
0.0898147 6  29
0.0896477 19  41
0.0894713 14  20
0.0894707 57  65
0.0891804 10  12
0.0891647 11  29
0.0887562 29  43
0.0886958 28  29
0.0884931 54  58
0.0883103 62  67
0.0882936 23  63
0.087918 30  42
0.0878616 29  69
0.0877944 21  46
0.0877717 54  61
0.08776 40  89
0.0874233 10  36
0.0869966 13  26
0.0867531 9  71
0.0865079 50  55
0.0863498 18  35
0.0863484 24  76
0.0860661 41  73
0.0858384 21  43
0.0857785 14  86
0.0857772 34  41
0.0857408 18  37
0.0855799 13  78
0.0854276 82  90
0.0853278 3  35
0.0853078 30  41
0.084868 52  56
0.0846746 8  77
0.0846315 24  72
0.0844743 14  37
0.0843398 49  92
0.083937 9  46
0.0837 24  26
0.083652 48  83
0.0836029 22  25
0.0835386 26  42
0.0834297 22  69
0.0834252 6  21
0.083349 50  92
0.0831651 25  81
0.0831193 0  72
0.0829052 0  24
0.0826696 56  65
0.0825928 83  91
0.0824868 66  81
0.082446 21  44
0.0822866 13  76
0.0822226 62  73
0.0820796 54  73
0.0820446 17  32
0.0820385 18  86
0.0818187 22  72
0.0818013 7  69
0.0817304 79  82
0.0817046 19  47
0.0816092 2  29
0.0815124 11  21
0.0814255 8  42
0.0814162 26  70
0.0813999 36  71
0.08119 14  66
0.0809079 66  71
0.0807832 3  91
0.0807733 17  80
0.0805196 2  31
0.080256 0  77
0.0801534 9  43
0.0798961 18  46
0.0798376 13  37
0.0797063 22  90
0.0795235 20  23
0.0795125 5  29
0.0794935 1  74
0.0794804 1  15
0.0794494 45  62
0.0794332 8  24
0.0790903 13  83
0.0790047 3  27
0.0788685 23  89
0.0787351 34  37
0.0787067 31  83
0.078688 5  21
0.0786206 0  42
0.0785122 20  42
0.0784088 53  73
0.0783222 38  39
0.0782985 81  91
0.0781324 15  35
0.0781023 4  80
0.0780331 36  51
0.0779554 22  87
0.0777734 50  71
0.0775783 59  82
0.0774044 10  29
0.0773042 26  37
0.0772861 52  72
0.0771275 59  76
0.0770838 0  3
0.0770594 79  86
0.0770269 50  54
0.0768233 9  44
0.0767322 47  71
0.0765889 0  65
0.0764553 36  61
0.0759337 67  83
0.0757149 25  51
0.075644 48  70
0.0755372 14  87
0.07552 0  69
0.0747698 84  91
0.0745625 83  85
0.0744681 28  51
0.074317 2  13
0.0742628 6  18
0.0740694 51  83
0.0740324 41  78
0.0737023 7  23
0.0736944 1  28
0.0736847 10  21
0.0735199 52  57
0.0734626 69  70
0.0733483 12  63
0.0733209 82  89
0.0731344 67  82
0.0729443 3  56
0.072857 19  29
0.0726392 45  53
0.0724743 60  67
0.0724525 13  16
0.0723375 30  36
0.072192 21  67
0.0718283 64  72
0.0716934 18  59
0.0714942 70  78
0.0713045 0  54
0.0712918 14  40
0.0712387 34  42
0.0707741 64  68
0.0707705 51  63
0.0706157 2  15
0.0705762 53  83
0.0702197 33  36
0.0701104 14  70
0.0700148 22  85
0.0699202 24  65
0.0693781 0  58
0.0693365 28  61
0.0692218 60  88
0.0691941 63  66
0.0689942 54  68
0.0689821 76  83
0.068881 66  82
0.0687264 53  55
0.0686534 9  31
0.0685407 31  62
0.0684595 23  43
0.0681739 19  21
0.0679987 69  76
0.067939 63  68
0.0679168 5  18
0.0678634 25  59
0.0678571 18  30
0.0672599 40  43
0.0671975 42  85
0.0670504 20  27
0.0668085 40  63
0.0667783 17  31
0.0661191 2  14
0.0661077 18  87
0.0660341 3  15
0.0658537 38  55
0.0658436 21  28
0.0657881 51  75
0.0653317 26  75
0.0652353 47  49
0.0651133 72  76
0.0649199 54  64
0.0645173 4  19
0.0644605 69  92
0.0643639 28  37
0.0643579 31  91
0.0643475 38  92
0.064204 23  44
0.0640843 17  69
0.0635962 3  37
0.0635879 32  52
0.0633114 41  76
0.0633108 72  81
0.0632908 10  18
0.0631423 53  72
0.0630563 15  87
0.062951 16  82
0.0625787 18  56
0.062298 29  34
0.0622847 14  62
0.0622291 24  39
0.0621857 79  91
0.0618806 2  38
0.0617363 36  65
0.0616651 74  75
0.0616472 1  65
0.0614487 17  75
0.0614194 53  79
0.0612592 14  38
0.0612546 10  40
0.0612091 80  88
0.0611644 67  69
0.0609776 23  38
0.0609606 26  48
0.0606979 1  84
0.0605789 6  12
0.0605392 8  80
0.0605122 15  31
0.0605031 85  91
0.0604999 0  40
0.0604689 50  57
0.0603825 6  40
0.060365 25  82
0.0600685 22  40
0.0597386 45  52
0.0597381 38  89
0.0596238 58  71
0.0594366 62  82
0.0593992 13  52
0.0593126 24  41
0.0590292 21  35
0.0587408 61  88
0.0586983 33  88
0.0584046 0  8
0.0581926 33  72
0.0581346 59  64
0.0581018 15  58
0.0579735 82  88
0.0578211 31  37
0.0577989 30  47
0.0576537 47  74
0.0576338 15  55
0.0574953 38  87
0.0573841 39  41
0.0572777 33  71
0.0572039 80  86
0.0571682 15  89
0.0570244 79  87
0.0570184 35  50
0.0570088 34  36
0.0569814 5  12
0.0568636 21  34
0.0568389 65  67
0.0568262 35  36
0.0565743 7  51
0.0562852 36  38
0.0559236 8  68
0.0557928 76  88
0.0554322 15  92
0.0554307 48  71
0.0553856 20  47
0.0553292 18  57
0.0552819 9  88
0.0551967 5  40
0.0551862 74  76
0.0551387 65  88
0.0550624 23  46
0.0549687 16  48
0.0547026 11  40
0.0545582 11  23
0.0545491 1  33
0.0545137 17  78
0.0543666 12  22
0.0541962 35  52
0.0541599 1  39
0.053948 8  45
0.0539032 72  92
0.0538977 15  47
0.0537673 40  44
0.0536438 28  67
0.0535636 26  88
0.0535332 77  78
0.0535282 24  61
0.0534643 68  92
0.0533256 7  67
0.0532816 50  56
0.0530726 13  31
0.0530101 54  74
0.0529514 7  48
0.0528297 20  29
0.0527968 47  50
0.0527357 18  21
0.0527276 73  83
0.0526235 31  50
0.052572 76  92
0.0524145 4  30
0.0523954 53  62
0.0523403 53  91
0.0521284 0  73
0.0520583 29  86
0.0520424 65  70
0.052029 8  50
0.051999 67  92
0.0519861 74  81
0.0518613 50  68
0.0516762 33  68
0.051643 3  53
0.0516424 51  74
0.0516277 83  90
0.0514466 4  20
0.0514311 71  77
0.0514242 78  92
0.0513627 40  46
0.051348 51  82
0.0513301 71  92
0.051227 6  23
0.0511339 2  9
0.051115 57  67
0.0510538 15  91
0.051039 11  12
0.0508013 39  55
0.0507447 36  59
0.0507133 27  34
0.0505538 68  80
0.050489 9  30
0.0504841 28  32
0.0502744 39  70
0.05018 1  48
0.050128 51  65
0.0497738 59  72
0.0497128 82  85
0.0495049 52  92
0.049253 33  54
0.04913 18  55
0.0490838 52  76
0.0488897 29  30
0.0487511 1  88
0.0487408 29  35
0.0487227 78  81
0.0485516 80  85
0.0484048 9  74
0.0483511 13  67
0.0483017 59  67
0.0482958 37  82
0.0482244 70  77
0.048073 36  55
0.0480242 49  80
0.0480161 2  61
0.0479226 26  83
0.047481 18  29
0.0474728 24  51
0.0474541 24  69
0.0473432 57  63
0.0473391 29  87
0.0472485 1  37
0.047155 74  92
0.0471284 21  86
0.046641 27  31
0.0463647 41  88
0.0462393 0  33
0.0460125 20  21
0.0459667 27  57
0.0459528 68  91
0.0459368 21  30
0.0458824 12  62
0.0456962 32  72
0.045397 67  74
0.0453163 0  64
0.0452098 39  62
0.0451592 1  17
0.0451316 20  26
0.0450654 31  63
0.044998 80  83
0.0446786 4  34
0.0446444 52  78
0.0446114 1  53
0.0445514 51  92
0.0442509 60  79
0.0442009 32  39
0.0441963 48  74
0.0441555 28  41
0.0441426 65  82
0.0440873 26  30
0.0440763 31  75
0.0439433 21  61
0.0438983 52  63
0.043751 70  74
0.0434591 32  54
0.0433733 10  23
0.0432969 29  41
0.0432762 27  35
0.0432528 63  92
0.0431619 68  72
0.0431572 40  45
0.0431157 16  75
0.0429986 74  80
0.0428358 16  77
0.0427257 80  91
0.0426065 55  67
0.0423923 33  41
0.0421099 41  47
0.0420663 32  41
0.0420464 29  61
0.0418494 31  77
0.0417927 16  47
0.0417426 56  63
0.0416843 56  75
0.0416843 32  35
0.0416663 61  87
0.0415046 55  63
0.0414309 17  24
0.04142 37  78
0.0413755 24  75
0.0413009 73  77
0.0411315 36  87
0.0409281 73  76
0.0406512 52  54
0.0406438 8  23
0.0406404 22  66
0.040348 80  87
0.0402486 26  34
0.0401171 5  23
0.0399668 13  23
0.0399431 1  50
0.0399329 24  60
0.0399301 1  73
0.0398571 52  64
0.0396372 42  45
0.0395617 4  27
0.0395402 41  83
0.0394798 31  72
0.0393964 38  86
0.0392551 79  83
0.0391823 17  35
0.039177 16  56
0.0390164 88  91
0.0388593 23  60
0.0388454 3  81
0.0388038 9  19
0.0387845 66  78
0.0386848 12  43
0.0385639 2  62
0.0384415 15  86
0.0383805 71  90
0.0383667 23  31
0.0383557 7  68
0.0383529 34  35
0.0383161 9  32
0.0378647 68  88
0.0376328 66  92
0.0375918 35  38
0.0375638 52  66
0.0373951 76  79
0.0373825 39  90
0.0373803 38  58
0.0373557 7  12
0.0372705 31  39
0.0371873 3  38
0.0370355 28  45
0.0365276 31  74
0.0364596 32  74
0.0363747 52  82
0.0361783 45  74
0.0359994 26  32
0.0359535 8  76
0.0359526 56  67
0.0359418 35  67
0.0359155 2  68
0.0358173 33  78
0.0356596 32  69
0.0355063 77  88
0.0354619 27  84
0.0353666 12  44
0.0350463 34  93
0.0350221 53  77
0.0350093 0  83
0.0349877 2  57
0.034967 35  65
0.0349175 2  37
0.0348459 62  81
0.0347164 9  50
0.0346664 81  83
0.0345887 15  23
0.0345169 25  28
0.0345114 22  23
0.0344349 77  83
0.0344173 67  77
0.0341122 78  88
0.0341017 31  76
0.0339383 0  80
0.0338498 36  92
0.0337639 21  87
0.0337371 1  22
0.033605 14  25
0.0335005 69  88
0.0334988 12  46
0.0334975 15  37
0.0333663 16  55
0.033357 23  51
0.0333428 74  82
0.0333279 58  62
0.0332121 49  73
0.0332098 34  47
0.0330917 68  90
0.0329529 14  43
0.0329233 14  53
0.0328536 22  88
0.0327462 15  57
0.0325494 32  77
0.0322196 65  72
0.0321784 9  51
0.0320314 45  90
0.0320263 34  56
0.0319351 13  68
0.0318989 38  47
0.0318297 53  57
0.0317875 76  91
0.0316638 1  66
0.0315878 8  21
0.0315809 80  92
0.0315536 10  93
0.0315192 31  58
0.0313855 30  93
0.0311821 46  93
0.0311133 28  48
0.0310862 21  75
0.0310443 13  71
0.0310019 0  37
0.0308594 32  92
0.0308224 23  30
0.0307765 41  64
0.0306162 5  93
0.0305976 71  82
0.0305848 39  56
0.0305321 6  93
0.0304145 40  62
0.0303601 15  39
0.0303233 43  93
0.0302396 25  78
0.0302101 54  79
0.0301834 62  66
0.0300912 0  75
0.0300273 12  45
0.0298908 51  78
0.0297782 11  93
0.0297521 61  69
0.0297349 48  84
0.02961 23  90
0.0296045 66  88
0.0295987 0  91
0.0295892 44  93
0.0295355 33  61
0.0295112 8  52
0.0294544 52  75
0.0294164 50  79
0.0293657 36  86
0.0290126 0  21
0.0289334 9  73
0.0289081 18  93
0.0288696 37  48
0.0288022 20  93
0.0287833 26  67
0.0286709 19  93
0.0286683 4  39
0.0286565 8  29
0.0283438 33  39
0.0282794 65  91
0.0281195 23  34
0.0281167 8  9
0.028013 4  81
0.0279822 16  74
0.0278896 31  88
0.0277402 14  44
0.0277378 3  17
0.0276327 86  92
0.0273849 27  55
0.0273563 19  40
0.0272593 24  55
0.0271861 32  89
0.0270816 60  71
0.0270398 3  20
0.0270358 34  38
0.0267608 7  65
0.0267442 56  73
0.0266807 67  91
0.0266782 14  85
0.026534 71  83
0.0265169 16  41
0.0262891 9  20
0.0259948 18  85
0.0259779 58  63
0.0259652 42  78
0.0259244 32  79
0.0258487 85  92
0.025765 29  75
0.0257606 12  70
0.0257386 1  81
0.0257309 37  41
0.0256506 74  91
0.0255676 22  86
0.0254975 13  47
0.0253987 7  42
0.0253965 9  42
0.0253946 75  77
0.0253706 49  78
0.0253502 76  90
0.0251995 48  73
0.0250884 64  79
0.0247066 7  26
0.0247012 28  52
0.0245354 14  46
0.0244483 83  84
0.0244014 14  18
0.02438 78  84
0.0242776 78  82
0.0242685 65  80
0.0242331 32  36
0.0240854 11  33
0.02391 3  57
0.0237113 37  83
0.0235721 1  63
0.0235314 9  61
0.0234621 6  14
0.0232847 49  62
0.0232335 80  90
0.0229627 48  62
0.0228627 2  55
0.0227882 3  8
0.0227614 23  69
0.0227419 27  61
0.02274 47  73
0.0227061 35  39
0.0226406 15  33
0.0225749 31  84
0.0224546 0  82
0.0223693 66  89
0.0222137 13  66
0.0221257 32  34
0.0220327 50  78
0.0219792 74  77
0.0219637 42  86
0.0219124 18  90
0.0218946 61  67
0.0218095 62  78
0.0217844 24  56
0.0215934 29  33
0.0215404 42  93
0.021198 40  69
0.02117 0  76
0.0211341 11  14
0.0211017 77  92
0.0210702 36  41
0.0207549 51  62
0.0206051 23  93
0.0205305 70  82
0.0203629 32  71
0.0202633 48  54
0.0202225 4  49
0.0202169 17  22
0.0201359 62  72
0.0201268 23  50
0.0199578 14  81
0.0198659 48  60
0.019782 22  74
0.019754 3  30
0.0197118 48  82
0.0196403 48  64
0.0196324 51  80
0.0194327 17  63
0.0194133 49  76
0.019399 28  86
0.0193985 33  69
0.019316 45  93
0.0192721 0  17
0.0192486 59  66
0.0191446 14  23
0.0191279 15  41
0.0189758 0  59
0.0189058 71  91
0.0188884 8  82
0.0188354 7  75
0.0188044 4  89
0.0187875 54  91
0.0184651 4  84
0.0184226 23  83
0.0183251 8  25
0.0182928 12  75
0.0182608 18  27
0.0182311 50  75
0.0180595 18  60
0.0179218 36  85
0.0177841 1  13
0.0177329 17  76
0.0177058 71  84
0.0173203 53  63
0.0172704 29  45
0.0171744 49  83
0.0170962 12  92
0.0170774 67  68
0.017061 76  80
0.0170365 17  74
0.0169731 51  64
0.0167186 53  58
0.0165867 21  33
0.0165193 36  81
0.0162812 77  82
0.016233 28  93
0.0162143 31  47
0.0161146 50  76
0.0160633 62  80
0.016049 0  26
0.0160361 3  23
0.015949 1  9
0.0158933 67  78
0.0158876 14  31
0.0158235 32  50
0.0158066 47  93
0.0157969 7  37
0.0157827 37  58
0.015764 23  66
0.0157181 1  68
0.0155848 41  91
0.0154414 30  56
0.0152531 15  48
0.0150768 56  93
0.0150259 41  67
0.014995 6  33
0.0148674 9  93
0.0148433 42  79
0.0147775 21  41
0.0146592 70  92
0.0146451 9  66
0.0145184 0  29
0.0144084 40  42
0.0143803 4  25
0.0143149 3  92
0.0142942 28  87
0.0142768 1  72
0.0142552 61  86
0.0142455 57  93
0.0141865 30  35
0.0141742 1  31
0.0141425 33  67
0.0141061 7  61
0.0140679 17  21
0.0139882 54  78
0.0139621 78  89
0.0139144 30  74
0.0137956 15  75
0.013782 12  69
0.0137172 33  43
0.0137035 60  92
0.0136766 16  23
0.0135365 55  93
0.0135004 52  83
0.0134667 35  93
0.0132098 60  70
0.0131403 2  91
0.0131187 50  85
0.0130647 12  19
0.0130394 21  45
0.0130381 40  70
0.012876 0  79
0.0128524 67  71
0.012816 20  37
0.012738 24  81
0.0127359 15  18
0.0126886 27  73
0.0126463 5  14
0.0126456 2  12
0.0125835 17  42
0.0125271 16  57
0.0123408 32  67
0.0121569 22  36
0.0119577 1  7
0.011888 0  27
0.0118429 68  77
0.011776 31  55
0.0117077 17  56
0.0117007 38  93
0.0116631 0  74
0.0116561 14  42
0.0116338 33  44
0.0116248 49  70
0.0114024 34  55
0.0113946 21  31
0.0112161 16  68
0.011176 29  85
0.0111518 51  72
0.0110009 3  93
0.0109682 5  38
0.0108753 51  77
0.0108224 58  67
0.0107165 20  40
0.0106601 33  42
0.010634 15  93
0.010627 57  87
0.0106004 31  56
0.0105051 36  70
0.010215 40  75
0.010117 24  77
0.0101167 34  40
0.01007 17  23
0.00998771 69  85
0.00968727 9  35
0.0096764 36  52
0.00960873 79  88
0.0094739 27  45
0.0094172 31  53
0.00939238 25  56
0.00930225 18  69
0.00917545 29  31
0.00915206 18  75
0.00914636 34  57
0.00897536 14  93
0.00896718 18  91
0.00896679 58  75
0.00892851 8  64
0.00888872 11  38
0.00888023 36  57
0.00887251 0  53
0.00886811 18  61
0.00869466 24  71
0.00868553 33  46
0.00858984 22  81
0.00857405 25  77
0.00846029 68  89
0.0084198 32  61
0.00820532 32  91
0.00806658 14  69
0.00803715 10  14
0.00791874 35  37
0.00791375 49  58
0.00783234 7  53
0.00782624 42  87
0.00782447 32  42
0.00775729 61  83
0.00771882 26  72
0.00769065 3  31
0.00760833 61  93
0.00755653 77  79
0.00744551 60  85
0.00739614 61  85
0.00738539 3  52
0.00736452 1  85
0.00732272 74  89
0.00730816 53  66
0.00730741 3  6
0.00726823 38  91
0.00725533 21  93
0.00724137 64  78
0.0071269 27  93
0.00706536 70  88
0.00687582 23  80
0.00672456 38  42
0.00671871 3  32
0.00665194 17  91
0.00644782 16  35
0.00643444 3  5
0.00635324 13  55
0.00625839 24  58
0.00624958 29  93
0.00615397 29  68
0.00610498 75  92
0.00594046 33  93
0.00587241 21  23
0.00583643 81  84
0.00576921 25  31
0.0057236 8  72
0.00571685 17  65
0.00570434 74  83
0.00564911 13  81
0.0055958 21  85
0.00549049 87  92
0.0054754 3  45
0.00546312 7  10
0.00526483 54  77
0.00518881 69  78
0.00506493 15  36
0.00491951 18  89
0.0048402 67  84
0.00477851 87  93
0.00463408 37  87
0.00462925 17  83
0.00459178 67  79
0.00451451 18  45
0.00449265 33  79
0.00449145 60  93
0.00444294 25  58
0.00440542 15  42
0.00431566 26  93
0.00431121 40  88
0.00423677 3  26
0.00423392 4  42
0.00421498 24  57
0.00414041 8  65
0.00412933 30  77
0.00409965 16  76
0.0040879 78  85
0.00389128 30  40
0.00388119 23  88
0.00384635 17  29
0.00381937 58  93
0.00381151 16  83
0.00377269 49  77
0.00372592 61  68
0.0035704 72  75
0.00350387 52  88
0.00346818 48  69
0.00344706 7  40
0.0034464 5  33
0.00335752 34  39
0.00333466 35  53
0.0032424 38  44
0.00321184 28  31
0.00318263 78  79
0.00314816 79  89
0.00312548 15  34
0.00305556 54  88
0.00304178 33  76
0.00303706 14  89
0.00302391 37  57
0.0030238 36  91
0.00297836 69  91
0.00283827 61  73
0.00280224 38  68
0.00272214 0  13
0.00271601 51  70
0.00271171 39  93
0.00256445 39  87
0.00252826 50  77
0.00243673 38  57
0.0024244 86  93
0.00239751 60  72
0.00238884 3  10
0.0023129 3  55
0.00222513 7  93
0.0022135 47  52
0.00221296 14  30
0.00215861 30  37
0.00198324 5  7
0.00196413 52  77
0.00192606 15  56
0.00171215 7  86
0.00170552 64  69
0.00168305 22  89
0.00152738 16  34
0.00150736 0  41
0.00146555 49  60
0.00141994 48  79
0.00136599 9  34
0.00124187 75  81
0.00122317 37  85
0.00121447 23  48
0.00105717 37  50
0.00104975 68  78
0.0010407 59  84
0.000960534 56  87
0.000954428 51  90
0.0009117 20  49
0.000873769 12  88
0.000802964 53  78
0.000771708 32  73
0.000758561 85  93
0.000752127 75  79
0.000584622 18  80
0.000501563 50  61
0.000456675 0  15
0.000405467 9  48
0.000382443 64  93
0.000366718 9  26
0.000355057 1  34
0.000288718 67  70
0.000224757 28  83
0.000118869 7  70
7.7435e-05 25  53
-1.93966e-05 3  68
-0.000135941 66  74
-0.000142026 38  48
-0.000204971 66  77
-0.00021203 70  76
-0.00021445 7  41
-0.000261108 9  70
-0.000347573 3  46
-0.000379026 8  39
-0.000399894 20  77
-0.00047381 36  93
-0.000539153 36  77
-0.000560744 16  63
-0.000699187 38  75
-0.000783467 12  90
-0.000817609 30  32
-0.000863127 12  20
-0.000886266 1  52
-0.00101955 31  54
-0.00110559 21  68
-0.0011078 34  77
-0.00110892 11  15
-0.00113133 33  59
-0.0014735 37  74
-0.0015532 50  82
-0.00156763 7  18
-0.00158791 23  67
-0.00164114 23  29
-0.00169024 23  37
-0.0018475 25  89
-0.00186581 14  33
-0.00191521 39  86
-0.00197594 32  56
-0.00199547 7  32
-0.00201628 58  69
-0.00214037 50  66
-0.00217291 10  33
-0.00225216 3  33
-0.00228721 6  38
-0.00236504 66  73
-0.00237271 25  32
-0.00242069 36  80
-0.00249413 53  56
-0.00257835 75  88
-0.00260299 12  34
-0.00271768 9  45
-0.00276952 77  93
-0.00279095 3  21
-0.00284656 5  15
-0.00298927 4  93
-0.00309486 33  51
-0.00311712 49  69
-0.00317443 2  25
-0.0033305 43  85
-0.00339094 60  77
-0.00339881 76  93
-0.0034674 42  48
-0.00349363 41  69
-0.00357556 35  87
-0.00363971 68  85
-0.00368345 90  93
-0.00373521 61  74
-0.00382498 17  81
-0.00397291 52  65
-0.00400136 12  30
-0.00402714 31  78
-0.0043952 55  62
-0.00441797 48  88
-0.00447585 7  87
-0.00449964 51  76
-0.00468607 13  64
-0.00469882 30  76
-0.0047072 15  85
-0.00473755 83  92
-0.0047864 24  38
-0.00487082 3  49
-0.00498382 32  57
-0.00511155 17  82
-0.00511187 7  66
-0.00518178 8  10
-0.00526488 54  76
-0.00527672 38  46
-0.00539438 9  82
-0.00541803 1  69
-0.00546595 7  16
-0.00552838 14  68
-0.00555239 89  93
-0.00563737 2  73
-0.00564343 77  91
-0.00566704 9  55
-0.00582885 19  38
-0.00584825 25  42
-0.00594525 14  17
-0.00599362 25  63
-0.00600092 25  76
-0.00607975 24  27
-0.0061464 43  87
-0.00630489 41  93
-0.00633934 26  62
-0.00639495 82  91
-0.00643682 12  93
-0.00647489 39  42
-0.00656511 2  22
-0.00656958 40  92
-0.0066393 12  41
-0.00669757 38  56
-0.00676452 19  33
-0.00676633 49  82
-0.00677335 17  89
-0.00682329 37  53
-0.00682936 0  78
-0.0068827 66  75
-0.00689812 18  42
-0.00690231 37  56
-0.00693544 13  85
-0.00694439 77  80
-0.00694482 42  73
-0.00697923 17  79
-0.00699521 49  81
-0.00699659 0  67
-0.00703345 13  48
-0.00704768 70  85
-0.00709337 69  75
-0.0071356 22  65
-0.00732156 76  84
-0.00737866 1  27
-0.00754119 0  18
-0.00775571 18  88
-0.00778074 10  90
-0.00783074 56  77
-0.00786019 40  93
-0.00786547 58  65
-0.00796879 29  42
-0.00797327 40  90
-0.0080315 10  77
-0.00814168 59  69
-0.00820254 2  18
-0.00824027 36  56
-0.00834081 68  71
-0.00840452 15  44
-0.00858752 61  89
-0.00866661 59  78
-0.00868808 63  71
-0.00880344 33  50
-0.00884511 32  78
-0.00884862 65  79
-0.00885087 54  93
-0.00889353 46  77
-0.00896634 35  63
-0.00901796 4  77
-0.00915463 33  60
-0.00915725 28  85
-0.00916364 1  76
-0.00938376 26  58
-0.00955117 8  91
-0.00957648 22  93
-0.00958317 15  64
-0.00958617 42  88
-0.0095973 8  90
-0.00963351 56  62
-0.00967327 58  79
-0.00972665 13  77
-0.00977641 27  62
-0.00981236 63  78
-0.00990938 31  93
-0.00992985 57  86
-0.0099449 20  83
-0.00999064 58  82
-0.010007 0  32
-0.0100129 44  85
-0.0100376 17  92
-0.010059 3  83
-0.0100758 25  70
-0.0101038 32  93
-0.0101078 5  77
-0.0101429 4  45
-0.0101504 20  76
-0.0101809 6  77
-0.0102268 82  84
-0.010237 88  92
-0.0103696 26  41
-0.0104202 55  77
-0.0104226 43  90
-0.0104391 2  28
-0.0104581 31  79
-0.010647 42  74
-0.0106566 36  76
-0.0107137 37  77
-0.0107267 18  67
-0.0107965 70  81
-0.0109665 44  87
-0.0110739 28  49
-0.0110952 84  93
-0.0111021 2  52
-0.0111175 38  43
-0.011252 77  84
-0.0113438 44  90
-0.0113549 6  7
-0.011375 37  93
-0.0113842 30  57
-0.0116287 36  64
-0.0117748 18  74
-0.0118086 39  57
-0.0118794 38  64
-0.0118912 3  43
-0.011909 0  38
-0.0119109 21  48
-0.0119724 80  89
-0.012036 63  93
-0.0120824 34  76
-0.0121428 43  77
-0.0121428 21  57
-0.0121582 37  64
-0.0122147 11  77
-0.0122574 36  42
-0.012294 32  60
-0.0123566 45  92
-0.0124148 18  83
-0.0124369 44  77
-0.0124676 38  41
-0.0125006 81  93
-0.0125109 16  87
-0.012517 34  86
-0.0125442 0  81
-0.0125855 47  77
-0.0127217 17  77
-0.0128383 32  83
-0.0128469 27  58
-0.0129159 2  93
-0.013019 46  90
-0.0130252 19  77
-0.0130464 29  48
-0.0131033 15  68
-0.0131805 52  93
-0.0132334 42  71
-0.0132873 18  64
-0.0132964 52  68
-0.013301 20  38
-0.013328 27  79
-0.0133317 26  45
-0.0133558 10  85
-0.0133689 30  86
-0.0133717 32  82
-0.0133781 53  67
-0.0133829 18  77
-0.0134189 32  65
-0.0134541 32  38
-0.0135902 9  75
-0.013649 23  72
-0.0136909 31  35
-0.0137148 8  17
-0.0137831 65  68
-0.0138888 12  42
-0.0139406 3  11
-0.0139477 31  34
-0.0140524 50  69
-0.0140813 10  87
-0.0141026 4  54
-0.0141906 3  25
-0.0142442 75  93
-0.0143515 57  77
-0.0143663 30  83
-0.0143809 12  59
-0.0143981 91  93
-0.0144211 3  74
-0.014428 20  33
-0.0144516 16  71
-0.0144536 3  29
-0.0146515 31  90
-0.0147011 37  42
-0.0147714 51  91
-0.0147811 3  70
-0.0148043 30  87
-0.0148868 21  42
-0.0149066 36  47
-0.0149236 23  39
-0.014961 0  45
-0.0149806 57  62
-0.015084 13  63
-0.0151342 42  76
-0.0152217 61  76
-0.0152505 58  76
-0.0152775 15  73
-0.0153404 59  62
-0.0153467 66  90
-0.0153477 8  73
-0.0154303 33  34
-0.0154928 15  46
-0.0155499 24  90
-0.0157745 17  49
-0.0157875 46  87
-0.0158179 5  90
-0.0159539 25  33
-0.0160272 30  33
-0.0161092 67  81
-0.016183 33  35
-0.0161833 25  68
-0.0162261 17  70
-0.0163219 74  93
-0.0163381 80  93
-0.0163407 16  93
-0.0164348 50  81
-0.016484 2  53
-0.0165429 6  8
-0.0165543 6  15
-0.0165548 8  32
-0.0165865 31  57
-0.0166008 20  35
-0.0166055 3  66
-0.0166143 19  22
-0.0166302 32  76
-0.0166897 34  75
-0.016736 88  93
-0.0167682 83  93
-0.016815 48  76
-0.0169069 40  86
-0.0169906 13  91
-0.0170269 2  60
-0.017208 53  74
-0.0173523 39  59
-0.0174145 23  70
-0.0174555 35  42
-0.0174598 7  82
-0.0175859 33  77
-0.0177438 44  86
-0.0178036 43  86
-0.017888 54  60
-0.0179078 15  24
-0.0179286 26  73
-0.0180005 3  44
-0.018021 74  85
-0.0180307 37  52
-0.0180796 1  83
-0.0181066 58  86
-0.018124 9  57
-0.0181344 11  90
-0.0182484 75  82
-0.0182556 82  93
-0.0182674 78  93
-0.0184185 9  77
-0.0184258 5  85
-0.01845 34  87
-0.0184734 69  93
-0.0184997 11  85
-0.0185539 53  82
-0.0186671 78  80
-0.0187226 31  45
-0.0187367 8  92
-0.018778 2  58
-0.0187834 9  59
-0.0187891 40  59
-0.018805 77  90
-0.0188155 58  88
-0.0188205 46  85
-0.0188255 42  54
-0.018854 44  89
-0.0188653 45  89
-0.0189305 33  47
-0.0189732 26  56
-0.0190007 77  85
-0.0190769 23  64
-0.0191355 36  66
-0.0191457 15  43
-0.0192045 76  89
-0.0192296 6  85
-0.0193508 12  48
-0.0193615 68  93
-0.0193623 31  89
-0.019405 9  92
-0.0194597 70  86
-0.0194689 30  38
-0.0195454 58  77
-0.0196085 21  89
-0.0196172 12  35
-0.0197536 50  64
-0.0197878 20  73
-0.0198745 79  93
-0.0199165 14  77
-0.0199184 61  80
-0.0199925 10  86
-0.0200758 77  87
-0.0201279 33  63
-0.0201597 68  73
-0.0203005 48  61
-0.020393 59  93
-0.0204013 68  76
-0.0205511 10  38
-0.0206059 6  90
-0.020619 5  87
-0.0206429 18  68
-0.0207754 67  93
-0.020795 61  84
-0.0208678 1  93
-0.0208818 40  41
-0.0209872 92  93
-0.021008 8  93
-0.0210095 55  87
-0.0210823 47  81
-0.0211074 39  77
-0.0211249 17  93
-0.0211435 23  56
-0.0212549 9  83
-0.0213086 35  77
-0.0213089 21  88
-0.0213121 73  93
-0.0213271 56  86
-0.0213444 45  77
-0.0213536 15  30
-0.0213629 62  93
-0.0213945 28  36
-0.0215097 7  11
-0.0215345 42  69
-0.0215403 57  85
-0.021563 71  88
-0.02159 11  87
-0.0216738 7  58
-0.021681 10  76
-0.0216817 24  37
-0.0217006 23  35
-0.0217832 77  81
-0.0218422 5  8
-0.0218681 28  54
-0.0218752 1  14
-0.0218798 50  93
-0.0218893 78  90
-0.021901 7  78
-0.0220172 61  66
-0.0220415 57  73
-0.0220642 46  86
-0.0220792 0  60
-0.0221475 18  33
-0.0222903 11  86
-0.0225528 46  76
-0.0225794 37  55
-0.0226208 48  77
-0.0226318 59  88
-0.0227247 76  82
-0.0227578 57  75
-0.0227845 24  92
-0.0228413 32  44
-0.0228836 45  72
-0.0228921 66  91
-0.0229113 7  9
-0.0229854 60  87
-0.0230248 57  76
-0.0230348 5  76
-0.0230456 48  65
-0.0230696 30  55
-0.0231088 2  40
-0.023156 60  90
-0.023274 70  87
-0.0233431 71  93
-0.0233503 24  35
-0.0233695 6  76
-0.023439 2  76
-0.0235181 39  68
-0.0236215 53  93
-0.0236385 27  72
-0.0237773 5  86
-0.0238109 14  34
-0.0239308 39  85
-0.023941 18  78
-0.0239638 64  87
-0.0239642 6  87
-0.024036 53  61
-0.0240364 58  87
-0.0242922 76  86
-0.0243185 29  89
-0.0244051 43  76
-0.0244071 55  75
-0.0244596 8  89
-0.0244679 58  85
-0.0245603 61  77
-0.0246298 32  70
-0.0247068 1  79
-0.0247154 15  22
-0.0247967 70  93
-0.0247996 38  85
-0.024815 36  62
-0.0249464 20  86
-0.0249514 23  73
-0.0250556 69  81
-0.0250765 44  76
-0.0250931 47  78
-0.0250946 31  71
-0.0251621 27  71
-0.0251876 8  55
-0.0252391 72  77
-0.0253081 72  93
-0.0253962 25  79
-0.0254139 8  78
-0.0254647 18  92
-0.0254686 23  54
-0.0254752 33  56
-0.0255893 11  76
-0.0255964 11  89
-0.0256052 56  76
-0.0256124 15  69
-0.0256488 18  81
-0.0256761 29  57
-0.0257562 52  61
-0.0257661 76  87
-0.025768 19  57
-0.0258262 58  90
-0.0258303 73  81
-0.0258612 10  89
-0.0260417 50  59
-0.026091 79  90
-0.0260915 77  86
-0.026342 16  30
-0.0263538 42  77
-0.0264418 23  33
-0.0264522 19  55
-0.0264979 20  87
-0.0265717 55  69
-0.0265758 24  93
-0.026647 22  35
-0.0266531 0  84
-0.0267732 15  77
-0.0268356 10  15
-0.0268746 77  89
-0.0269539 14  32
-0.026968 35  75
-0.0269771 18  73
-0.0271083 23  77
-0.0271737 37  86
-0.0273732 1  16
-0.0274346 17  72
-0.0274658 49  79
-0.0275036 20  24
-0.0275688 13  58
-0.0275789 29  88
-0.0275892 7  43
-0.0276621 8  71
-0.0277315 33  45
-0.0277811 34  64
-0.0278011 21  62
-0.0278114 15  20
-0.027897 37  54
-0.0279071 0  93
-0.0279904 26  35
-0.0280247 60  74
-0.0280435 9  78
-0.0281872 42  89
-0.0281873 12  86
-0.0281916 38  77
-0.0282451 47  70
-0.0282577 52  90
-0.0282799 65  93
-0.0282822 23  78
-0.0283197 52  81
-0.0283528 76  81
-0.0285004 6  86
-0.028542 82  92
-0.0285532 4  47
-0.028559 1  26
-0.028581 15  19
-0.0286609 46  56
-0.0286846 39  75
-0.0286946 42  56
-0.0287589 22  27
-0.0287863 35  76
-0.0288151 25  91
-0.0288229 80  84
-0.0288525 3  51
-0.0288956 27  42
-0.0289354 38  45
-0.0289706 18  23
-0.029162 33  90
-0.0292147 52  80
-0.0293879 25  93
-0.0293912 19  76
-0.0293925 57  89
-0.0294552 35  40
-0.0294558 5  89
-0.0295019 32  48
-0.0295345 58  81
-0.0297646 62  75
-0.0298005 42  82
-0.0298261 69  77
-0.0298594 34  61
-0.0299485 35  46
-0.0301339 6  89
-0.030227 52  60
-0.0302415 31  36
-0.030242 26  82
-0.0302571 45  60
-0.0302721 31  87
-0.0303239 55  89
-0.0303453 55  76
-0.030396 8  44
-0.0304934 67  80
-0.0306366 52  67
-0.0306883 59  71
-0.0307453 46  89
-0.0309027 9  23
-0.0309184 51  60
-0.030952 6  32
-0.0309886 58  89
-0.0310165 31  38
-0.0310854 15  81
-0.031136 74  88
-0.0311409 5  56
-0.0311847 62  71
-0.0313218 5  32
-0.0314646 40  73
-0.0316107 20  56
-0.0316494 51  93
-0.031659 17  28
-0.0317156 28  42
-0.0318639 19  56
-0.0318683 32  49
-0.0319719 56  85
-0.032018 16  53
-0.0320332 10  56
-0.0320425 19  54
-0.032091 28  77
-0.0321372 18  58
-0.0321643 45  58
-0.0321802 57  66
-0.0322929 24  53
-0.0322943 18  76
-0.0323079 36  69
-0.0323611 5  35
-0.0323634 5  84
-0.0325619 45  49
-0.0326353 23  28
-0.0326877 60  89
-0.032731 40  85
-0.0328978 76  85
-0.0330261 74  79
-0.0330306 70  83
-0.0331413 30  89
-0.0331846 36  72
-0.0331873 18  50
-0.0331978 22  77
-0.0332143 8  47
-0.0333348 28  57
-0.0334022 17  55
-0.0334029 15  61
-0.0335441 70  75
-0.0335829 7  73
-0.0336104 51  61
-0.0336443 23  27
-0.0337965 7  27
-0.0337995 73  80
-0.0338097 70  90
-0.0338381 49  54
-0.0338413 18  51
-0.0338612 38  74
-0.0338677 29  47
-0.0338886 17  67
-0.0339339 49  93
-0.0340424 67  89
-0.0341113 47  66
-0.0341569 28  55
-0.0341603 15  60
-0.0341901 40  87
-0.0341962 26  38
-0.0342945 0  16
-0.0342985 58  73
-0.0343034 30  61
-0.03432 30  49
-0.0343456 34  72
-0.0343507 41  90
-0.0343916 4  66
-0.0343989 68  83
-0.0344533 10  35
-0.0344697 8  49
-0.034472 38  69
-0.0345095 56  74
-0.0345168 50  89
-0.0345434 0  70
-0.0345611 16  81
-0.0345753 13  50
-0.0345861 48  91
-0.0347222 12  73
-0.0348418 41  74
-0.0348746 24  87
-0.0348963 11  84
-0.0349135 3  61
-0.034918 19  68
-0.0349737 35  62
-0.0349931 30  90
-0.0350857 35  86
-0.0350944 24  30
-0.0351221 45  76
-0.0351321 0  28
-0.0351506 4  28
-0.035167 4  18
-0.0352659 78  86
-0.035266 48  63
-0.03528 61  75
-0.0352852 57  69
-0.0353596 45  57
-0.0354206 7  46
-0.0354289 1  25
-0.0354573 6  35
-0.0357192 26  57
-0.0357611 44  84
-0.0357809 42  81
-0.0357934 60  69
-0.0359455 37  76
-0.0360196 4  86
-0.0360272 51  58
-0.0360342 69  73
-0.0360495 6  56
-0.0360605 64  71
-0.0361998 42  52
-0.036319 41  75
-0.0363602 9  15
-0.0363781 2  34
-0.0363985 15  71
-0.0364712 7  44
-0.036554 38  52
-0.0365795 15  52
-0.0366085 75  80
-0.0366121 35  85
-0.0366257 3  34
-0.0367213 11  32
-0.0368282 26  77
-0.036843 56  88
-0.0369215 62  77
-0.0369318 29  49
-0.0369809 49  91
-0.0369871 27  28
-0.0370361 57  74
-0.037081 9  56
-0.0371129 21  47
-0.0371172 48  93
-0.0371558 17  52
-0.0371593 43  89
-0.0372204 57  88
-0.037282 17  47
-0.0373385 9  14
-0.0373986 31  86
-0.0374034 9  16
-0.0374708 23  61
-0.0374823 21  77
-0.0376101 19  35
-0.0377912 18  82
-0.0378351 12  74
-0.0379262 15  63
-0.0379293 0  48
-0.0379437 7  15
-0.0379824 16  85
-0.0380111 13  51
-0.0380689 8  20
-0.0380987 53  60
-0.0381194 59  80
-0.0382294 32  81
-0.0382592 17  64
-0.0382721 33  38
-0.0382856 46  84
-0.0382926 31  59
-0.0383552 60  82
-0.0383967 14  24
-0.0384949 18  32
-0.0385353 7  38
-0.0386003 35  89
-0.038609 16  54
-0.0386237 56  66
-0.0386296 1  77
-0.0387594 14  75
-0.0387625 0  9
-0.0387742 24  74
-0.0388027 28  58
-0.038915 37  84
-0.0389566 78  87
-0.0390018 22  31
-0.0390258 59  81
-0.0390752 30  85
-0.0390798 23  42
-0.039145 56  89
-0.0391587 67  75
-0.0392137 16  42
-0.0392788 1  62
-0.0392871 24  47
-0.0393231 15  32
-0.0393632 4  69
-0.0394738 13  93
-0.0396467 60  91
-0.0396841 6  84
-0.0397059 1  58
-0.0397733 3  19
-0.03983 32  46
-0.0398351 18  38
-0.0398386 34  85
-0.0398491 59  86
-0.0399045 59  73
-0.0399276 29  77
-0.0399535 28  76
-0.0399774 42  47
-0.0399787 9  87
-0.039989 25  55
-0.0400012 31  52
-0.0400744 28  33
-0.0402489 47  61
-0.04027 68  79
-0.040364 35  88
-0.0403928 8  60
-0.0405882 0  89
-0.0405925 43  56
-0.0406406 55  86
-0.0407073 29  60
-0.040711 64  77
-0.0407486 38  73
-0.0407777 29  62
-0.0407892 60  76
-0.0407933 74  90
-0.0408837 7  49
-0.0409188 9  52
-0.0409191 58  74
-0.0410891 69  90
-0.0411822 29  52
-0.0412758 9  38
-0.0413997 66  93
-0.0414016 41  51
-0.0414039 22  52
-0.0414148 54  66
-0.0415124 73  82
-0.0415595 20  90
-0.0415828 64  83
-0.0415907 67  88
-0.0416199 47  76
-0.0416624 16  60
-0.0417187 3  67
-0.0418359 25  90
-0.0418693 19  60
-0.0418745 18  39
-0.0419971 58  70
-0.0420568 30  78
-0.0422014 26  33
-0.0422097 68  74
-0.0422277 2  89
-0.0422588 24  48
-0.0422666 38  81
-0.0423318 41  54
-0.0424232 7  30
-0.0424416 37  62
-0.0424457 32  43
-0.0425118 16  86
-0.0425178 1  90
-0.0425433 28  60
-0.0425575 17  46
-0.0425848 57  68
-0.0425957 36  60
-0.0426062 13  49
-0.0426767 62  76
-0.0429108 18  84
-0.0429258 23  45
-0.0429319 12  77
-0.0429976 3  64
-0.0430096 8  43
-0.0430741 35  43
-0.0430776 33  58
-0.043137 3  42
-0.0432027 40  48
-0.0432503 52  74
-0.043309 59  85
-0.0433789 35  66
-0.043405 55  91
-0.0434384 45  68
-0.0434755 10  32
-0.0435532 44  56
-0.0436158 37  47
-0.0436196 46  57
-0.0436209 19  58
-0.0436813 10  57
-0.0436917 61  72
-0.0437375 40  77
-0.0437474 36  50
-0.0438208 22  51
-0.0438272 35  74
-0.0438697 32  64
-0.0439502 12  67
-0.0440107 18  28
-0.0440316 22  78
-0.0440497 21  52
-0.0440576 9  79
-0.0440943 52  70
-0.0441672 2  77
-0.0442461 7  74
-0.04431 16  28
-0.0443979 23  52
-0.0444015 40  67
-0.0444524 24  42
-0.0445885 10  55
-0.0446362 56  69
-0.0446693 18  24
-0.04467 50  63
-0.0447105 27  78
-0.0447423 25  52
-0.0447913 42  63
-0.0448415 64  74
-0.0448426 19  73
-0.0448601 60  86
-0.0449049 64  85
-0.0449594 34  78
-0.0450248 27  77
-0.0450265 15  84
-0.0450826 2  69
-0.0451103 39  89
-0.0451273 35  69
-0.0452062 20  55
-0.0453102 12  85
-0.0453942 64  86
-0.0454008 35  44
-0.0454583 17  66
-0.0454626 20  57
-0.0455193 29  70
-0.0455875 3  77
-0.0455996 1  3
-0.0456597 29  71
-0.0456731 30  31
-0.0457269 30  73
-0.0457385 46  55
-0.0458015 28  90
-0.0458358 7  19
-0.0458672 46  82
-0.0458904 34  59
-0.0459475 22  61
-0.0459949 2  16
-0.0460296 57  90
-0.0460668 43  55
-0.0460811 5  57
-0.0462947 39  58
-0.0462986 6  57
-0.0463373 61  90
-0.0464412 32  55
-0.0464674 21  71
-0.0464679 9  18
-0.0465543 2  70
-0.046555 11  56
-0.0465768 33  87
-0.0466354 5  55
-0.0467796 63  76
-0.0468078 52  91
-0.0468155 11  55
-0.0468177 23  55
-0.046836 64  89
-0.0468483 17  34
-0.0469567 21  60
-0.0469602 48  59
-0.0469675 17  40
-0.0470547 25  50
-0.0470716 63  89
-0.047223 2  63
-0.0472686 34  89
-0.0474063 11  57
-0.0474432 8  11
-0.0474965 35  49
-0.047577 31  81
-0.0477139 47  79
-0.0477529 6  55
-0.0477604 22  71
-0.0478833 44  55
-0.0479033 53  68
-0.0479159 11  37
-0.0480127 5  81
-0.0480239 25  69
-0.0480254 55  85
-0.0481265 33  85
-0.0481899 38  84
-0.0481914 11  81
-0.0481967 10  17
-0.0482266 6  81
-0.0482397 8  30
-0.0483228 43  57
-0.0483921 1  8
-0.0485597 11  35
-0.0485681 52  59
-0.0485691 50  62
-0.0486229 4  23
-0.0486264 10  84
-0.0486323 45  56
-0.0486572 2  92
-0.0487139 44  57
-0.0487342 41  81
-0.0488421 42  67
-0.0489254 12  23
-0.0489522 50  80
-0.0489561 28  73
-0.0489652 47  83
-0.0489948 0  34
-0.048998 14  59
-0.0491078 9  49
-0.0492538 15  90
-0.049293 43  84
-0.0493406 73  84
-0.0493946 20  85
-0.049565 8  14
-0.0495723 22  73
-0.0496385 64  88
-0.0497035 58  80
-0.0497092 24  86
-0.0497185 1  45
-0.0497302 65  73
-0.0497722 54  81
-0.0498539 21  32
-0.0499022 53  81
-0.0499073 33  66
-0.0500066 36  58
-0.0500574 16  65
-0.0501012 54  83
-0.0502027 20  50
-0.0502528 63  91
-0.0502782 65  78
-0.0504571 56  71
-0.050617 7  77
-0.0506558 12  18
-0.0507336 7  89
-0.0507796 2  67
-0.051032 29  76
-0.0510585 16  64
-0.0510703 47  65
-0.0511292 23  40
-0.05134 1  18
-0.0513706 55  88
-0.051382 31  64
-0.051436 8  74
-0.0514978 8  79
-0.0515174 14  67
-0.0516625 4  32
-0.0516763 3  24
-0.051778 25  75
-0.0519634 1  51
-0.0519867 12  87
-0.0520621 1  56
-0.0520868 53  92
-0.05223 32  90
-0.0524074 49  57
-0.0524137 36  73
-0.0524376 39  69
-0.0525237 37  43
-0.0525408 8  19
-0.0525515 6  82
-0.0525654 21  49
-0.0525725 0  23
-0.0525895 25  62
-0.0526567 61  78
-0.0526734 67  76
-0.052688 23  76
-0.0528693 54  80
-0.0529492 34  74
-0.0530338 34  90
-0.0531669 29  74
-0.0531987 38  71
-0.0533306 37  60
-0.0533436 38  66
-0.0534047 38  63
-0.0534863 42  57
-0.053512 34  73
-0.053543 12  66
-0.0535756 3  87
-0.0536076 46  81
-0.0536387 62  90
-0.0537821 9  29
-0.0537977 12  52
-0.0537992 7  20
-0.053847 60  81
-0.0538569 34  58
-0.0538725 49  89
-0.0539827 36  75
-0.0540364 71  81
-0.0540574 10  31
-0.0540824 27  63
-0.0541033 1  30
-0.05414 37  46
-0.0541851 45  55
-0.0542603 25  71
-0.054326 10  81
-0.0543444 79  84
-0.0544787 49  63
-0.0545117 27  65
-0.05452 0  61
-0.0545831 23  26
-0.0545901 27  33
-0.0546181 2  74
-0.0546205 9  33
-0.0546239 62  88
-0.0546259 40  74
-0.0546346 26  55
-0.0546963 51  57
-0.0547183 7  81
-0.0547757 23  57
-0.0548374 22  54
-0.0548503 40  76
-0.0548545 3  58
-0.0548969 17  43
-0.0548978 14  36
-0.0549333 68  70
-0.054961 4  85
-0.0550244 11  61
-0.0550409 38  88
-0.0550665 9  21
-0.0551558 45  79
-0.055157 64  76
-0.0551975 9  76
-0.0552143 64  70
-0.0552261 17  57
-0.0552308 39  46
-0.0552353 31  66
-0.0552457 41  65
-0.0554421 59  87
-0.0554861 42  55
-0.0554972 59  89
-0.0554975 33  81
-0.0555118 5  82
-0.0555786 60  75
-0.0555863 70  84
-0.0555895 15  54
-0.0556999 33  91
-0.0557342 52  89
-0.0557687 47  58
-0.0558964 11  82
-0.0559228 21  76
-0.0560209 32  45
-0.0560326 35  45
-0.0560632 7  76
-0.0560753 44  82
-0.0560992 58  92
-0.0561048 20  39
-0.0561461 19  87
-0.0562149 21  72
-0.0562552 37  44
-0.0563468 34  82
-0.0563485 32  86
-0.0564218 10  39
-0.0564276 18  48
-0.0564282 63  77
-0.0565553 23  41
-0.0566315 10  82
-0.0566755 43  81
-0.0566947 59  75
-0.0567181 10  61
-0.0567663 39  61
-0.0567762 4  87
-0.0568917 62  85
-0.0569097 43  78
-0.056912 15  45
-0.0569507 64  90
-0.0569655 34  60
-0.056982 13  88
-0.0569855 31  51
-0.0570724 21  74
-0.0570805 1  82
-0.0571105 4  91
-0.0571152 10  78
-0.0571782 39  67
-0.0573712 22  91
-0.0573855 31  46
-0.0574594 39  51
-0.0574792 19  32
-0.0574853 19  70
-0.0574966 54  70
-0.0574991 6  31
-0.0576319 8  46
-0.0576325 20  89
-0.0576731 31  65
-0.0577383 9  36
-0.0577526 13  60
-0.0577539 45  50
-0.0580372 56  68
-0.0580375 63  69
-0.0580725 5  31
-0.0581608 30  39
-0.0581915 13  57
-0.0582872 66  76
-0.0583239 70  89
-0.0583395 56  90
-0.0584589 43  82
-0.0584773 25  88
-0.058531 5  74
-0.058563 34  49
-0.0586008 29  73
-0.0586087 31  92
-0.0586536 44  78
-0.0586838 28  56
-0.0587168 14  50
-0.0587341 35  90
-0.0587524 13  72
-0.058828 34  88
-0.0588451 22  30
-0.0590169 46  78
-0.059028 7  33
-0.0591656 17  44
-0.0591901 9  53
-0.0592842 27  36
-0.0593144 9  64
-0.0593422 5  78
-0.0593683 20  78
-0.0594043 19  74
-0.0594632 17  54
-0.0594641 7  34
-0.0594963 2  47
-0.0595585 14  51
-0.0596353 38  90
-0.059691 15  26
-0.0597249 34  83
-0.0597417 22  55
-0.0598044 21  73
-0.0599378 30  64
-0.0599668 21  90
-0.0600058 2  50
-0.0600071 20  32
-0.0601769 29  32
-0.0602092 11  54
-0.0602102 18  79
-0.0602666 6  78
-0.0602932 75  84
-0.0603194 27  82
-0.0604048 20  75
-0.0604381 19  49
-0.0604812 5  37
-0.06054 19  86
-0.0605574 63  87
-0.0606256 7  31
-0.0606366 29  64
-0.0606368 20  22
-0.0606527 12  76
-0.0608518 16  24
-0.0608853 71  86
-0.0611676 34  53
-0.0612238 31  60
-0.0612949 20  31
-0.0613818 24  79
-0.0613852 25  92
-0.0614225 19  39
-0.0614304 6  17
-0.0615278 43  61
-0.0615782 16  58
-0.0615928 23  62
-0.0616323 64  80
-0.061711 27  38
-0.0617313 32  47
-0.0617649 69  86
-0.0617651 15  27
-0.061836 69  83
-0.0618418 44  61
-0.061916 21  55
-0.0620774 4  59
-0.0620828 25  29
-0.0621692 6  37
-0.0622326 65  83
-0.0622328 18  40
-0.0622638 33  48
-0.06243 33  92
-0.0625127 33  62
-0.0626647 32  62
-0.0627028 44  75
-0.062782 20  58
-0.062792 8  61
-0.0628838 33  89
-0.0628999 6  61
-0.0629046 50  83
-0.0629851 8  18
-0.0629921 72  90
-0.0630059 4  9
-0.0630187 38  54
-0.0630401 31  42
-0.063045 36  49
-0.0630472 10  54
-0.06306 51  56
-0.0630798 46  61
-0.0630984 45  64
-0.0631365 31  85
-0.0632147 12  33
-0.0632454 44  81
-0.0632907 13  84
-0.0634298 21  50
-0.0634632 34  71
-0.0635735 55  74
-0.06358 53  71
-0.0636794 31  43
-0.0637488 27  47
-0.0637627 4  63
-0.0639384 5  61
-0.063976 22  42
-0.063988 26  92
-0.0639946 33  82
-0.0640126 54  63
-0.0640299 18  71
-0.0640401 15  66
-0.0640634 7  50
-0.0640969 29  90
-0.0641209 4  76
-0.0643049 30  60
-0.0643216 1  32
-0.0643738 7  72
-0.064396 28  71
-0.0644023 30  67
-0.0644237 11  58
-0.0644296 22  29
-0.0644442 9  39
-0.0644667 19  61
-0.064496 55  90
-0.0645159 11  60
-0.0645266 19  64
-0.0645389 19  85
-0.0645451 28  35
-0.0646619 40  52
-0.0646648 45  71
-0.064866 35  48
-0.0648664 43  54
-0.0649045 13  79
-0.0649404 23  68
-0.065047 12  84
-0.0650675 16  22
-0.0651048 22  38
-0.0651691 11  79
-0.0651706 22  34
-0.065208 33  40
-0.065234 25  61
-0.0653244 7  52
-0.0653593 38  76
-0.0653602 5  80
-0.0653632 47  55
-0.0653752 34  50
-0.0654722 25  84
-0.0655284 22  49
-0.065573 40  84
-0.0655919 58  72
-0.0657603 34  81
-0.0659143 9  86
-0.0659482 55  66
-0.0659956 21  64
-0.0660102 45  91
-0.0660972 28  89
-0.066123 24  32
-0.0661353 19  69
-0.066137 41  62
-0.0661555 22  43
-0.0661791 52  62
-0.066202 34  91
-0.0662154 47  89
-0.0662223 39  48
-0.0662334 65  92
-0.0662593 63  70
-0.0662683 15  88
-0.0663912 43  80
-0.0665786 1  35
-0.0666028 53  89
-0.0667442 16  67
-0.0667924 11  80
-0.066878 71  75
-0.0668825 56  72
-0.0670872 68  84
-0.0671652 15  76
-0.0672505 43  75
-0.0672518 11  75
-0.0672634 13  73
-0.0672819 22  76
-0.0673257 3  86
-0.0673373 0  62
-0.0673874 20  51
-0.067396 14  35
-0.0674511 50  84
-0.0674564 41  79
-0.0674784 30  48
-0.0674907 46  80
-0.0675208 27  67
-0.0675457 45  63
-0.0675583 44  60
-0.0675827 17  19
-0.0676026 31  44
-0.0676206 6  80
-0.0676616 59  90
-0.0676926 61  92
-0.0677363 11  78
-0.0677542 37  59
-0.0678346 75  85
-0.0678817 28  80
-0.0679065 9  37
-0.0679111 39  81
-0.0679299 38  60
-0.0679663 61  70
-0.0681016 47  57
-0.0681038 37  61
-0.0681574 6  22
-0.0682016 44  54
-0.0682786 73  85
-0.068303 0  30
-0.0684756 7  88
-0.0685082 75  87
-0.0685504 66  80
-0.0685643 14  55
-0.0686947 20  54
-0.068708 8  34
-0.0688375 33  57
-0.0688744 24  64
-0.0688908 49  61
-0.0689338 54  62
-0.0690036 60  80
-0.069051 4  56
-0.0690826 8  57
-0.0691141 20  69
-0.069139 24  80
-0.0691654 19  52
-0.0691763 21  70
-0.0691825 55  82
-0.0691887 30  84
-0.069201 46  60
-0.0692353 14  76
-0.069237 0  25
-0.0692553 2  54
-0.0692727 24  73
-0.0693065 21  22
-0.0693368 25  38
-0.0694162 28  72
-0.0694179 14  84
-0.0694188 5  22
-0.0694232 24  70
-0.0694339 48  55
-0.0695402 29  36
-0.0696027 22  46
-0.0697079 10  37
-0.0697864 37  81
-0.0698183 11  22
-0.0698845 71  87
-0.0698901 34  54
-0.0699092 55  80
-0.0699661 29  59
-0.0699787 16  19
-0.0700158 23  79
-0.0700399 11  17
-0.0700427 43  60
-0.0702318 45  81
-0.0702421 10  80
-0.0703086 30  72
-0.0703539 55  78
-0.0703864 65  75
-0.0704191 20  61
-0.0705004 10  74
-0.0705945 6  39
-0.0706147 29  55
-0.0706749 30  92
-0.0707616 46  74
-0.0707871 10  60
-0.0709245 11  31
-0.0710543 3  76
-0.071063 37  40
-0.0710909 5  54
-0.0711505 2  79
-0.0712478 61  82
-0.0713907 43  91
-0.071443 14  91
-0.0715023 6  79
-0.0715489 41  58
-0.0715764 5  60
-0.0715925 9  80
-0.0717099 39  72
-0.0717266 73  90
-0.0717531 9  13
-0.0717545 20  74
-0.0717952 44  80
-0.0718186 14  27
-0.0718359 30  62
-0.0719515 26  91
-0.0719683 31  41
-0.0719833 63  86
-0.0720217 31  70
-0.0720291 22  41
-0.0721316 30  82
-0.0721937 8  15
-0.0721976 10  58
-0.072323 19  78
-0.0723516 43  58
-0.0723647 29  72
-0.0723653 33  84
-0.0723898 47  56
-0.0725297 41  56
-0.0725326 27  85
-0.072568 19  90
-0.0725941 18  26
-0.072598 60  73
-0.0726637 6  74
-0.072766 5  17
-0.0727684 9  69
-0.0727939 2  41
-0.0729018 28  50
-0.0729131 4  64
-0.073136 30  59
-0.0731635 1  42
-0.0732866 15  82
-0.0733027 39  43
-0.0733307 11  74
-0.0733416 60  78
-0.073365 22  44
-0.0733701 6  54
-0.0734702 50  70
-0.0734888 32  37
-0.0735106 39  91
-0.0735478 5  73
-0.0735554 1  57
-0.0735765 17  30
-0.0736101 38  82
-0.0737416 17  48
-0.0737459 10  79
-0.0737717 72  89
-0.0737846 22  58
-0.0738192 23  82
-0.0738369 22  32
-0.0738392 35  68
-0.0740084 40  78
-0.074029 34  80
-0.074103 30  66
-0.0741237 38  61
-0.0742021 17  61
-0.0742532 25  85
-0.0742834 46  58
-0.0743428 34  70
-0.074375 72  87
-0.0744331 35  47
-0.0744493 61  81
-0.0745233 31  61
-0.0745302 25  39
-0.0745719 17  45
-0.074619 33  55
-0.0746678 19  31
-0.0747143 4  52
-0.0747225 23  58
-0.0747696 5  79
-0.0747979 43  74
-0.0748144 44  74
-0.0748803 75  91
-0.0748821 7  17
-0.0748837 39  44
-0.0749256 55  68
-0.074938 37  49
-0.0749426 7  60
-0.0749562 58  91
-0.0749874 44  58
-0.0750323 46  68
-0.0751656 68  86
-0.075168 23  47
-0.0751959 30  88
-0.0753352 6  58
-0.0753871 7  80
-0.0754555 21  36
-0.075589 0  31
-0.0756193 30  58
-0.0756357 30  68
-0.0756762 24  28
-0.075682 47  63
-0.0757109 7  56
-0.075743 5  75
-0.0758533 42  80
-0.0759838 71  85
-0.0760033 42  70
-0.0760282 10  22
-0.0760511 35  41
-0.0761168 46  91
-0.0761511 16  49
-0.0761546 10  91
-0.076175 72  86
-0.0761904 1  87
-0.0762519 36  90
-0.0763267 27  56
-0.0764042 51  68
-0.0764342 5  92
-0.0764592 5  58
-0.0765244 19  63
-0.0765984 33  86
-0.0766229 34  84
-0.076669 13  35
-0.0767251 0  66
-0.0767759 69  84
-0.0769115 11  16
-0.0769123 14  22
-0.0769334 6  75
-0.0770863 30  79
-0.0770943 51  69
-0.0771334 8  27
-0.0771579 39  82
-0.0771635 45  61
-0.0772011 47  62
-0.0772469 32  63
-0.0772613 16  43
-0.0774417 15  83
-0.0774467 6  60
-0.0775829 8  88
-0.0776063 12  16
-0.0776388 13  28
-0.0777032 66  86
-0.0777036 59  70
-0.0777073 42  75
-0.0777449 40  66
-0.0777472 10  73
-0.0778022 38  83
-0.0778222 27  53
-0.077833 38  50
-0.0779209 8  48
-0.0779389 5  83
-0.078009 19  82
-0.0781455 27  76
-0.0782067 12  37
-0.0783145 62  86
-0.0783163 46  79
-0.0783429 5  39
-0.0783487 10  25
-0.0784134 19  37
-0.0784168 75  86
-0.0786629 36  63
-0.0786862 18  72
-0.078814 54  69
-0.0788226 7  55
-0.0788796 45  87
-0.0789354 47  86
-0.0789508 45  65
-0.0789928 53  69
-0.0790091 9  85
-0.0790433 47  87
-0.0790466 35  51
-0.0790851 1  86
-0.0791308 19  89
-0.0793608 19  75
-0.079382 62  92
-0.0794645 36  67
-0.0795373 30  91
-0.0796254 30  75
-0.0796838 54  82
-0.0798114 58  84
-0.079821 5  16
-0.0798501 23  75
-0.079963 16  44
-0.0801148 41  57
-0.0801676 22  56
-0.0802029 21  37
-0.0803025 16  89
-0.0803317 14  45
-0.0803718 24  49
-0.0803873 23  49
-0.0804001 31  69
-0.0804969 24  40
-0.0807244 20  81
-0.0808512 34  52
-0.0808815 24  34
-0.0809817 16  45
-0.0809989 28  91
-0.0810083 17  20
-0.0810678 2  84
-0.0811129 36  39
-0.081113 40  61
-0.0811334 66  84
-0.0811437 24  45
-0.0811495 4  31
-0.0812202 63  81
-0.0812664 11  39
-0.0812819 65  77
-0.0812916 30  81
-0.0814093 14  80
-0.0814693 62  79
-0.0815623 55  84
-0.0816001 40  57
-0.0816582 51  79
-0.0816811 46  73
-0.0817107 42  90
-0.0817263 10  83
-0.0817791 29  38
-0.0817833 20  60
-0.0818011 25  34
-0.0818819 55  73
-0.0818947 35  73
-0.0819213 75  89
-0.081966 21  38
-0.0820512 2  56
-0.0820783 41  82
-0.0822646 2  20
-0.082266 49  88
-0.0824618 6  16
-0.0824624 4  38
-0.0825381 66  87
-0.0825438 10  64
-0.0826168 3  63
-0.0826861 1  5
-0.0827057 64  84
-0.0827081 30  80
-0.0827146 9  47
-0.0827239 46  75
-0.082805 58  68
-0.0828058 42  72
-0.0828554 10  92
-0.0829144 46  83
-0.0829616 32  85
-0.0829683 43  79
-0.0830316 5  91
-0.0830773 57  78
-0.0831678 4  61
-0.083322 5  25
-0.0833341 44  79
-0.0833429 20  64
-0.083455 47  85
-0.0834579 50  86
-0.0834954 34  67
-0.0837197 31  80
-0.0838019 40  60
-0.0839098 2  33
-0.0839207 6  92
-0.0839545 26  28
-0.0840946 24  43
-0.0841112 13  54
-0.0841835 19  59
-0.0843813 22  83
-0.0844018 15  74
-0.0844281 5  68
-0.0844398 18  22
-0.0844723 16  84
-0.0846544 12  28
-0.0846891 14  82
-0.0849696 13  74
-0.0850061 14  61
-0.0850583 39  64
-0.0850646 16  33
-0.085087 17  90
-0.0852039 24  33
-0.085248 18  47
-0.0852536 14  92
-0.0853618 53  88
-0.0853663 23  81
-0.0854102 28  59
-0.0854654 26  29
-0.0854824 20  82
-0.0855292 25  86
-0.0855508 23  25
-0.0855901 25  57
-0.0856198 36  40
-0.0856351 57  71
-0.0856418 44  91
-0.0856827 11  73
-0.0857528 32  87
-0.0857903 21  26
-0.0858295 5  64
-0.0858398 38  40
-0.0859779 46  64
-0.0859854 67  85
-0.085988 24  44
-0.0860049 17  68
-0.0860689 11  64
-0.086203 4  15
-0.0862768 43  92
-0.0862952 39  71
-0.0863454 12  57
-0.0863602 56  78
-0.08637 63  80
-0.0863822 6  83
-0.0864438 67  86
-0.0864649 36  54
-0.0865023 12  24
-0.0865336 56  82
-0.0865462 20  67
-0.0866253 3  22
-0.0866553 34  79
-0.0866562 31  68
-0.0867736 57  83
-0.0868894 3  28
-0.0869965 46  92
-0.0870021 25  44
-0.0870614 72  85
-0.0870757 51  55
-0.0871316 47  91
-0.0871338 17  85
-0.0871562 8  69
-0.0871722 4  74
-0.0872842 41  55
-0.087286 59  74
-0.0874213 37  89
-0.0874255 44  83
-0.0874483 21  56
-0.0875031 24  85
-0.0875633 26  36
-0.087567 6  91
-0.0876748 16  40
-0.0876858 47  60
-0.0876873 20  72
-0.0878834 28  38
-0.0879171 41  86
-0.0879515 74  87
-0.0879613 28  40
-0.0879958 42  51
-0.088061 40  83
-0.0880664 27  70
-0.0881105 37  73
-0.0881481 23  53
-0.0882155 50  90
-0.0882365 29  56
-0.0882556 3  71
-0.0883354 26  78
-0.0884292 43  64
-0.088484 44  64
-0.0885759 10  75
-0.0886558 37  67
-0.088794 16  69
-0.0888003 8  31
-0.0888261 8  28
-0.0890348 62  91
-0.0891137 16  46
-0.0891736 12  17
-0.0892354 10  88
-0.0893269 56  84
-0.0894043 6  64
-0.0894533 30  69
-0.0894832 14  49
-0.0896694 26  47
-0.0896812 43  68
-0.0896942 64  75
-0.0897495 45  86
-0.0899212 14  64
-0.0899462 11  68
-0.0899916 20  92
-0.0900565 22  39
-0.0900878 28  78
-0.0901901 19  51
-0.0902165 14  88
-0.0902395 56  83
-0.0902463 12  83
-0.090258 22  57
-0.090263 49  66
-0.0902896 10  16
-0.0903499 54  90
-0.0903578 1  47
-0.0903946 11  91
-0.0903964 16  51
-0.0904773 42  61
-0.090483 3  47
-0.0906004 0  10
-0.090742 4  53
-0.0907444 53  90
-0.0908584 14  63
-0.0908823 15  50
-0.0908962 32  58
-0.0909009 13  56
-0.0909031 9  58
-0.0909165 34  92
-0.0910158 49  64
-0.0910502 7  45
-0.0910538 9  28
-0.0910592 2  30
-0.0910843 34  68
-0.0911689 18  53
-0.0911872 51  59
-0.0912058 41  60
-0.0912421 29  83
-0.0914297 15  21
-0.0914312 19  84
-0.0915317 54  75
-0.0915402 28  75
-0.0915757 6  73
-0.0915884 69  87
-0.0917189 9  24
-0.0917675 68  87
-0.0917816 20  80
-0.0917882 41  61
-0.0919632 35  71
-0.0919949 15  28
-0.0920502 36  78
-0.0920782 21  51
-0.0922295 25  30
-0.0922901 21  58
-0.0925218 25  43
-0.0925515 33  64
-0.0926045 28  47
-0.0926563 3  69
-0.0926966 17  59
-0.0927132 3  18
-0.0928084 44  73
-0.0928193 57  84
-0.0928229 37  80
-0.0928726 29  50
-0.0929367 11  92
-0.0930261 61  91
-0.0930311 23  74
-0.0930436 6  25
-0.0931125 19  72
-0.0931519 2  78
-0.0932436 28  88
-0.0932438 2  19
-0.0932983 40  50
-0.0934009 51  84
-0.0934035 8  70
-0.0934499 20  84
-0.0935 43  83
-0.0935485 6  68
-0.0937864 35  78
-0.093799 21  59
-0.0938832 46  54
-0.0940692 4  14
-0.0941387 39  76
-0.0941638 12  71
-0.0942293 66  85
-0.0942455 43  73
-0.0942709 3  78
-0.0942942 4  35
-0.0943644 9  12
-0.0943825 4  51
-0.0946322 19  62
-0.0946657 14  47
-0.0946681 11  83
-0.0948553 16  78
-0.0948588 1  54
-0.0950842 4  36
-0.0951088 12  56
-0.0951214 59  92
-0.0951716 40  55
-0.095196 44  68
-0.0952546 20  68
-0.0954034 24  46
-0.0954262 29  58
-0.0955443 33  53
-0.0955839 20  48
-0.0956569 63  74
-0.0956616 1  23
-0.0956701 6  88
-0.0957203 18  25
-0.0957477 73  86
-0.0957581 51  85
-0.0958551 19  83
-0.0958711 60  83
-0.0959011 32  59
-0.0959085 25  60
-0.095935 19  81
-0.0959456 17  50
-0.0960031 26  27
-0.0960845 42  83
-0.0961146 34  69
-0.0962084 17  71
-0.09629 30  54
-0.0963766 45  85
-0.0963999 5  88
-0.0965231 11  63
-0.0965486 64  73
-0.0966548 20  63
-0.0966891 48  85
-0.0967122 25  64
-0.0968133 14  72
-0.0968425 37  92
-0.0969598 40  56
-0.0969832 49  55
-0.0970618 19  79
-0.0971218 15  49
-0.0974465 21  25
-0.0974723 39  84
-0.0974771 18  70
-0.0975149 2  80
-0.0976027 26  31
-0.0976124 42  91
-0.097625 38  78
-0.0976615 18  54
-0.0976618 31  40
-0.0977079 10  68
-0.0977161 3  62
-0.0977174 14  56
-0.0977332 25  46
-0.0978273 22  75
-0.097833 17  60
-0.0978391 42  60
-0.0978759 12  78
-0.0979073 44  92
-0.0979868 15  72
-0.0979927 4  73
-0.0980467 1  6
-0.0981712 55  70
-0.0982758 67  90
-0.0983088 20  59
-0.0984217 19  80
-0.0984626 29  51
-0.0985405 45  75
-0.0985456 19  48
-0.0986285 43  88
-0.0986388 48  58
-0.098662 12  61
-0.0986722 6  24
-0.0986748 37  91
-0.0987492 25  87
-0.0987764 63  83
-0.0987865 12  50
-0.0987999 18  66
-0.0988324 15  53
-0.0989014 34  63
-0.0990085 14  57
-0.0990729 53  80
-0.0990823 39  79
-0.0991303 44  69
-0.0993186 22  64
-0.0993434 3  60
-0.0994358 12  55
-0.0995846 73  87
-0.0996195 34  62
-0.0996617 44  88
-0.0996896 57  81
-0.0997295 42  62
-0.0997773 1  10
-0.0998286 26  63
-0.0998782 57  70
-0.0999227 23  91
-0.0999759 21  84
-0.100029 56  80
-0.100071 37  72
-0.100101 29  63
-0.100232 49  68
-0.100309 19  71
-0.100344 18  52
-0.100375 13  25
-0.100489 7  35
-0.100585 56  81
-0.100609 27  60
-0.100696 26  81
-0.100743 20  53
-0.100759 7  36
-0.100801 75  90
-0.10096 7  57
-0.101198 56  79
-0.101232 63  85
-0.101243 69  89
-0.101255 25  36
-0.101326 39  50
-0.10143 20  88
-0.101492 15  29
-0.101632 57  82
-0.10165 11  72
-0.101724 3  85
-0.101787 38  53
-0.101821 2  45
-0.101897 21  54
-0.10196 3  48
-0.101998 12  47
-0.102174 74  86
-0.102203 35  81
-0.102334 69  72
-0.102426 65  74
-0.102439 35  84
-0.102502 20  25
-0.10259 45  83
-0.102608 47  88
-0.102623 2  81
-0.10277 46  88
-0.102887 37  45
-0.10303 72  84
-0.103045 35  70
-0.103106 20  91
-0.103151 18  49
-0.103168 19  25
-0.103198 7  92
-0.10326 11  53
-0.103283 19  91
-0.103388 28  70
-0.10341 10  63
-0.103424 24  91
-0.103604 1  55
-0.103686 15  78
-0.103742 30  70
-0.103744 8  58
-0.103759 12  38
-0.103853 44  63
-0.103866 30  50
-0.104142 55  72
-0.104149 19  24
-0.104154 16  92
-0.104205 14  83
-0.104221 8  38
-0.104248 21  78
-0.104254 38  49
-0.104339 13  86
-0.104372 13  42
-0.104389 46  63
-0.104601 55  83
-0.104693 17  58
-0.104696 28  81
-0.104698 1  60
-0.104704 63  90
-0.104749 41  71
-0.104824 9  91
-0.10487 20  71
-0.104908 15  25
-0.104992 18  62
-0.105343 5  72
-0.105423 5  69
-0.105463 46  69
-0.105549 20  70
-0.105648 19  50
-0.105654 55  71
-0.105692 20  52
-0.10574 59  79
-0.105748 0  22
-0.105784 4  41
-0.105938 30  63
-0.106026 42  84
-0.106032 29  84
-0.106034 45  69
-0.106111 42  64
-0.106233 22  48
-0.10625 11  69
-0.106336 28  74
-0.106357 19  92
-0.106417 38  62
-0.106497 18  63
-0.106504 56  92
-0.106548 62  89
-0.106558 2  36
-0.106558 13  61
-0.106602 8  54
-0.106678 30  53
-0.106679 0  11
-0.10681 8  56
-0.106815 27  49
-0.106845 8  35
-0.106874 6  69
-0.106913 9  81
-0.106981 0  36
-0.10699 35  82
-0.106994 16  59
-0.107132 13  36
-0.107147 6  63
-0.107353 67  87
-0.107433 26  85
-0.107469 10  72
-0.107478 36  79
-0.107623 4  57
-0.107695 21  80
-0.107957 64  81
-0.108008 30  52
-0.10802 1  43
-0.108084 15  70
-0.108085 48  57
-0.108155 56  91
-0.108169 29  78
-0.108176 42  92
-0.108217 56  70
-0.108224 2  23
-0.108234 13  32
-0.108281 11  67
-0.10837 5  24
-0.108376 26  86
-0.108439 10  69
-0.108527 7  90
-0.108602 11  88
-0.108644 13  87
-0.108788 57  80
-0.108858 19  67
-0.108874 1  24
-0.108904 35  83
-0.108905 12  65
-0.108961 68  75
-0.108994 52  84
-0.10911 3  9
-0.109113 47  69
-0.109168 41  87
-0.109173 39  60
-0.109347 2  86
-0.10945 21  81
-0.109504 63  75
-0.10951 40  47
-0.109556 55  92
-0.109604 9  25
-0.109719 13  24
-0.109735 6  70
-0.10978 2  46
-0.109796 16  91
-0.109822 11  70
-0.109987 2  82
-0.11007 9  90
-0.110138 0  5
-0.110167 52  86
-0.110201 16  29
-0.110297 41  89
-0.110388 23  36
-0.110497 52  85
-0.110524 3  73
-0.110524 26  89
-0.110651 3  14
-0.110729 21  83
-0.110829 49  56
-0.110877 1  19
-0.110908 4  21
-0.110908 3  59
-0.111 21  40
-0.111026 17  41
-0.111074 45  84
-0.111107 34  51
-0.111116 47  90
-0.111162 27  87
-0.111219 4  29
-0.111254 23  92
-0.111302 22  92
-0.11152 29  81
-0.111715 25  37
-0.111769 30  51
-0.111813 43  69
-0.11184 43  72
-0.111864 29  54
-0.111923 5  63
-0.11199 57  91
-0.112109 63  73
-0.112235 10  24
-0.112343 62  70
-0.112441 10  70
-0.112564 11  52
-0.112693 57  92
-0.112703 36  89
-0.112802 66  69
-0.112818 2  5
-0.112906 0  6
-0.112936 20  79
-0.112997 25  80
-0.113005 24  59
-0.11303 45  78
-0.11304 27  86
-0.113061 43  70
-0.113104 40  82
-0.113164 60  68
-0.113241 27  90
-0.113359 40  71
-0.113427 24  50
-0.113465 2  42
-0.113505 47  64
-0.113565 11  25
-0.113681 61  71
-0.113709 17  51
-0.113755 9  17
-0.113796 55  81
-0.113797 73  88
-0.113838 63  82
-0.113865 1  44
-0.113917 74  84
-0.114033 3  54
-0.114147 0  20
-0.11419 25  54
-0.114283 48  90
-0.114516 12  60
-0.114642 34  48
-0.114664 38  80
-0.114664 37  71
-0.114699 72  82
-0.114916 50  91
-0.114994 35  80
-0.115295 48  56
-0.115322 4  33
-0.115339 17  73
-0.115568 14  58
-0.115691 0  46
-0.115896 2  85
-0.115912 50  87
-0.115947 0  90
-0.11606 13  20
-0.116079 39  78
-0.116086 6  72
-0.116121 41  70
-0.116394 44  53
-0.116435 14  28
-0.116547 61  79
-0.116568 4  62
-0.116638 12  80
-0.116639 21  82
-0.116656 10  52
-0.11668 1  20
-0.116693 14  79
-0.11679 44  50
-0.116838 4  55
-0.116933 5  71
-0.117015 46  71
-0.117107 14  78
-0.117136 29  37
-0.117169 19  53
-0.117276 26  80
-0.117366 11  71
-0.117492 46  53
-0.11751 11  62
-0.11762 5  52
-0.117752 44  71
-0.117803 46  52
-0.117806 36  83
-0.117885 2  32
-0.117911 44  70
-0.117935 0  19
-0.118021 12  82
-0.118071 5  53
-0.118081 2  6
-0.118142 11  24
-0.118164 37  65
-0.118211 41  48
-0.118335 47  75
-0.11843 10  67
-0.118434 43  71
-0.118449 4  67
-0.118456 43  63
-0.118661 46  50
-0.118683 23  59
-0.118824 13  90
-0.118911 10  62
-0.118938 46  72
-0.11907 29  80
-0.119094 14  48
-0.119104 21  63
-0.119137 8  53
-0.119247 1  67
-0.119266 27  89
-0.119325 0  43
-0.119367 4  78
-0.119427 44  72
-0.119466 16  21
-0.119517 5  70
-0.119555 16  25
-0.119707 35  91
-0.119823 38  79
-0.11985 16  72
-0.120128 17  84
-0.120266 10  59
-0.120352 12  29
-0.12044 13  41
-0.120509 12  21
-0.120515 39  47
-0.120598 57  72
-0.120604 26  74
-0.120615 6  52
-0.120746 10  50
-0.120778 10  71
-0.120795 3  72
-0.120927 14  74
-0.120937 73  89
-0.120981 24  36
-0.121057 26  40
-0.121107 37  90
-0.121112 65  81
-0.121158 33  70
-0.121171 14  60
-0.121211 64  91
-0.121328 35  92
-0.121376 39  74
-0.121397 2  88
-0.121406 46  62
-0.121475 14  52
-0.121639 57  79
-0.121655 51  81
-0.121668 5  62
-0.12172 3  84
-0.121817 0  85
-0.12188 48  66
-0.121917 19  88
-0.121924 5  67
-0.121936 21  53
-0.121957 32  66
-0.121992 45  66
-0.122008 2  10
-0.12217 49  86
-0.12226 35  72
-0.122329 24  68
-0.122455 15  67
-0.122549 27  83
-0.122737 20  66
-0.122755 27  88
-0.122772 62  87
-0.122917 47  82
-0.123076 5  50
-0.123091 40  53
-0.123092 16  88
-0.123432 14  54
-0.12347 45  67
-0.123546 36  82
-0.123549 4  83
-0.123552 30  71
-0.123637 39  92
-0.123645 46  70
-0.123804 12  36
-0.123834 2  43
-0.123879 47  80
-0.12404 1  11
-0.124042 58  83
-0.12405 22  26
-0.124091 2  72
-0.124222 13  89
-0.124265 13  18
-0.124286 0  56
-0.124315 29  40
-0.124408 40  54
-0.124444 46  67
-0.124499 43  50
-0.124512 4  26
-0.12456 16  90
-0.124666 42  68
-0.124686 10  51
-0.124714 31  48
-0.124791 35  79
-0.124821 38  70
-0.124837 22  47
-0.125101 4  70
-0.125263 37  51
-0.125281 24  88
-0.125306 6  67
-0.125315 2  87
-0.125317 51  86
-0.125349 64  82
-0.125416 2  44
-0.125453 47  67
-0.125459 0  44
-0.125494 15  62
-0.125548 55  79
-0.125752 29  91
-0.125794 44  67
-0.125828 1  46
-0.125838 6  53
-0.125886 65  90
-0.126026 26  84
-0.126078 15  79
-0.126205 51  89
-0.126235 38  67
-0.126342 36  88
-0.126446 6  71
-0.126492 49  90
-0.126569 44  52
-0.126696 20  62
-0.126798 44  62
-0.127048 46  59
-0.127055 5  59
-0.127104 16  66
-0.127108 9  89
-0.127183 43  52
-0.12731 46  49
-0.127499 8  59
-0.127513 43  67
-0.127733 11  59
-0.127775 21  91
-0.127956 27  59
-0.128397 6  50
-0.128552 43  53
-0.128557 10  53
-0.128587 37  63
-0.128656 43  62
-0.128701 45  73
-0.12876 0  55
-0.128853 29  53
-0.128873 39  63
-0.128963 53  85
-0.129236 25  35
-0.129367 54  84
-0.129565 65  69
-0.129612 39  45
-0.130001 28  82
-0.130013 15  40
-0.130058 40  65
-0.130124 39  88
-0.130149 14  16
-0.130436 12  53
-0.130468 11  51
-0.130531 2  11
-0.130753 15  80
-0.130835 40  64
-0.13113 22  45
-0.131298 48  86
-0.131308 11  50
-0.131373 5  51
-0.131472 6  62
-0.132081 6  59
-0.132311 52  87
-0.132337 29  82
-0.132517 21  92
-0.132543 49  84
-0.132665 39  73
-0.132676 63  79
-0.132709 23  71
-0.13278 26  87
-0.132882 64  92
-0.133315 16  79
-0.133691 29  66
-0.133906 16  73
-0.133948 1  36
-0.134107 27  74
-0.134261 32  84
-0.134743 21  79
-0.134972 12  26
-0.134984 71  89
-0.135031 45  82
-0.135204 8  67
-0.135408 12  15
-0.13543 40  80
-0.135439 3  36
-0.135498 27  81
-0.135617 48  87
-0.135631 16  32
-0.136042 54  89
-0.136058 44  51
-0.13613 44  59
-0.136253 54  86
-0.136262 53  86
-0.136271 21  66
-0.136674 54  65
-0.136979 2  66
-0.13698 41  53
-0.137513 42  53
-0.137523 43  59
-0.137784 34  66
-0.137827 6  51
-0.137836 59  91
-0.137973 51  88
-0.138226 9  54
-0.138268 63  67
-0.138455 34  65
-0.138963 22  37
-0.139196 3  88
-0.139202 15  59
-0.139377 7  83
-0.139482 26  39
-0.139577 24  89
-0.13969 29  79
-0.139692 26  61
-0.139822 7  22
-0.139848 33  80
-0.139916 29  92
-0.139938 39  83
-0.1401 36  53
-0.140271 2  83
-0.14028 6  49
-0.14036 2  17
-0.140475 46  51
-0.140775 10  49
-0.140907 45  48
-0.141053 40  58
-0.141111 41  85
-0.14118 36  37
-0.141229 2  71
-0.141559 54  87
-0.141559 15  51
-0.141576 53  87
-0.141693 13  45
-0.14183 29  65
-0.141956 16  50
-0.142165 10  48
-0.142642 0  57
-0.142779 1  89
-0.143208 36  48
-0.143462 27  54
-0.143671 38  59
-0.14437 1  61
-0.144805 28  92
-0.145056 58  66
-0.145083 40  51
-0.145259 12  64
-0.145279 9  40
-0.145371 47  84
-0.145508 16  62
-0.145584 0  88
-0.145612 54  67
-0.14585 14  73
-0.146005 24  31
-0.146094 59  83
-0.146157 27  92
-0.146164 7  59
-0.146534 37  88
-0.146745 3  79
-0.147054 28  84
-0.147059 51  87
-0.147134 12  51
-0.147171 7  71
-0.14758 54  85
-0.147901 5  49
-0.148007 25  41
-0.148179 27  32
-0.148437 7  47
-0.148827 0  86
-0.149171 53  59
-0.14931 11  49
-0.149335 44  49
-0.149491 38  72
-0.149618 1  21
-0.149695 7  84
-0.150045 30  65
-0.150264 12  31
-0.150541 10  13
-0.150695 26  60
-0.150842 2  65
-0.150948 5  48
-0.151159 49  85
-0.151215 0  35
-0.151295 15  65
-0.151656 32  88
-0.151878 65  85
-0.151885 45  80
-0.152002 17  26
-0.152064 38  51
-0.152069 27  80
-0.152091 36  84
-0.15213 2  59
-0.152493 17  25
-0.152941 43  49
-0.153042 3  82
-0.15308 39  49
-0.153144 13  30
-0.153463 8  87
-0.153463 49  87
-0.153463 17  53
-0.153517 41  63
-0.153521 26  64
-0.153553 48  89
-0.153892 7  24
-0.154174 63  72
-0.154198 25  47
-0.154369 4  60
-0.154461 3  50
-0.154471 39  65
-0.154762 0  4
-0.154864 22  53
-0.155062 6  48
-0.155142 33  65
-0.155502 43  51
-0.155709 10  66
-0.155867 41  72
-0.155974 17  87
-0.156188 44  48
-0.156388 26  90
-0.156589 21  65
-0.156758 31  49
-0.15718 17  86
-0.157406 43  48
-0.15802 13  34
-0.158714 40  79
-0.159108 28  39
-0.159293 46  48
-0.15937 12  54
-0.159573 39  80
-0.159621 45  70
-0.160104 65  89
-0.16067 45  88
-0.160717 42  65
-0.160839 41  50
-0.161192 37  79
-0.161251 27  50
-0.161378 6  66
-0.161775 65  87
-0.16192 8  85
-0.16197 16  70
-0.162352 26  54
-0.162884 12  39
-0.163033 12  58
-0.163262 3  80
-0.163325 0  87
-0.163936 8  41
-0.164223 8  36
-0.164508 5  66
-0.16478 4  72
-0.164782 4  65
-0.164867 41  80
-0.165086 11  65
-0.165135 11  48
-0.165422 37  69
-0.165476 26  52
-0.166047 59  68
-0.166533 40  72
-0.166747 10  65
-0.16681 41  49
-0.166929 48  68
-0.167123 4  8
-0.167398 43  66
-0.167521 37  70
-0.167802 46  65
-0.167971 27  68
-0.16821 5  13
-0.168451 11  13
-0.168602 7  79
-0.168746 39  54
-0.168806 5  65
-0.169289 44  65
-0.169833 9  68
-0.170128 39  52
-0.170221 16  52
-0.170292 27  51
-0.170866 1  29
-0.171128 13  38
-0.171803 18  65
-0.171942 48  81
-0.172324 41  52
-0.172421 27  69
-0.172791 4  71
-0.172852 12  79
-0.172921 46  66
-0.172921 11  66
-0.172972 50  88
-0.173022 6  65
-0.173204 12  72
-0.173425 26  69
-0.173528 2  26
-0.173611 7  91
-0.174127 19  65
-0.174479 8  86
-0.175648 7  54
-0.176931 6  13
-0.177175 4  58
-0.177696 20  65
-0.177739 27  91
-0.178049 26  68
-0.178462 44  66
-0.178928 32  51
-0.179092 22  50
-0.179433 37  68
-0.179747 13  15
-0.180492 12  49
-0.181415 19  66
-0.181686 16  80
-0.181746 38  65
-0.18185 40  49
-0.182069 43  65
-0.182668 65  86
-0.182851 27  52
-0.183447 28  79
-0.183487 13  46
-0.183583 66  70
-0.18375 1  64
-0.184089 14  26
-0.184601 13  19
-0.184981 39  40
-0.185836 14  65
-0.186006 66  79
-0.187474 41  92
-0.188545 37  66
-0.189715 13  44
-0.19005 42  66
-0.190463 17  88
-0.191061 53  84
-0.191304 13  43
-0.191794 13  69
-0.191949 14  71
-0.199537 41  66
-0.199693 41  68
-0.200085 0  68
-0.205554 25  45
-0.207521 4  92
-0.211127 1  41
-0.229275 1  59
-0.243661 3  65
-0.244847 4  50
-0.246368 25  49
-0.247178 4  24
-0.269174 0  49
-0.27949 27  66
