2.67185 49  63
2.62089 50  62
2.21317 48  64
2.05124 51  61
1.99946 5  66
1.80364 2  69
1.67147 6  65
1.64407 3  68
1.64036 4  67
1.2333 11  22
1.21692 28  40
1.04437 35  36
1.03609 27  41
0.92959 1  73
0.902528 0  74
0.889794 30  38
0.860353 16  18
0.788163 14  47
0.728758 52  54
0.718664 10  23
0.680706 53  54
0.679255 59  60
0.672613 26  42
0.651532 29  39
0.643789 0  71
0.637627 31  32
0.609051 25  43
0.601467 19  20
0.592147 29  30
0.585206 52  53
0.580965 1  70
0.562951 55  56
0.548487 32  36
0.541748 47  58
0.541309 54  55
0.540813 31  35
0.525691 52  57
0.523432 54  57
0.506335 60  63
0.483772 28  29
0.480715 57  60
0.473233 67  68
0.447129 23  24
0.445245 52  55
0.444586 30  35
0.439428 11  12
0.429861 33  60
0.426684 18  21
0.426298 53  57
0.426112 28  41
0.408962 59  63
0.407761 33  35
0.40607 44  46
0.393867 57  69
0.387992 7  13
0.386992 53  55
0.385988 16  21
0.385926 24  25
0.375273 16  17
0.364608 57  72
0.359664 10  13
0.354978 8  11
0.353476 57  68
0.353094 9  13
0.352501 7  9
0.350994 23  25
0.350198 10  11
0.347487 49  50
0.345407 53  59
0.34325 31  36
0.337936 37  38
0.327267 74  75
0.324291 52  60
0.31978 55  57
0.31843 43  44
0.316954 31  57
0.304888 3  4
0.303794 68  72
0.300814 13  14
0.300068 71  74
0.299552 1  34
0.298861 52  56
0.296659 61  63
0.296484 22  25
0.295571 72  74
0.292534 30  42
0.29188 8  9
0.290844 20  21
0.290608 23  39
0.290366 54  58
0.29033 1  72
0.289352 54  56
0.288838 7  10
0.288562 41  42
0.286822 62  75
0.286092 65  66
0.28036 21  24
0.271427 54  64
0.268 68  69
0.267318 54  60
0.267221 29  43
0.266909 33  57
0.265073 72  73
0.26417 42  45
0.263246 9  10
0.262026 29  38
0.261572 2  5
0.260794 12  22
0.26049 57  59
0.260063 52  62
0.257541 40  41
0.25741 16  25
0.256803 52  58
0.254759 43  46
0.253629 33  61
0.253469 28  31
0.253372 19  59
0.253129 53  60
0.252934 22  23
0.252259 12  13
0.250306 7  8
0.248971 34  69
0.2482 38  40
0.248062 6  8
0.247566 54  62
0.246871 53  56
0.245869 50  75
0.244608 57  63
0.244265 34  70
0.244055 34  75
0.243156 11  25
0.242226 2  71
0.239479 21  49
0.237874 57  73
0.23698 53  61
0.233869 13  32
0.232888 21  22
0.229768 20  23
0.229586 27  29
0.228828 35  42
0.22741 48  65
0.227203 0  2
0.226869 7  14
0.223801 1  75
0.223681 56  60
0.222434 53  66
0.222372 9  14
0.219755 27  43
0.219499 10  67
0.216299 3  5
0.216219 10  12
0.215742 48  74
0.215731 4  70
0.215731 2  72
0.213743 52  61
0.212554 22  46
0.210696 48  50
0.210695 56  57
0.208496 49  67
0.20803 3  19
0.207678 19  29
0.20752 70  72
0.207502 26  58
0.207472 54  61
0.205968 11  45
0.20564 56  69
0.205256 41  46
0.20426 6  34
0.204243 29  53
0.203671 69  73
0.203371 66  67
0.202743 31  34
0.202573 30  31
0.202534 54  66
0.20177 6  14
0.201167 17  23
0.200691 71  72
0.198383 3  15
0.197687 27  28
0.197255 16  38
0.197107 70  71
0.196418 32  54
0.196306 18  20
0.195417 28  34
0.19464 33  63
0.194303 22  44
0.194047 12  14
0.192891 53  58
0.192764 0  36
0.192017 29  33
0.191983 20  59
0.191854 3  65
0.190663 50  74
0.189739 10  14
0.189446 56  58
0.188414 13  60
0.186712 4  6
0.185371 1  37
0.184071 27  42
0.183872 28  67
0.183742 29  54
0.182865 63  67
0.181002 35  68
0.179797 21  70
0.176279 8  39
0.175815 35  69
0.174793 7  12
0.174689 48  58
0.174332 46  70
0.174061 57  61
0.172332 58  75
0.172208 31  63
0.171844 37  39
0.171412 16  23
0.171326 46  75
0.170585 16  22
0.170402 35  57
0.170347 7  59
0.16922 46  64
0.169119 18  32
0.168313 12  45
0.168105 9  12
0.16787 33  59
0.167328 34  72
0.167311 20  45
0.166443 40  59
0.16633 25  36
0.166092 51  60
0.164924 19  38
0.163454 65  67
0.162829 16  28
0.16279 47  48
0.162679 31  55
0.161527 8  10
0.161214 52  66
0.161045 38  42
0.160277 8  44
0.160149 29  73
0.158714 37  46
0.157811 0  62
0.156469 30  48
0.156309 2  3
0.155988 34  40
0.1557 22  38
0.154654 8  13
0.154392 30  54
0.153866 42  47
0.15365 30  32
0.153158 17  22
0.153036 41  43
0.151945 59  65
0.151567 27  45
0.151377 50  51
0.151348 52  64
0.151172 41  50
0.150856 36  75
0.150346 10  24
0.150087 29  42
0.15005 32  45
0.149723 9  60
0.149628 28  38
0.148064 26  27
0.147191 38  39
0.147036 51  75
0.146626 41  75
0.145852 7  32
0.143346 24  34
0.14311 50  66
0.142526 21  23
0.141972 26  37
0.141531 17  56
0.141515 1  14
0.141345 73  75
0.141267 72  75
0.141011 0  34
0.140303 30  49
0.139537 33  68
0.139326 42  44
0.1388 30  37
0.138758 32  67
0.137417 20  51
0.1372 34  74
0.13712 39  41
0.137109 39  40
0.136705 28  57
0.136403 48  66
0.136373 38  70
0.13579 10  21
0.135698 56  61
0.133742 25  39
0.133161 67  69
0.133109 47  73
0.132904 58  73
0.13285 8  73
0.132613 35  72
0.132586 24  44
0.132249 41  68
0.131826 21  44
0.131241 30  33
0.130997 55  61
0.130776 17  36
0.130532 17  74
0.130383 7  60
0.129556 8  12
0.128526 2  37
0.12788 2  24
0.127858 27  73
0.127423 27  52
0.12714 12  21
0.12604 16  24
0.125868 49  73
0.124515 27  35
0.124354 16  19
0.12396 11  24
0.123738 4  58
0.123005 47  71
0.1229 17  58
0.12288 42  43
0.122369 19  41
0.121301 39  70
0.121301 17  72
0.12088 26  62
0.120197 15  44
0.120014 5  70
0.119332 20  32
0.118875 3  62
0.118038 69  72
0.11797 59  74
0.117502 21  56
0.116554 6  12
0.116 12  44
0.115824 28  39
0.115319 42  72
0.114978 1  19
0.114907 2  73
0.114904 8  22
0.114805 9  61
0.114048 26  43
0.113616 36  71
0.112326 30  41
0.111814 29  52
0.11177 5  67
0.111763 8  34
0.111653 0  1
0.111183 18  19
0.111026 55  63
0.11088 49  75
0.110871 14  65
0.110791 18  34
0.110042 30  52
0.109934 28  37
0.109199 20  33
0.109039 38  41
0.108542 27  40
0.107862 26  38
0.107652 31  60
0.10734 15  21
0.106466 39  46
0.106375 4  5
0.105901 4  18
0.10575 58  66
0.105533 27  37
0.104718 2  17
0.104288 11  70
0.10422 45  46
0.10421 15  23
0.104074 67  70
0.10381 1  59
0.10368 69  71
0.103609 26  41
0.103348 8  15
0.103324 45  47
0.103253 0  17
0.102985 4  45
0.10295 19  62
0.102895 8  68
0.102708 46  51
0.102626 6  13
0.102263 8  45
0.101679 29  37
0.101399 31  54
0.10091 46  48
0.100858 44  45
0.100693 37  40
0.100661 44  68
0.100414 42  46
0.0998856 53  62
0.0998015 31  56
0.0997897 7  55
0.0997449 0  14
0.0996275 20  72
0.0994636 33  47
0.0993542 27  54
0.0991925 7  64
0.0990575 20  39
0.0990295 34  73
0.0988103 19  22
0.0986672 30  45
0.0984228 4  66
0.0980712 37  42
0.0979519 26  57
0.0978394 47  72
0.097561 55  60
0.0973102 21  71
0.0969662 35  45
0.0969504 29  62
0.0966608 21  59
0.0959143 5  6
0.0958586 25  40
0.095836 15  27
0.0957899 42  58
0.0957689 45  58
0.0953198 22  69
0.0948608 28  44
0.0947496 33  34
0.0946965 9  32
0.094581 15  39
0.0945386 47  65
0.0942301 10  35
0.0941073 60  61
0.0934771 8  46
0.0929659 33  48
0.0929628 6  9
0.0929098 4  72
0.0927996 37  44
0.0926294 6  7
0.0921913 35  56
0.0919985 18  70
0.0919506 25  46
0.0917602 33  67
0.0916955 21  31
0.0916618 45  49
0.0913988 16  58
0.0913202 27  31
0.0911566 10  46
0.090546 44  64
0.0903041 31  70
0.0902078 19  51
0.0896401 41  45
0.0895061 1  7
0.0890697 31  37
0.08876 47  60
0.0879171 29  67
0.0877134 64  74
0.087603 53  64
0.0870317 30  58
0.0870047 39  43
0.086835 24  45
0.086762 37  73
0.0865023 14  75
0.0860207 8  36
0.0858127 18  51
0.085616 57  65
0.085407 59  61
0.0850679 15  34
0.0849912 50  68
0.0849113 9  55
0.0848887 28  55
0.0846324 36  54
0.0845745 14  69
0.0841041 56  71
0.0834902 11  17
0.0831664 20  49
0.0830252 1  46
0.0828049 61  75
0.0826134 56  73
0.082557 65  72
0.0822592 29  41
0.0817983 19  25
0.0806985 13  61
0.0805174 63  73
0.0802504 30  75
0.0802058 35  62
0.0801919 15  32
0.079812 57  58
0.0796095 52  65
0.0795394 40  75
0.0794145 32  52
0.0793389 23  34
0.0793076 5  30
0.0792966 1  17
0.0792663 43  45
0.0790644 12  26
0.0790365 15  25
0.0790362 21  34
0.0789905 65  71
0.0784993 37  43
0.0784183 33  74
0.0784068 44  66
0.0783467 30  62
0.0783061 15  17
0.078098 34  61
0.0780033 42  68
0.0779664 6  72
0.0779576 2  34
0.0779239 4  68
0.0776991 13  36
0.0775032 12  74
0.077434 2  22
0.0773137 49  64
0.0771071 15  18
0.0770661 0  19
0.0769834 6  40
0.0767715 21  73
0.0764354 16  70
0.0756181 5  16
0.0755533 31  75
0.0751962 18  58
0.0751942 67  72
0.0749851 31  53
0.0748932 1  71
0.0741002 3  71
0.0739553 33  71
0.0738462 50  58
0.0736584 47  49
0.0735736 24  69
0.0735006 44  58
0.0734301 39  44
0.0733569 4  25
0.0732903 47  74
0.0731148 6  17
0.072942 2  35
0.072831 0  11
0.0727743 10  26
0.072419 73  74
0.0722161 32  37
0.0717906 47  55
0.0716861 15  24
0.0715282 3  67
0.0714162 12  15
0.0713285 14  32
0.071184 15  33
0.0711059 33  62
0.0710801 21  43
0.0707073 5  26
0.0701199 8  43
0.0698477 33  46
0.0698214 38  64
0.0689159 0  18
0.0687456 24  70
0.0687249 35  64
0.068229 46  67
0.0681955 19  53
0.0681884 11  34
0.0681349 26  59
0.0681093 32  53
0.0680111 0  69
0.0671324 32  65
0.0670562 49  59
0.0670456 54  65
0.0664125 67  73
0.0663744 3  30
0.0662894 1  5
0.0662724 6  33
0.0662663 7  47
0.0660617 0  4
0.0656773 30  72
0.0654094 21  74
0.0653685 66  70
0.0653022 12  38
0.0652949 5  40
0.0650719 19  34
0.0649994 17  20
0.0648569 26  68
0.0646521 26  54
0.064439 18  49
0.0644229 28  36
0.0639983 51  57
0.063932 16  51
0.0639062 2  65
0.0637973 6  49
0.0637115 14  34
0.0634561 6  27
0.0632763 58  59
0.0632641 13  31
0.0632056 16  20
0.0632016 50  61
0.0631359 17  24
0.0628463 17  31
0.0624838 4  62
0.0623581 29  48
0.0621813 60  74
0.0618727 35  38
0.061725 25  59
0.0615682 21  38
0.0614061 36  45
0.0614011 12  39
0.0613291 9  44
0.0612183 20  22
0.0609625 33  58
0.0608497 1  13
0.0606786 56  62
0.0606489 57  64
0.060643 65  75
0.0604486 56  68
0.060084 15  65
0.0593424 46  65
0.0592286 32  40
0.0590943 17  32
0.0588947 63  68
0.0588221 35  58
0.0588106 32  56
0.0584149 30  55
0.0582975 26  28
0.058008 21  25
0.0576918 27  36
0.0576824 26  65
0.0576282 1  4
0.0576001 2  64
0.0574343 18  43
0.0574087 16  43
0.05738 29  68
0.057307 8  21
0.0571897 62  63
0.0570852 45  75
0.0569781 34  58
0.0567611 6  43
0.0567483 4  19
0.0566324 55  62
0.0565021 38  48
0.0562082 8  42
0.0561825 11  16
0.056178 46  68
0.0561085 11  46
0.0559669 30  40
0.0559417 0  55
0.055932 11  28
0.0555432 45  71
0.0554494 13  55
0.055023 26  35
0.0549725 22  24
0.0548372 11  33
0.0546191 29  70
0.0546172 30  44
0.054442 14  60
0.0541465 44  70
0.054109 7  56
0.0540899 18  73
0.0540642 23  32
0.0539447 19  23
0.0539046 59  62
0.0536438 18  23
0.0536314 5  19
0.0536297 29  34
0.0535114 33  56
0.0531982 25  38
0.0531473 36  73
0.0531435 10  39
0.0529333 23  58
0.0525956 51  62
0.0521506 15  58
0.0520732 13  23
0.0519087 29  55
0.0513565 47  57
0.0512755 3  11
0.0510183 5  14
0.0510126 17  34
0.0509228 12  24
0.0508162 2  41
0.0504914 1  11
0.0504065 6  64
0.0500727 42  62
0.050054 24  64
0.0498705 22  74
0.0498608 17  21
0.0498101 31  72
0.049605 30  36
0.0495756 33  40
0.0495552 15  29
0.0495517 1  6
0.0494746 47  51
0.0493284 10  25
0.0492908 34  38
0.0492871 22  43
0.0492109 37  64
0.0491529 37  48
0.0490044 64  65
0.0489682 5  31
0.0486011 10  44
0.0485403 40  62
0.048408 63  64
0.0484006 24  36
0.048221 30  70
0.0480732 42  50
0.0479841 38  72
0.0478233 12  48
0.0477865 57  67
0.0477332 16  73
0.0476405 15  71
0.0474246 12  34
0.0471991 19  35
0.0471184 22  71
0.047084 22  72
0.0468355 27  47
0.046261 9  26
0.0461794 26  29
0.0461509 61  66
0.0461194 3  36
0.0459827 59  71
0.0457923 24  66
0.0457425 26  40
0.0457223 18  39
0.0453926 4  71
0.0452726 33  39
0.0451355 57  62
0.0446506 5  38
0.0441564 40  74
0.044138 10  60
0.0440203 51  63
0.0439396 64  72
0.043664 39  71
0.0436489 3  20
0.0435498 62  71
0.0435306 24  38
0.0428356 33  52
0.0428244 54  59
0.0427181 20  43
0.0426998 45  72
0.0424966 9  59
0.0419792 44  72
0.0419259 15  38
0.041814 43  52
0.0415997 24  29
0.0415633 35  43
0.0412862 7  22
0.0411568 2  48
0.0409877 24  62
0.0403936 19  24
0.0402783 1  40
0.0400362 26  53
0.0396616 5  68
0.038767 51  55
0.0385537 20  36
0.0383732 15  31
0.0383619 46  66
0.0383154 4  20
0.0381838 52  59
0.0379416 68  75
0.0379283 34  50
0.0377424 64  75
0.0376642 5  17
0.0375939 10  69
0.0375897 26  52
0.0375472 55  64
0.0372737 46  50
0.0371632 25  31
0.0370495 4  51
0.0368447 29  51
0.0368388 32  72
0.0367211 3  40
0.0366008 12  32
0.0365853 7  36
0.0365199 8  14
0.0364789 32  55
0.0363057 31  67
0.0361393 50  60
0.0361299 34  46
0.0360402 10  20
0.0360366 1  38
0.03595 51  59
0.0358684 13  48
0.0358546 12  17
0.0355407 37  50
0.0355314 51  52
0.0355128 44  75
0.0353973 5  33
0.0353969 43  59
0.0352609 36  74
0.0351898 22  34
0.0349177 4  65
0.0348473 4  64
0.0348342 2  25
0.0344379 55  58
0.0342987 22  58
0.034204 18  24
0.0340174 55  71
0.0339601 47  68
0.0338819 39  74
0.0338701 8  17
0.0337913 59  68
0.0337713 3  12
0.0336311 37  47
0.0334476 34  62
0.0331504 23  66
0.0331253 43  70
0.0330078 37  66
0.0329167 48  51
0.0327401 21  29
0.0325954 37  45
0.0324665 2  70
0.0324176 10  71
0.0322932 17  70
0.0319809 49  65
0.0316699 1  67
0.0316637 48  73
0.0316394 47  59
0.031281 14  58
0.0310044 45  73
0.0307464 27  69
0.0307122 37  67
0.0304094 18  25
0.0301774 47  61
0.0301733 18  35
0.0299238 25  34
0.0298882 9  23
0.0297059 6  15
0.0296959 26  73
0.0296411 39  58
0.0295515 24  39
0.0292876 45  68
0.0292413 28  59
0.0291835 24  71
0.0291814 0  40
0.0290659 45  60
0.0290646 28  54
0.0290593 10  17
0.0290556 21  27
0.0285229 1  32
0.0285095 36  38
0.0284946 2  4
0.0284376 37  41
0.0284089 38  62
0.0284035 37  70
0.0283885 55  65
0.028271 9  62
0.0282056 32  47
0.0280773 11  66
0.0280506 1  56
0.02785 6  45
0.0276965 19  36
0.0275844 13  57
0.0275052 33  36
0.0271748 17  73
0.0269269 31  43
0.0267806 32  51
0.026726 26  75
0.0265965 16  37
0.0265929 31  69
0.0265615 31  52
0.026528 20  38
0.0263679 46  71
0.0261167 14  55
0.0255878 16  45
0.0254913 16  40
0.0252493 11  63
0.0252225 66  68
0.0252214 22  70
0.0251959 60  69
0.0251827 1  2
0.024846 33  65
0.0246051 52  63
0.0243055 47  54
0.0241922 28  73
0.0237985 11  19
0.0235915 47  53
0.0233826 32  44
0.0233756 5  11
0.0231005 11  13
0.0230882 67  71
0.023035 50  67
0.0227204 10  15
0.0226352 58  71
0.0224 0  24
0.0222848 39  73
0.0221955 20  44
0.0221435 36  42
0.0221038 20  31
0.0220862 45  48
0.02191 1  9
0.02186 2  18
0.0218285 5  56
0.0218206 0  7
0.0217769 1  25
0.0217363 32  42
0.0215085 26  55
0.0214985 18  36
0.0214576 33  43
0.0214153 8  41
0.0213172 18  27
0.0209873 16  34
0.0209588 2  7
0.0208669 19  21
0.0208266 13  45
0.020638 58  70
0.0204733 51  74
0.0202807 26  44
0.0202227 13  59
0.0197924 5  7
0.0196878 3  6
0.0194158 28  43
0.0189147 6  18
0.0188916 6  67
0.0188383 4  14
0.0188372 34  51
0.0188304 36  39
0.0188111 37  65
0.0187746 0  10
0.0185642 71  75
0.0184895 4  44
0.01844 46  49
0.0183893 61  62
0.0182548 28  42
0.0182087 30  46
0.0180872 44  48
0.0180591 50  63
0.0179933 16  75
0.0177402 35  37
0.0176002 24  35
0.0175674 2  16
0.0174651 26  66
0.0172801 51  65
0.017268 35  71
0.0171188 64  73
0.0169608 41  44
0.0166978 15  40
0.0165457 4  17
0.0165162 26  56
0.0162632 12  31
0.0160736 32  35
0.0160541 49  72
0.0160429 4  46
0.0159843 27  46
0.0158422 40  70
0.0158046 17  64
0.0157622 6  41
0.0156317 33  69
0.0155967 58  67
0.0153785 38  50
0.0153532 58  68
0.0153399 42  59
0.0150878 7  46
0.0147989 9  57
0.0147188 7  31
0.0146289 2  11
0.0145851 2  12
0.0145167 4  39
0.014444 2  6
0.0144304 45  56
0.013872 53  65
0.0138404 14  33
0.0137734 0  59
0.0137386 35  39
0.0135815 2  15
0.0135736 30  57
0.0135432 2  19
0.0134074 24  43
0.0133951 50  73
0.0133186 25  47
0.0131444 34  42
0.0131238 21  63
0.0130093 23  53
0.0130052 17  55
0.0124425 9  56
0.0124276 12  62
0.0123762 9  46
0.012301 9  36
0.0122732 23  44
0.0122311 33  50
0.0121095 5  18
0.0118609 3  72
0.0115965 22  40
0.0115471 15  30
0.0115176 4  50
0.0113737 17  66
0.0112053 1  21
0.0111254 39  66
0.0108683 5  13
0.010843 41  47
0.0107479 20  41
0.0106943 0  3
0.0105832 27  65
0.0101137 41  63
0.00978886 40  42
0.00969146 55  69
0.00962654 12  71
0.00951014 33  73
0.00948632 14  43
0.0093928 58  69
0.0093715 3  37
0.00935851 66  74
0.00905812 0  20
0.00903052 3  18
0.00889272 3  8
0.00885542 11  44
0.00875319 24  53
0.00872906 46  73
0.00859928 68  73
0.00849697 47  75
0.0084528 40  49
0.00828694 16  49
0.00820139 21  61
0.00819424 1  42
0.00789307 14  42
0.0077838 23  64
0.00734957 0  22
0.00726751 11  69
0.00726518 6  66
0.00719458 5  20
0.0070805 32  33
0.00707098 47  50
0.0069935 23  67
0.00699291 25  66
0.00681965 60  68
0.00670752 0  23
0.00590445 61  74
0.00581327 62  70
0.0058061 14  39
0.00579143 4  24
0.00565813 0  16
0.00552096 5  42
0.00508113 8  38
0.0050559 33  55
0.0047613 37  52
0.00464516 8  72
0.00451967 9  24
0.00429745 36  53
0.00401503 27  38
0.00400707 10  32
0.00400588 11  26
0.0039962 9  45
0.00377838 32  57
0.00375268 5  69
0.00345471 15  62
0.00345394 47  63
0.00344761 7  23
0.00311663 12  41
0.00308182 0  6
0.00290659 9  41
0.00271275 51  54
0.00270018 56  74
0.00269064 20  27
0.00258705 35  50
0.00241618 43  48
0.00238088 13  26
0.00227399 37  75
0.00198117 13  15
0.00197787 18  41
0.00197358 2  14
0.00175897 3  44
0.00163087 28  70
0.00152946 36  46
0.00142185 25  63
0.00135153 33  72
0.00124047 25  65
0.00119677 55  66
0.00109924 39  47
0.000963146 3  7
0.000893167 28  32
0.0007555 28  33
0.00061153 11  59
0.000563248 27  55
0.000544705 20  25
0.000532075 7  61
0.000488322 11  23
0.000392685 43  75
0.000352643 22  28
0.000126746 14  23
0.000102104 20  24
8.27524e-05 68  70
8.27421e-06 3  42
-0.000111468 58  74
-0.000141045 49  71
-0.000185893 9  64
-0.000200246 24  33
-0.000326731 17  18
-0.000463548 19  55
-0.000568408 36  57
-0.00091721 6  58
-0.0012396 9  27
-0.00133666 12  75
-0.00145598 38  46
-0.0015601 28  61
-0.00167868 20  66
-0.00180803 7  41
-0.00190401 35  48
-0.00198596 27  32
-0.00209637 23  35
-0.00223429 37  49
-0.00254313 20  55
-0.00262085 27  71
-0.00267864 18  40
-0.00271863 16  66
-0.00274261 6  26
-0.00296625 8  65
-0.00321035 22  39
-0.00326765 6  19
-0.00336849 33  54
-0.00342758 5  65
-0.00362594 12  29
-0.00374286 70  74
-0.00384931 26  67
-0.00387432 22  33
-0.00392629 47  67
-0.00403208 69  70
-0.00416741 7  15
-0.00425811 50  59
-0.00429112 46  52
-0.00432968 4  34
-0.00436225 35  63
-0.00438698 12  37
-0.00443171 26  51
-0.00458777 0  46
-0.00472657 30  50
-0.00492285 15  63
-0.00495679 39  42
-0.00500277 17  25
-0.00508383 52  67
-0.00513189 15  22
-0.00521223 42  74
-0.00534643 23  65
-0.00545992 48  75
-0.00569861 20  29
-0.00595309 48  62
-0.00603797 45  51
-0.00615639 56  64
-0.00621804 11  18
-0.00637651 2  8
-0.00639192 15  41
-0.00642193 28  56
-0.00647684 38  44
-0.00691122 38  71
-0.00691838 0  65
-0.00706852 13  56
-0.00719233 0  30
-0.00721638 6  46
-0.00730014 30  51
-0.00753677 17  51
-0.00779577 26  74
-0.0078023 14  36
-0.00814236 44  51
-0.00844431 9  11
-0.00848268 12  60
-0.00859794 12  20
-0.00861577 43  47
-0.00864575 10  18
-0.00874434 0  39
-0.00874702 15  64
-0.00890541 20  47
-0.00903698 25  28
-0.00913862 5  72
-0.00917982 20  69
-0.00922214 26  72
-0.00928244 40  44
-0.00934566 4  16
-0.0094428 17  60
-0.00947654 41  49
-0.00950173 1  18
-0.0100124 18  44
-0.0101047 14  70
-0.0104139 43  50
-0.0104983 18  38
-0.0105728 69  74
-0.0106426 38  51
-0.0107689 7  43
-0.0108019 19  40
-0.0108992 26  36
-0.0109816 8  71
-0.0111331 0  8
-0.0113502 29  32
-0.0114252 33  49
-0.0114609 66  75
-0.0115403 8  20
-0.0116356 51  53
-0.0116682 42  75
-0.0119188 14  31
-0.0121003 29  46
-0.0121336 0  35
-0.0121912 43  73
-0.0122747 3  16
-0.0123324 19  61
-0.0124429 13  54
-0.012591 23  73
-0.0126736 7  26
-0.0127285 23  60
-0.0127831 3  29
-0.0130654 3  51
-0.0132375 16  41
-0.0133124 3  39
-0.013327 9  47
-0.013524 5  71
-0.0135951 9  51
-0.0139039 55  67
-0.0139727 8  55
-0.0140031 14  49
-0.0140897 15  36
-0.0142705 34  37
-0.0144112 35  61
-0.0144719 31  41
-0.014603 36  51
-0.0146093 8  27
-0.0146399 15  59
-0.014837 26  64
-0.0150972 42  61
-0.0151671 27  75
-0.0154378 35  74
-0.0155321 29  50
-0.0158682 43  51
-0.0158868 7  57
-0.0158961 20  73
-0.0160482 44  73
-0.0161596 15  42
-0.0162521 7  75
-0.0163096 13  64
-0.0165002 64  68
-0.0169419 34  43
-0.0169582 24  49
-0.0169601 18  26
-0.0170066 0  73
-0.0170616 43  67
-0.0171378 25  27
-0.0172785 40  46
-0.0173305 40  63
-0.0173891 14  41
-0.0174092 8  63
-0.0174888 4  13
-0.0175721 29  75
-0.0176061 18  74
-0.0176363 3  41
-0.0176527 36  41
-0.0177074 17  71
-0.0177291 58  64
-0.0177398 16  65
-0.0177419 22  45
-0.0178191 42  51
-0.0179109 7  40
-0.0179736 36  60
-0.0180816 28  68
-0.0183658 14  61
-0.0187453 8  40
-0.0189307 6  22
-0.0189898 6  47
-0.0190968 40  48
-0.0191443 36  72
-0.0191505 23  26
-0.0193766 40  50
-0.0196583 12  30
-0.019834 3  24
-0.0198577 61  73
-0.0199703 38  45
-0.0200939 50  65
-0.0201184 49  61
-0.0201477 26  45
-0.0202186 45  54
-0.0203037 37  72
-0.0203827 15  19
-0.0204685 2  20
-0.0204749 5  37
-0.0205786 19  58
-0.0206187 54  67
-0.020664 37  68
-0.0207153 37  69
-0.0207822 2  13
-0.0208219 40  69
-0.0208756 4  26
-0.0210078 16  26
-0.0211053 7  11
-0.0212445 12  25
-0.0213408 44  62
-0.0213812 47  52
-0.0213945 17  69
-0.0214464 39  72
-0.021495 43  61
-0.0215593 1  20
-0.021577 44  71
-0.021588 5  34
-0.0216719 12  69
-0.0218128 17  75
-0.0218869 30  39
-0.0220524 9  40
-0.0221267 23  71
-0.0221335 51  56
-0.0221744 47  66
-0.0221748 32  63
-0.0222208 30  47
-0.0222465 18  42
-0.0223053 1  15
-0.0223371 5  64
-0.0223679 15  66
-0.022408 21  28
-0.0224307 15  43
-0.0225537 22  65
-0.0227221 8  18
-0.0230649 39  67
-0.0230688 12  46
-0.0232022 6  37
-0.0232132 11  21
-0.0234838 6  39
-0.0235652 25  35
-0.0235838 19  75
-0.0236044 25  67
-0.023697 27  34
-0.0237236 28  47
-0.0237347 21  30
-0.0238046 27  49
-0.0238107 60  72
-0.0238821 8  59
-0.0239906 41  64
-0.024306 47  64
-0.0244363 5  15
-0.0245717 42  63
-0.0246005 32  59
-0.0246722 66  69
-0.0247864 39  75
-0.0249099 19  30
-0.025084 31  65
-0.0251193 29  57
-0.0251305 32  74
-0.0252056 10  58
-0.0252622 24  55
-0.0252927 32  49
-0.0254835 5  25
-0.0255504 21  39
-0.0255619 24  67
-0.0256028 13  52
-0.0256493 49  60
-0.0257558 17  61
-0.0257905 49  68
-0.0260152 16  61
-0.0261163 29  63
-0.0261573 14  37
-0.026218 18  55
-0.0262458 49  51
-0.0265266 9  43
-0.0266799 20  34
-0.0266833 42  48
-0.0267037 31  50
-0.0267042 60  67
-0.0269205 4  23
-0.0270252 22  56
-0.0271226 13  17
-0.0272532 25  45
-0.0273 58  61
-0.0275206 37  74
-0.0277685 32  75
-0.0278025 41  66
-0.0279416 18  33
-0.0280228 24  56
-0.0280311 56  67
-0.0281746 40  45
-0.0282247 14  17
-0.0282771 0  9
-0.0283263 15  68
-0.0284594 0  13
-0.0286291 45  52
-0.0287767 19  27
-0.0288498 33  70
-0.0288916 3  23
-0.0289202 39  48
-0.0290161 1  69
-0.0290328 6  59
-0.0290752 29  31
-0.0290954 7  48
-0.0291111 9  22
-0.0291523 12  72
-0.0293693 30  74
-0.0294895 17  26
-0.0295645 48  56
-0.0296565 34  35
-0.0296831 3  69
-0.0297592 16  63
-0.0298166 1  22
-0.0298439 24  73
-0.0298854 4  32
-0.0300528 12  43
-0.0301965 14  16
-0.0302486 0  50
-0.0302983 42  64
-0.0303387 42  67
-0.0305984 34  71
-0.0306601 63  69
-0.0307839 9  42
-0.0308188 19  66
-0.0309239 14  40
-0.0309678 34  47
-0.0311233 9  54
-0.0311506 23  70
-0.0313322 31  59
-0.0313405 25  64
-0.031486 28  46
-0.0314864 13  28
-0.0316203 27  72
-0.0316567 11  41
-0.0317096 6  71
-0.0317898 40  73
-0.0320707 27  53
-0.0321031 11  56
-0.0321138 45  55
-0.0321257 28  35
-0.0321475 4  10
-0.0321527 7  27
-0.0322749 23  55
-0.0323169 65  74
-0.0323749 13  72
-0.0324354 20  42
-0.0325272 2  42
-0.032537 23  40
-0.0325776 34  44
-0.032607 49  74
-0.0326406 41  69
-0.0327043 56  75
-0.032743 40  47
-0.0328372 9  39
-0.03301 5  62
-0.0330109 28  60
-0.0333268 44  56
-0.0333521 18  48
-0.033372 6  42
-0.0333871 9  50
-0.0335549 23  36
-0.0336239 0  72
-0.0336506 7  58
-0.033859 11  65
-0.033872 1  8
-0.0342702 41  58
-0.0342867 30  53
-0.0342908 28  49
-0.034362 5  27
-0.0344225 8  28
-0.034438 13  51
-0.0344946 0  68
-0.0345583 1  33
-0.0345999 38  49
-0.0346965 10  27
-0.0347354 26  48
-0.0347509 3  13
-0.0347527 29  60
-0.0351714 22  32
-0.0351778 2  74
-0.0352729 56  59
-0.0353955 11  71
-0.0355057 33  41
-0.0358 15  37
-0.0358653 33  42
-0.0359873 20  74
-0.0360412 13  40
-0.0360484 15  53
-0.0360986 31  48
-0.0361531 56  70
-0.0363738 30  66
-0.0367078 10  54
-0.0367973 19  44
-0.0369188 20  40
-0.0371586 19  49
-0.0372349 26  31
-0.0372777 2  68
-0.0373869 10  63
-0.0374694 22  27
-0.0375551 24  27
-0.0375781 10  61
-0.0376258 60  73
-0.0376357 60  64
-0.0376634 32  64
-0.0377051 9  52
-0.0377859 4  15
-0.0378374 17  50
-0.038047 2  27
-0.0382273 45  64
-0.0382288 20  63
-0.0383989 9  28
-0.0385442 6  38
-0.0386243 26  71
-0.038704 0  49
-0.0388542 7  65
-0.038861 27  57
-0.038877 15  75
-0.0389863 18  30
-0.0391074 19  70
-0.0393303 10  16
-0.039473 16  74
-0.0397137 11  38
-0.0397877 48  49
-0.039842 68  74
-0.0398861 19  69
-0.0399215 26  70
-0.039957 3  25
-0.0399686 38  75
-0.0400116 13  62
-0.0400195 12  70
-0.0400895 19  43
-0.0401229 19  42
-0.0401416 39  68
-0.0401482 47  56
-0.0402297 3  64
-0.0402814 35  47
-0.0403502 21  75
-0.0404843 32  48
-0.0405225 0  42
-0.040617 17  43
-0.0407413 51  66
-0.0407494 14  15
-0.0409709 9  48
-0.040999 31  64
-0.0410202 28  53
-0.0410758 13  42
-0.0411456 41  61
-0.0414641 57  66
-0.0415391 15  16
-0.0416006 19  50
-0.0416981 44  52
-0.0419877 19  33
-0.0421517 4  33
-0.0421602 35  44
-0.0421758 4  63
-0.0423179 21  69
-0.0424753 4  27
-0.0424779 0  51
-0.0425553 13  44
-0.0425597 50  72
-0.0425648 15  56
-0.0425763 51  71
-0.0425834 28  74
-0.0427548 15  55
-0.0427625 71  73
-0.0427651 0  75
-0.0428901 27  58
-0.0428939 37  54
-0.0428994 8  49
-0.0429095 37  55
-0.042928 16  33
-0.0429524 36  59
-0.0431414 20  48
-0.0432189 36  52
-0.0433152 40  56
-0.0433529 1  36
-0.0433537 9  75
-0.0433567 62  74
-0.0434071 16  30
-0.0434122 18  31
-0.0434952 11  14
-0.0435007 3  66
-0.0435671 8  66
-0.0437122 49  56
-0.043813 45  67
-0.0438219 31  46
-0.0438818 13  37
-0.043968 9  25
-0.0439885 70  75
-0.0440345 19  68
-0.0440813 63  75
-0.0441208 41  72
-0.0441541 23  74
-0.0442268 23  38
-0.0446042 13  27
-0.0448166 30  43
-0.0449492 43  56
-0.0452588 45  74
-0.0453277 36  56
-0.0454993 37  71
-0.0455928 16  71
-0.045665 17  19
-0.0459165 6  32
-0.0461436 24  31
-0.0461899 22  73
-0.0462774 44  65
-0.0463466 10  55
-0.046388 13  39
-0.0464112 20  70
-0.0466026 8  56
-0.0466809 15  46
-0.0467186 19  37
-0.0468666 59  67
-0.0468951 40  58
-0.04704 17  65
-0.0471358 21  45
-0.0471539 7  45
-0.0472631 48  72
-0.0473274 11  15
-0.0473845 34  45
-0.0474224 4  42
-0.0474935 14  57
-0.0475066 15  26
-0.0475464 3  45
-0.0476353 4  7
-0.0476488 0  15
-0.0478455 27  64
-0.0479499 3  9
-0.0480168 13  18
-0.0480337 15  48
-0.0480392 15  45
-0.0482304 20  53
-0.0482692 25  75
-0.0483744 32  46
-0.048517 36  67
-0.0486288 10  31
-0.0486572 0  32
-0.048799 3  35
-0.0489417 8  16
-0.0490082 29  66
-0.0491032 56  63
-0.0491993 48  63
-0.0492219 28  63
-0.0493683 5  10
-0.0494078 15  60
-0.049424 31  49
-0.0498396 7  72
-0.0498401 5  8
-0.0500208 26  39
-0.0500578 6  10
-0.050279 18  52
-0.050355 15  35
-0.0503646 26  32
-0.050525 21  46
-0.0507247 14  67
-0.0507327 6  11
-0.0508779 37  53
-0.0509828 11  61
-0.0511023 5  61
-0.0511066 17  53
-0.0511497 3  21
-0.0511721 25  72
-0.0515351 9  17
-0.0515484 7  19
-0.0516219 24  52
-0.0518687 14  66
-0.0518804 5  9
-0.0519446 23  46
-0.0519583 22  37
-0.0519811 1  68
-0.0520585 38  69
-0.0521286 36  70
-0.0522314 19  71
-0.0522571 39  63
-0.0522753 43  69
-0.0522965 44  53
-0.0523231 7  54
-0.0523779 29  47
-0.0524296 18  47
-0.0524529 46  47
-0.0525035 37  60
-0.0525106 53  63
-0.0526134 48  68
-0.0526265 8  60
-0.0527232 55  59
-0.0527335 23  27
-0.0527572 13  53
-0.0528022 45  57
-0.0528043 38  61
-0.052899 29  45
-0.0529023 54  63
-0.0529047 3  33
-0.0529442 22  26
-0.0532817 50  71
-0.0533876 1  65
-0.0535155 45  70
-0.0535491 44  60
-0.0535821 66  72
-0.0535892 3  34
-0.0536056 21  62
-0.0536474 30  61
-0.0538251 43  55
-0.0538743 36  43
-0.0540075 38  67
-0.054148 14  48
-0.0541506 44  47
-0.0542826 27  51
-0.0543104 35  67
-0.0543618 7  17
-0.0548646 14  56
-0.0549081 3  74
-0.0549376 62  68
-0.0550777 0  67
-0.0551394 2  9
-0.0552325 16  39
-0.0553289 3  47
-0.0553785 23  69
-0.0557858 61  72
-0.0559141 32  39
-0.0559998 4  40
-0.0560571 38  74
-0.0560867 13  74
-0.0561011 41  48
-0.0562015 0  31
-0.05635 36  40
-0.056743 23  61
-0.0567711 36  48
-0.0569435 44  54
-0.0572444 3  14
-0.0572562 9  16
-0.0574442 65  69
-0.0576621 36  55
-0.0578041 8  69
-0.0580265 11  20
-0.0583393 43  64
-0.058356 14  59
-0.0584149 63  66
-0.0584383 7  52
-0.0584864 19  26
-0.0586382 12  42
-0.0586507 31  58
-0.0588678 12  23
-0.0589464 36  49
-0.0589705 7  73
-0.059096 53  74
-0.0591498 21  55
-0.0593342 29  35
-0.059485 24  50
-0.05962 31  71
-0.0597057 6  35
-0.0600419 9  69
-0.0600578 10  75
-0.0602767 3  48
-0.0603814 11  40
-0.0604309 29  74
-0.0604764 9  35
-0.0605169 2  23
-0.0606532 25  70
-0.06066 28  72
-0.0609128 4  49
-0.0609412 18  37
-0.0609751 0  43
-0.0611076 61  67
-0.0611565 43  63
-0.0611586 8  25
-0.0613439 41  70
-0.0613546 37  57
-0.0614231 28  71
-0.0614639 15  28
-0.0615109 17  27
-0.0616364 32  62
-0.0617224 28  64
-0.0617423 19  74
-0.0617654 21  50
-0.0619401 9  73
-0.0619601 14  19
-0.0620555 2  30
-0.0621414 65  68
-0.0621778 36  63
-0.0622077 32  41
-0.0623695 32  60
-0.0624099 27  59
-0.0624539 27  44
-0.0625618 5  50
-0.0625783 46  56
-0.0625979 16  64
-0.062772 44  49
-0.0629255 1  26
-0.0629983 13  25
-0.0630007 1  53
-0.0631632 4  9
-0.0633216 12  55
-0.0633457 3  17
-0.063375 14  68
-0.0634528 2  10
-0.0635993 41  56
-0.0636769 2  31
-0.0637495 4  73
-0.0637564 21  36
-0.0639068 23  75
-0.0639453 20  52
-0.0639983 43  58
-0.0640041 7  69
-0.0640492 18  56
-0.0641617 17  57
-0.0643818 64  71
-0.0644663 11  43
-0.0645028 3  49
-0.064538 45  61
-0.064559 29  64
-0.064739 0  70
-0.0647968 1  28
-0.0649288 37  59
-0.0650433 9  31
-0.0650519 18  59
-0.0651939 5  74
-0.0652268 43  74
-0.0655696 44  74
-0.0655879 42  49
-0.065715 7  71
-0.0658738 8  19
-0.0660215 24  72
-0.0661684 16  50
-0.0661919 0  48
-0.0662473 17  59
-0.0663863 22  36
-0.0665054 67  74
-0.0665996 21  72
-0.0667537 4  35
-0.0669285 14  64
-0.066995 58  72
-0.0670831 5  75
-0.0670941 53  70
-0.0671842 39  61
-0.0673234 14  54
-0.0673737 9  37
-0.0674074 5  41
-0.0674462 40  68
-0.0674647 5  49
-0.067572 43  68
-0.0676484 0  44
-0.0677912 0  12
-0.0680731 60  75
-0.0681806 1  10
-0.0682304 13  66
-0.0682429 26  34
-0.0683908 13  73
-0.0684095 10  57
-0.0685336 12  19
-0.0686365 6  20
-0.0686656 16  27
-0.0686958 25  37
-0.0687611 35  73
-0.0688053 39  45
-0.0688573 21  65
-0.0689076 9  53
-0.0691082 8  47
-0.0691207 51  69
-0.0692339 19  46
-0.0693193 44  57
-0.069384 34  39
-0.0695418 21  42
-0.0696977 41  55
-0.069708 2  43
-0.0699084 43  62
-0.0700116 15  70
-0.0702108 26  46
-0.0702641 38  43
-0.0702775 31  40
-0.0702965 35  49
-0.0705727 59  64
-0.0705794 1  47
-0.0705973 1  51
-0.0706549 6  50
-0.0707553 25  69
-0.0707751 11  75
-0.0708765 63  72
-0.0711499 53  67
-0.0713298 14  52
-0.0716205 11  53
-0.0717077 37  51
-0.0717131 3  27
-0.0717785 17  41
-0.0718451 11  49
-0.0720312 10  52
-0.0720954 15  49
-0.0721945 26  30
-0.0723082 40  71
-0.072316 25  71
-0.0723778 14  26
-0.0725499 24  46
-0.0725848 0  53
-0.0726514 3  10
-0.0726701 27  30
-0.0727871 9  15
-0.0729114 65  70
-0.0730106 43  54
-0.0730547 7  44
-0.0731389 7  53
-0.0731884 23  54
-0.0732366 30  60
-0.073289 46  62
-0.0734504 21  66
-0.0735279 7  74
-0.0736271 8  23
-0.0737026 13  46
-0.0737179 23  50
-0.074054 8  48
-0.0742193 15  47
-0.0742553 12  61
-0.0744379 5  51
-0.0744644 2  36
-0.0745984 56  66
-0.0747087 61  65
-0.0748207 4  75
-0.0748983 20  71
-0.0749193 18  50
-0.074944 15  52
-0.0749773 24  65
-0.0750065 31  38
-0.0750349 23  56
-0.0750555 0  26
-0.0750647 44  55
-0.0754385 1  12
-0.075605 28  48
-0.0758966 6  51
-0.0765777 59  73
-0.0765806 69  75
-0.0765906 3  60
-0.0766521 9  65
-0.0766739 16  47
-0.0767347 24  37
-0.0768399 9  67
-0.0770062 25  48
-0.0770073 60  65
-0.0770472 61  70
-0.0771769 53  69
-0.0773583 40  43
-0.0774073 13  75
-0.0774105 24  26
-0.077464 35  54
-0.0775658 32  73
-0.0776596 10  45
-0.0776627 8  70
-0.0776636 37  56
-0.0777194 17  42
-0.0777265 34  59
-0.0778186 25  30
-0.0778956 41  59
-0.0781044 22  42
-0.0781916 35  70
-0.0782066 5  58
-0.0782916 53  68
-0.0783523 26  60
-0.0783542 24  28
-0.0784866 7  20
-0.0785527 24  58
-0.0787638 36  37
-0.0789775 2  59
-0.079036 5  12
-0.0791667 64  70
-0.0791815 28  51
-0.0792181 19  64
-0.0792241 14  51
-0.0792912 10  56
-0.0793251 13  47
-0.0794799 55  75
-0.0797661 70  73
-0.0798235 31  61
-0.0798685 51  68
-0.079884 23  52
-0.0802571 10  51
-0.0803466 14  20
-0.0803997 10  72
-0.0805077 20  60
-0.0805419 24  60
-0.0805729 24  68
-0.0805933 15  61
-0.0806518 6  28
-0.080699 13  50
-0.0807185 17  40
-0.0808994 3  53
-0.0810665 43  49
-0.0812325 26  61
-0.0812589 25  29
-0.0814294 46  60
-0.0815169 19  39
-0.0815529 12  66
-0.0815693 10  34
-0.0816163 2  50
-0.0816616 35  55
-0.0817508 4  12
-0.0819632 25  73
-0.0820697 3  46
-0.0820776 35  40
-0.0821446 48  69
-0.0822935 25  26
-0.0822974 10  53
-0.0824033 28  69
-0.0825465 10  65
-0.0825839 1  27
-0.0826702 9  21
-0.0826711 11  74
-0.0827367 18  66
-0.0828752 14  74
-0.082877 10  37
-0.0830583 12  36
-0.0830604 1  74
-0.0830929 10  66
-0.0831369 7  42
-0.0832891 61  69
-0.0834411 1  3
-0.0835045 9  74
-0.083634 18  28
-0.0836907 25  68
-0.0837161 1  66
-0.0837763 24  59
-0.0839549 14  38
-0.0842 45  50
-0.084237 28  50
-0.0842451 61  68
-0.0843423 32  50
-0.0844107 28  52
-0.0848884 19  28
-0.0849461 20  61
-0.0850631 0  58
-0.0850921 54  69
-0.0851118 35  52
-0.0852091 25  53
-0.0852446 26  50
-0.0854554 10  47
-0.0855005 25  61
-0.085529 31  33
-0.0855745 28  75
-0.0855988 19  52
-0.0858487 40  67
-0.0858672 19  31
-0.0859477 12  65
-0.0859709 60  62
-0.0860994 32  43
-0.086144 27  39
-0.0862887 25  41
-0.0867209 5  73
-0.0867581 14  21
-0.0868157 63  70
-0.0868809 48  53
-0.0869059 29  56
-0.0871123 19  60
-0.0872726 18  64
-0.0872969 25  51
-0.0873696 49  66
-0.0874476 45  66
-0.0876562 8  74
-0.0877903 14  71
-0.0878144 15  69
-0.0878657 46  74
-0.0880294 21  68
-0.0881146 1  44
-0.0882854 4  55
-0.0882944 17  47
-0.0883601 10  74
-0.0883691 39  65
-0.0884908 48  60
-0.0886384 23  29
-0.0887313 48  71
-0.0887536 6  68
-0.0887607 16  44
-0.0889028 22  47
-0.0889127 35  75
-0.0889348 0  37
-0.0889467 49  53
-0.0890769 17  39
-0.0891111 7  39
-0.0892637 13  20
-0.0894831 7  29
-0.0894893 33  75
-0.0895961 9  58
-0.089828 1  30
-0.0898512 27  68
-0.0899086 38  65
-0.0899127 0  28
-0.0902287 26  47
-0.0903696 5  22
-0.0905106 41  74
-0.0905912 5  47
-0.0906194 0  45
-0.0907656 17  52
-0.0907659 3  50
-0.0907773 25  42
-0.0908671 12  51
-0.0909494 39  50
-0.0909986 24  48
-0.091162 53  73
-0.091241 42  70
-0.0912654 11  73
-0.0913024 0  27
-0.0914352 36  65
-0.0914593 25  74
-0.0917185 13  43
-0.0917358 1  63
-0.0919447 16  55
-0.0919747 7  62
-0.0920861 13  69
-0.0921239 17  37
-0.0921506 8  35
-0.0921689 10  36
-0.0921947 11  68
-0.0922081 6  70
-0.092364 0  5
-0.0926421 22  41
-0.0926589 9  38
-0.0928693 54  73
-0.0930237 13  41
-0.0930918 4  28
-0.0931892 10  48
-0.0932239 20  28
-0.0932778 19  45
-0.0932901 8  32
-0.0933384 19  47
-0.0934992 64  69
-0.0935012 23  45
-0.0935569 4  43
-0.0936287 63  71
-0.093673 15  50
-0.0939093 29  59
-0.0939472 43  53
-0.0940086 40  72
-0.0940561 25  33
-0.094153 6  63
-0.0942597 24  74
-0.0943723 6  56
-0.0944557 24  32
-0.0945762 22  68
-0.094731 1  41
-0.0948381 21  47
-0.0948568 0  60
-0.0949191 14  45
-0.0952101 36  66
-0.095216 18  46
-0.0952705 51  58
-0.0953019 30  63
-0.0956377 11  60
-0.0957726 11  72
-0.0958206 46  72
-0.0958557 1  23
-0.0958585 14  25
-0.095912 13  71
-0.0959935 51  73
-0.0960067 7  38
-0.0962289 2  33
-0.0963995 7  25
-0.0964078 8  53
-0.0971338 34  48
-0.0971496 59  70
-0.0971786 13  65
-0.0971828 11  42
-0.0971903 16  42
-0.0974154 4  48
-0.0974371 14  53
-0.0975211 37  61
-0.0976264 36  68
-0.0977902 42  55
-0.097796 47  62
-0.0980376 22  66
-0.0980747 22  53
-0.0985118 38  66
-0.0985806 39  56
-0.0985823 33  53
-0.0987848 3  22
-0.0989132 11  47
-0.0989168 6  16
-0.0989778 31  62
-0.0990208 40  65
-0.0990624 18  63
-0.0991078 14  44
-0.0991982 13  70
-0.0992543 13  22
-0.0993482 43  71
-0.0993846 23  51
-0.0994017 38  55
-0.0994338 51  67
-0.0995381 25  32
-0.0996298 64  66
-0.0998996 42  73
-0.0999388 32  66
-0.0999396 6  24
-0.100011 5  46
-0.100046 41  67
-0.100061 24  54
-0.100309 3  56
-0.100402 46  54
-0.100435 53  75
-0.100467 16  35
-0.100523 38  56
-0.100683 29  49
-0.100725 37  58
-0.100817 11  58
-0.100818 8  67
-0.100823 12  18
-0.100833 52  71
-0.100885 20  37
-0.100907 21  40
-0.100948 13  49
-0.101006 1  49
-0.10102 38  52
-0.101161 7  67
-0.101187 51  64
-0.101203 2  44
-0.101232 18  60
-0.101274 36  61
-0.101361 18  53
-0.101423 17  54
-0.101528 7  16
-0.101851 4  56
-0.101914 15  51
-0.10194 63  65
-0.101951 32  68
-0.102062 23  30
-0.102121 0  33
-0.102214 32  38
-0.102267 17  38
-0.10229 35  53
-0.102366 3  26
-0.102484 21  58
-0.102513 12  53
-0.102539 7  51
-0.102561 4  8
-0.10258 12  40
-0.102816 12  47
-0.102853 7  28
-0.102855 30  56
-0.102876 9  20
-0.102905 46  53
-0.102994 14  72
-0.103223 30  68
-0.10327 12  56
-0.103404 36  50
-0.103457 29  40
-0.103588 7  66
-0.103693 17  68
-0.103725 4  21
-0.103932 59  69
-0.10399 2  40
-0.103992 4  47
-0.104022 48  67
-0.10412 35  60
-0.104171 35  46
-0.104198 49  58
-0.104227 2  63
-0.104491 15  57
-0.104553 68  71
-0.104617 52  69
-0.104681 5  59
-0.104726 22  30
-0.104934 9  71
-0.10497 40  66
-0.105019 2  53
-0.105046 30  73
-0.105057 59  66
-0.105131 12  52
-0.105209 45  53
-0.105326 12  50
-0.105393 8  50
-0.105397 33  38
-0.105572 19  48
-0.105616 7  18
-0.105772 23  57
-0.105814 31  45
-0.106017 40  52
-0.106071 51  70
-0.106088 40  61
-0.106198 25  56
-0.106214 9  49
-0.106347 18  65
-0.106388 46  61
-0.106399 7  70
-0.106403 4  53
-0.106534 15  74
-0.106576 27  50
-0.106697 13  21
-0.106725 10  29
-0.106727 18  54
-0.106819 3  73
-0.106828 27  66
-0.107001 10  59
-0.107194 3  70
-0.107269 18  75
-0.107273 6  36
-0.107369 6  48
-0.107407 48  70
-0.107428 44  63
-0.107539 30  64
-0.107577 59  75
-0.107598 8  24
-0.107665 54  74
-0.107715 12  16
-0.107785 12  54
-0.107813 9  29
-0.10796 0  64
-0.108023 18  45
-0.108086 8  52
-0.10842 18  71
-0.108471 2  52
-0.108505 12  27
-0.108734 24  40
-0.108815 43  57
-0.108825 23  48
-0.109037 21  51
-0.109401 11  31
-0.109598 6  53
-0.109619 27  70
-0.109648 27  74
-0.109758 3  61
-0.109949 16  53
-0.110018 10  19
-0.110035 17  62
-0.110056 22  48
-0.110236 29  61
-0.110292 22  75
-0.110327 23  37
-0.110412 17  49
-0.11046 24  30
-0.110464 8  75
-0.11067 8  26
-0.110684 22  60
-0.110713 17  45
-0.110746 33  51
-0.110756 7  37
-0.110818 42  60
-0.110844 11  37
-0.110912 12  33
-0.111272 0  61
-0.111306 18  29
-0.111357 1  60
-0.111487 35  51
-0.111574 50  70
-0.111763 9  72
-0.111825 26  49
-0.111868 62  73
-0.112249 13  16
-0.112276 67  75
-0.112291 48  59
-0.112341 41  71
-0.112431 4  11
-0.112552 48  55
-0.112647 50  64
-0.112677 6  74
-0.112776 44  67
-0.112879 19  65
-0.113105 16  32
-0.113291 39  64
-0.113302 7  24
-0.113445 14  73
-0.11361 38  47
-0.113857 49  52
-0.113871 13  29
-0.113995 31  74
-0.114225 2  60
-0.114256 4  69
-0.11426 2  49
-0.114431 4  41
-0.11448 25  58
-0.114616 10  70
-0.114698 10  43
-0.114764 20  65
-0.114774 14  46
-0.114938 23  62
-0.115103 7  21
-0.115225 44  50
-0.11548 39  53
-0.115506 4  74
-0.115607 11  36
-0.115668 21  41
-0.115701 13  24
-0.115872 5  45
-0.115895 18  69
-0.115998 6  73
-0.116036 12  57
-0.116038 30  59
-0.116149 2  47
-0.116189 41  73
-0.116293 22  35
-0.116525 21  35
-0.116666 62  65
-0.116804 44  61
-0.116818 46  63
-0.11686 34  55
-0.117026 3  28
-0.117087 8  61
-0.117134 39  62
-0.11766 31  42
-0.117758 38  59
-0.117774 16  29
-0.117796 18  22
-0.117804 1  45
-0.117806 51  72
-0.117819 5  53
-0.11786 13  38
-0.117963 17  67
-0.118048 10  22
-0.118121 20  26
-0.118186 27  67
-0.118211 27  56
-0.118242 7  30
-0.118321 5  39
-0.118534 3  32
-0.118819 48  52
-0.119008 5  60
-0.119037 19  54
-0.119141 11  64
-0.119198 9  68
-0.119204 25  55
-0.119522 20  57
-0.119576 21  64
-0.119607 16  60
-0.119608 20  54
-0.119698 28  66
-0.119917 11  67
-0.119961 22  61
-0.12014 46  59
-0.120191 12  59
-0.120288 40  60
-0.120309 33  45
-0.120388 27  33
-0.120492 41  62
-0.120588 15  20
-0.120689 5  43
-0.120777 5  28
-0.120782 38  53
-0.121268 2  66
-0.121458 32  71
-0.121552 13  30
-0.121764 25  44
-0.121914 17  48
-0.121988 2  54
-0.122058 23  33
-0.12228 36  44
-0.12228 11  39
-0.122313 24  75
-0.122328 34  66
-0.122388 9  18
-0.122468 2  55
-0.122473 1  16
-0.122788 60  71
-0.122803 56  65
-0.122828 6  23
-0.123026 46  58
-0.123046 62  72
-0.123242 5  52
-0.123251 24  57
-0.12333 29  65
-0.123369 50  56
-0.123412 14  62
-0.123446 10  33
-0.123696 52  75
-0.12384 58  62
-0.123999 59  72
-0.124026 7  50
-0.124169 44  59
-0.12433 12  68
-0.124594 31  68
-0.124618 12  28
-0.12463 37  62
-0.124752 17  30
-0.124844 5  44
-0.124999 4  52
-0.125009 13  58
-0.125184 33  66
-0.125276 5  24
-0.125374 12  49
-0.125414 20  50
-0.125425 10  42
-0.125515 5  55
-0.125657 8  58
-0.125805 12  35
-0.125816 26  33
-0.125886 2  38
-0.126402 9  19
-0.126451 2  46
-0.126637 16  68
-0.12665 26  63
-0.127109 24  63
-0.127127 16  54
-0.127301 37  63
-0.127363 20  30
-0.127438 14  35
-0.12745 27  60
-0.12749 8  31
-0.127599 21  52
-0.127733 39  55
-0.127762 60  70
-0.127766 3  55
-0.127869 15  54
-0.128066 14  18
-0.128408 16  46
-0.128571 20  56
-0.128674 58  60
-0.128803 1  64
-0.12915 11  48
-0.12933 13  19
-0.129465 38  73
-0.129535 27  48
-0.12972 16  67
-0.129728 9  34
-0.129839 39  52
-0.129901 9  70
-0.130104 19  73
-0.1302 8  64
-0.130523 28  30
-0.130688 23  47
-0.130759 24  61
-0.130793 31  66
-0.130844 54  75
-0.131021 41  53
-0.131051 1  24
-0.131385 5  21
-0.131525 3  43
-0.131539 0  63
-0.131614 6  25
-0.131626 40  51
-0.131657 53  71
-0.1318 16  48
-0.131817 39  54
-0.132175 49  70
-0.132294 3  58
-0.132303 14  29
-0.132368 25  50
-0.132427 12  63
-0.132575 9  66
-0.13269 25  49
-0.132917 4  36
-0.132948 28  65
-0.133358 6  60
-0.133377 34  56
-0.133468 42  71
-0.133533 45  69
-0.133644 52  70
-0.133707 4  54
-0.133782 42  69
-0.133869 6  55
-0.133925 48  54
-0.134364 2  39
-0.1344 41  54
-0.13441 16  36
-0.134435 8  30
-0.134675 53  72
-0.134977 45  63
-0.135035 17  35
-0.135249 41  60
-0.135423 1  29
-0.135466 45  59
-0.135483 10  64
-0.135493 39  69
-0.135735 54  70
-0.135945 24  47
-0.136029 43  65
-0.136069 33  44
-0.136383 16  52
-0.136408 40  54
-0.136482 55  73
-0.136565 66  73
-0.136949 5  36
-0.137036 54  71
-0.137076 15  73
-0.137134 15  72
-0.137479 57  74
-0.137586 19  72
-0.137701 22  64
-0.13794 42  56
-0.137955 21  53
-0.138128 18  57
-0.138158 38  58
-0.138276 2  61
-0.138593 3  52
-0.138612 18  61
-0.138614 36  62
-0.138691 41  52
-0.138766 10  41
-0.139082 55  70
-0.139164 23  42
-0.139348 0  38
-0.139433 25  52
-0.139827 57  71
-0.139838 17  33
-0.139856 0  25
-0.139991 5  48
-0.140054 11  35
-0.140134 31  39
-0.140422 6  62
-0.140864 32  61
-0.140907 8  37
-0.141001 34  41
-0.141286 43  72
-0.141469 50  55
-0.141503 6  21
-0.141542 2  75
-0.141729 16  69
-0.141808 28  58
-0.141822 10  73
-0.141826 29  36
-0.14203 19  56
-0.142085 16  57
-0.142151 31  51
-0.14216 11  55
-0.142342 10  50
-0.142427 61  71
-0.142486 17  63
-0.14262 31  73
-0.142741 40  64
-0.143038 29  71
-0.143046 19  32
-0.143099 22  29
-0.143102 24  51
-0.143368 8  51
-0.143377 10  28
-0.1435 27  61
-0.143622 39  49
-0.143643 6  69
-0.143825 62  66
-0.14386 56  72
-0.144098 6  44
-0.144285 35  65
-0.144452 11  51
-0.144484 5  54
-0.144625 13  34
-0.144628 7  34
-0.14469 0  52
-0.144893 34  65
-0.144994 43  66
-0.145203 1  52
-0.145334 36  47
-0.145604 9  63
-0.145633 13  33
-0.145837 25  60
-0.145871 11  27
-0.145959 4  22
-0.146191 66  71
-0.146269 25  54
-0.146447 7  68
-0.146635 39  60
-0.146673 44  69
-0.146759 49  55
-0.146776 18  62
-0.14693 35  41
-0.146975 8  54
-0.147499 64  67
-0.147516 48  61
-0.147782 21  48
-0.147789 57  70
-0.147991 22  49
-0.148003 10  30
-0.148007 45  62
-0.148178 0  54
-0.148352 2  32
-0.148458 20  64
-0.148601 3  75
-0.148635 2  67
-0.14899 16  31
-0.149028 22  59
-0.149266 0  21
-0.149324 2  45
-0.149581 14  24
-0.149605 20  58
-0.149705 60  66
-0.150213 12  73
-0.15032 32  70
-0.150333 21  60
-0.150464 13  35
-0.150465 22  31
-0.151026 57  75
-0.151065 21  67
-0.151159 14  30
-0.15117 14  27
-0.15155 17  44
-0.151568 11  62
-0.151678 1  55
-0.151711 2  51
-0.151969 1  39
-0.151986 14  22
-0.152095 22  52
-0.152238 13  67
-0.152264 26  69
-0.152655 29  72
-0.15272 2  58
-0.15272 0  66
-0.152736 34  36
-0.152965 9  30
-0.153588 1  31
-0.153622 11  32
-0.153667 16  62
-0.153757 34  52
-0.153782 42  53
-0.153793 4  31
-0.154081 17  29
-0.154188 34  68
-0.154256 22  51
-0.154518 43  60
-0.154593 8  57
-0.154701 16  72
-0.154776 10  49
-0.15478 49  62
-0.154969 52  74
-0.155021 28  45
-0.155385 1  48
-0.155459 8  62
-0.155479 39  51
-0.155726 6  52
-0.155865 49  54
-0.155959 42  54
-0.15597 1  54
-0.155993 31  44
-0.156561 50  52
-0.156635 7  49
-0.156637 47  69
-0.15685 39  59
-0.157028 22  55
-0.157372 61  64
-0.157393 21  37
-0.157808 23  72
-0.158118 65  73
-0.158168 50  69
-0.158246 41  65
-0.158421 10  62
-0.158459 0  56
-0.158934 49  69
-0.158974 21  26
-0.158984 8  29
-0.159074 41  51
-0.159108 27  63
-0.159447 6  30
-0.159497 42  52
-0.159564 28  62
-0.159568 36  69
-0.159604 55  72
-0.159668 30  67
-0.160459 4  61
-0.16049 2  29
-0.160504 7  63
-0.160516 22  67
-0.160577 20  75
-0.160663 19  57
-0.16067 39  57
-0.160839 23  31
-0.160988 17  28
-0.161062 10  68
-0.161231 7  35
-0.161375 46  69
-0.161558 10  40
-0.162409 4  37
-0.162559 0  29
-0.162967 5  32
-0.163056 11  52
-0.163288 4  60
-0.16347 3  31
-0.163894 23  41
-0.164313 16  56
-0.164537 21  54
-0.164666 21  32
-0.16472 27  62
-0.164788 23  63
-0.165081 13  63
-0.166296 11  30
-0.166475 38  54
-0.166546 3  54
-0.166669 14  50
-0.166807 11  29
-0.167265 15  67
-0.167971 62  64
-0.168284 2  21
-0.168623 23  59
-0.168691 20  67
-0.168697 5  63
-0.168724 55  74
-0.169083 1  58
-0.169181 13  68
-0.169314 50  54
-0.169559 40  55
-0.169658 20  35
-0.169729 6  54
-0.170737 0  41
-0.170756 22  50
-0.170845 2  57
-0.171354 29  44
-0.171622 1  50
-0.172263 38  60
-0.172477 14  63
-0.172487 22  62
-0.172555 42  65
-0.172629 35  66
-0.172667 5  23
-0.173114 63  74
-0.173267 52  72
-0.17337 20  46
-0.17388 12  64
-0.174166 22  54
-0.174239 6  61
-0.17443 11  57
-0.174649 2  56
-0.175181 7  33
-0.175379 11  54
-0.175516 1  57
-0.175625 23  68
-0.176084 45  65
-0.176263 23  43
-0.176563 32  58
-0.176636 2  62
-0.176806 33  37
-0.176816 30  71
-0.176826 16  59
-0.177848 6  75
-0.177962 17  46
-0.178277 46  55
-0.178283 47  70
-0.178563 12  58
-0.17865 36  64
-0.178803 4  38
-0.179085 1  43
-0.179484 55  68
-0.179866 5  57
-0.180086 1  35
-0.18029 0  57
-0.181246 29  58
-0.181275 42  57
-0.181336 62  67
-0.181737 48  57
-0.182822 62  69
-0.183324 46  57
-0.183504 2  26
-0.183991 19  67
-0.184133 21  33
-0.184197 4  59
-0.184489 2  28
-0.184994 49  57
-0.185337 23  49
-0.185427 30  65
-0.185435 1  61
-0.185935 4  29
-0.18635 54  72
-0.187127 9  33
-0.187176 38  68
-0.187842 1  62
-0.187937 58  63
-0.187979 50  53
-0.188906 6  29
-0.18895 3  63
-0.188966 40  53
-0.189237 5  29
-0.189471 35  59
-0.189487 22  57
-0.19063 38  63
-0.190861 34  60
-0.191295 3  57
-0.19147 19  63
-0.192009 8  33
-0.192457 23  28
-0.192688 12  67
-0.192809 40  57
-0.192833 33  64
-0.192871 32  69
-0.193725 4  57
-0.194065 18  68
-0.194571 5  35
-0.194873 34  63
-0.195156 20  68
-0.195814 21  57
-0.19622 25  57
-0.196776 34  53
-0.199037 10  38
-0.199103 18  67
-0.199413 24  41
-0.199616 6  57
-0.200032 34  54
-0.20221 34  49
-0.202296 36  58
-0.202373 52  73
-0.202455 22  63
-0.203104 24  42
-0.205022 42  66
-0.205185 20  62
-0.205542 0  47
-0.206277 54  68
-0.207325 41  57
-0.209169 52  68
-0.211115 25  62
-0.211131 6  31
-0.214113 11  50
-0.214916 50  57
-0.21725 38  57
-0.218325 3  38
-0.219784 34  67
-0.221997 3  59
-0.227067 30  69
-0.228222 18  72
-0.229586 4  30
-0.231983 34  64
-0.232167 14  28
-0.233044 31  47
-0.2372 58  65
-0.24032 30  34
-0.242462 29  69
-0.245816 32  34
-0.250827 34  57
