0.0467066 0.05066
0.0227545 0.0235
0.048503 0.0471
0.0281437 0.02692
0.853892 0.85182
0.0413174 0.04434
0.0209581 0.01898
0.0275449 0.028
0.0526946 0.05388
0.857485 0.8548
0.0401198 0.04288
0.0209581 0.02242
0.0323353 0.03054
0.045509 0.04698
0.861078 0.85718
0.0257485 0.02876
0.0269461 0.0265
0.0538922 0.052
0.0335329 0.03652
0.85988 0.85622
0.0143713 0.0162
0.0221557 0.02404
0.0221557 0.02384
0.0215569 0.02448
0.91976 0.91144
0.0101796 0.01204
0.0221557 0.0241
0.0221557 0.0254
0.0179641 0.0217
0.927545 0.91676
0.00898204 0.00982
0.039521 0.04388
0.0263473 0.02978
0.00538922 0.00626
0.91976 0.91026
0.0658683 0.0689
0.0610778 0.06564
0.0497006 0.05522
0.0341317 0.03798
0.789222 0.77226
0.0622754 0.0628
0.057485 0.06186
0.0461078 0.052
0.0497006 0.05402
0.784431 0.76932
0.0371257 0.03958
0.0479042 0.05248
0.0443114 0.04782
0.088024 0.09378
0.782635 0.76634
0.0592814 0.06632
0.0443114 0.04734
0.0263473 0.02792
0.0916168 0.09576
0.778443 0.76266
0.0173653 0.01878
0.0820359 0.09196
0.094012 0.09904
0.0287425 0.0297
0.777844 0.76052
0.0401198 0.04286
0.104192 0.10858
0.0742515 0.07652
0.115569 0.10888
0.665868 0.66316
0.170659 0.17894
0.0568862 0.05452
0.0790419 0.07974
0.161078 0.16114
0.532335 0.52566
0.122754 0.13066
0.138922 0.13482
0.135928 0.13966
0.310778 0.3171
0.291617 0.27776
0.105389 0.11086
0.428144 0.44124
0.0467066 0.04188
0.192216 0.1916
0.227545 0.21442
0.0431138 0.04378
0.122754 0.1235
0.0329341 0.03276
0.65509 0.66166
0.146108 0.1383
0.171257 0.17098
0.0221557 0.02128
0.0233533 0.02134
0.657485 0.66732
0.125749 0.11908
0.282635 0.28414
0.280838 0.28712
0.128144 0.13028
0.158683 0.15608
0.149701 0.14238
0.252096 0.25358
0.0760479 0.07386
0.0844311 0.07742
0.416168 0.42798
0.171257 0.16716
0.132335 0.12192
0.164671 0.15798
0.103593 0.10284
0.262275 0.27312
0.337126 0.34414
0.27006 0.2607
0.138323 0.13382
0.0676647 0.0688
0.0982036 0.09984
0.425749 0.43684
0.317964 0.32158
0.0826347 0.08716
0.195808 0.17378
0.120958 0.12406
0.282635 0.29342
0.194611 0.19158
0.105988 0.11048
0.326946 0.3149
0.0413174 0.04318
0.331138 0.33986
0.0700599 0.07486
0.170659 0.17848
0.141317 0.13848
0.0299401 0.03028
0.588024 0.5779
0.00419162 0.0053
0.0155689 0.01786
0.00359281 0.00412
0.166467 0.17268
0.81018 0.80004
0.231737 0.2148
0.0317365 0.03364
0.0203593 0.02176
0.102994 0.11002
0.613174 0.61978
0.0179641 0.01822
0.0784431 0.08514
0.165269 0.14678
0.0281437 0.02814
0.71018 0.72172
0.0568862 0.058
0.0538922 0.04842
0.121557 0.1154
0.134132 0.1389
0.633533 0.63928
0.0640719 0.06344
0.0221557 0.02376
0.00898204 0.0077
0.256287 0.2491
0.648503 0.656
0.0592814 0.06234
0.0449102 0.0419
0.0245509 0.02448
0.127545 0.11466
0.743713 0.75662
0.11976 0.1245
0.0383234 0.03864
0.501796 0.51774
0.0622754 0.0645
0.277844 0.25462
0.121557 0.12156
0.0431138 0.04452
0.571257 0.58588
0.0550898 0.05538
0.208982 0.19266
0.513772 0.51832
0.0239521 0.0224
0.0269461 0.02428
0.111976 0.10858
0.323353 0.32642
0.270659 0.2627
0.122754 0.13292
0.273653 0.29218
0.305389 0.2893
0.0275449 0.0229
0.00958084 0.00808
0.246707 0.2446
0.711377 0.71248
0.0227545 0.02324
0.00958084 0.0116
0.256287 0.25792
0.00838323 0.00766
0.0185629 0.0164
0.689222 0.6922
0.0275449 0.02582
0.0275449 0.025
0.122156 0.11652
0.162275 0.15938
0.601198 0.62012
0.0868263 0.07898
0.24012 0.23576
0.0143713 0.01348
0.0245509 0.0252
0.498204 0.5117
0.222754 0.21386
0.124551 0.1242
0.0586826 0.06074
0.057485 0.04964
0.654491 0.65984
0.10479 0.10558
0.377844 0.39502
0.0868263 0.0873
0.0796407 0.07372
0.254491 0.25128
0.201198 0.19268
0.0772455 0.07706
0.0491018 0.04916
0.0281437 0.0306
0.526946 0.53924
0.318563 0.30394
0.226946 0.21832
0.042515 0.04166
0.32515 0.34536
0.0862275 0.08936
0.319162 0.3053
0.267665 0.276
0.0383234 0.03644
0.0718563 0.06736
0.473653 0.48738
0.148503 0.13282
0.320958 0.32648
0.165269 0.1613
0.124551 0.11472
0.249701 0.26672
0.139521 0.13078
0.182635 0.17582
0.0778443 0.08178
0.556287 0.57158
0.0736527 0.07044
0.109581 0.10038
0.0724551 0.07588
0.227545 0.22272
0.5 0.50516
0.088024 0.08852
0.111976 0.10772
0.388623 0.38616
0.0299401 0.03096
0.162874 0.17148
0.281437 0.27734
0.137126 0.13406
0.192216 0.18988
0.169461 0.16612
0.307186 0.31348
0.157485 0.15734
0.173653 0.17318
0.164671 0.16328
0.088024 0.08522
0.223952 0.21852
0.313174 0.31602
0.21018 0.21696
0.182635 0.1853
0.115569 0.11512
0.119162 0.12266
0.344311 0.33106
0.238323 0.24586
0.088024 0.0894
0.153892 0.15206
0.167066 0.15868
0.31018 0.30826
0.280838 0.2916
0.0934132 0.0911
0.101198 0.10322
0.0868263 0.08376
0.395808 0.38974
0.322754 0.33218
0.0616766 0.06144
0.113174 0.11622
0.100599 0.10044
0.126347 0.12888
0.598204 0.59302
0.126347 0.12994
0.115569 0.11474
0.0592814 0.06156
0.122754 0.1264
0.576048 0.56736
0.0748503 0.0774
0.0898204 0.08974
0.0862275 0.0891
0.14491 0.1504
0.604192 0.59336
0.143713 0.14876
0.109581 0.10988
0.0790419 0.07898
0.0760479 0.07724
0.591617 0.58514
0.116168 0.11772
0.0598802 0.06008
0.0568862 0.05426
0.088024 0.0856
0.679042 0.68234
0.124551 0.12434
0.146707 0.15112
0.0748503 0.0774
0.102395 0.09866
0.551497 0.54848
0.212575 0.21174
0.144311 0.13988
0.0718563 0.07692
0.120359 0.12018
0.450898 0.45128
0.158084 0.16126
0.110778 0.1151
0.192216 0.18698
0.192814 0.19672
0.346108 0.33994
0.276647 0.26914
0.211976 0.22048
0.152695 0.15766
0.168263 0.17662
0.190419 0.1761
0.0850299 0.0884
0.00299401 0.00384
0 0.00138
0.879641 0.87844
0.0323353 0.02794
0.000598802 0.00096
0.135329 0.13358
0.854491 0.85694
0 0.00116
0.00958084 0.00736
0 0.00072
0.00179641 0.00164
0.991018 0.99004
0.00299401 0.00246
0.00419162 0.00514
0.00179641 0.0016
0 0.0006
0.0011976 0.00086
0.992216 0.99182
0.00479042 0.00512
0.350299 0.34832
0.34012 0.33854
0.232934 0.23302
0.0718563 0.07428
0.00479042 0.00584
0.103593 0.1087
0.233533 0.21928
0.379641 0.37762
0.192814 0.20664
0.0904192 0.08776
0.00179641 0.00212
0.0532934 0.05302
0.803593 0.80102
0.0353293 0.03456
0.105988 0.10928
0 0.00058
0.000598802 0.00082
0 0.0007
0.99521 0.9934
0.00419162 0.0045
0 0.00052
0.211976 0.21286
0.783234 0.7818
0.000598802 0.0009
0.00419162 0.00392
0.0011976 0.0011
0.000598802 0.00122
0.994012 0.99264
0 0.0007
0.00419162 0.00434
0.000598802 0.001
0.993413 0.99218
0.0011976 0.00128
0.000598802 0.00092
0.00419162 0.00462
0.0011976 0.0014
0.000598802 0.00072
0.00179641 0.00094
0.992216 0.99184
0.00419162 0.0051
0.0011976 0.00118
0.000598802 0.00088
0.0011976 0.00104
0.992814 0.99248
0.00419162 0.00442
0.00419162 0.00284
0.000598802 0.0012
0.000598802 0.00076
0.990419 0.99078
0.00419162 0.00442
0.0011976 0.00146
0.108982 0.11022
0.72994 0.74528
0 0.00134
0.15988 0.1417
0.428144 0.42984
0.042515 0.0424
0.337725 0.32808
0.158084 0.16618
0.0335329 0.0335
0.374251 0.36202
0.10479 0.10338
0.166467 0.16684
0.21497 0.22246
0.139521 0.1453
0.273653 0.27578
0.179042 0.18652
0.291617 0.29608
0.243713 0.23006
0.011976 0.01156
0.278443 0.29012
0.153892 0.15226
0.42994 0.418
0.124551 0.12744
0.0131737 0.01218
0.209581 0.21378
0.210778 0.21066
0.350898 0.34604
0.211976 0.21214
0.0167665 0.01738
0.168263 0.16148
0.185629 0.18726
0.282635 0.27728
0.35509 0.36402
0.00838323 0.00996
0.215569 0.21466
0.337725 0.32374
0.193413 0.2
0.248503 0.25488
0.00479042 0.00672
