0.301886
0.213914
0.246964
0.114836
0
0.272353
0.149918
0.239586
0.222793
0
0.292535
0.196368
0.145794
0.257349
0
0.255417
0.138109
0.233454
0.273734
0
0.240709
0.264278
0.267896
0.280037
0
0.246393
0.265159
0.286845
0.273416
0
0.222139
0.337074
0.29296
0.235409
0
0.270124
0.29632
0.287161
0.238016
0
0.271039
0.315786
0.298503
0.238072
0
0.228087
0.253051
0.279503
0.32727
0
0.293421
0.233252
0.21483
0.342606
0
0.207716
0.343022
0.324702
0.212097
0
0.22358
0.296594
0.233565
0.108229
0
0.342941
0.123733
0.169876
0.0739315
0
0.104687
0.139875
0.354437
0.118365
0
0.135707
0.281063
0.078659
0.116751
0
0.101148
0.177282
0.15065
0.0154436
0
0.18914
0.0497445
0.0572839
0.0728266
0
0.0341676
0.109874
0.282515
-0.000937721
0
0.109084
-0.00285795
0.0330081
0.223337
0
0.0526193
0.0162727
0.0221005
0.203969
0
0.171525
0.0268174
0.0713704
0.101616
0
0.170573
0.15399
-0.00417902
-0.0062508
0
0.0952398
0.146942
0.122413
0.103299
0
0.194012
0.315662
0.067011
0.161283
0
0.235227
0.224414
0.234501
0.36909
0
0.0614674
0.209089
0.192845
0.370872
0
0.170913
0.370761
0.0520601
0.180529
0
0.187184
0.150216
0.104519
0.365531
0
0.158531
0.194119
0.161051
0.300982
0
0.336748
0.162372
0.15742
0.124895
0
0.239828
0.148052
0.0148077
0.109096
0
0.0323611
0.139655
-0.00531278
0.0511767
0
0.0434386
0.0724319
0.0701482
-0.0645695
0
-0.161505
0.0477916
0.271677
-0.128153
0
-0.00540827
-0.123655
-0.0282064
-0.0635885
0
0.132903
0.0679182
0.043219
-0.226849
0
0.0178779
0.0779306
0.242463
-0.15077
0
0.05219
0.082917
0.154136
-0.0589431
0
0.077952
0.0585554
0.0163976
-0.152527
0
0.00972888
0.122185
0.0421915
0.145228
0
0.113383
0.152719
0.153041
0.174763
0
0.0256551
0.0432217
0.0396662
0.200165
0
0.285337
0.0289287
-0.10195
-0.0412258
0
-0.0535272
-0.00206239
-0.0336411
0.246505
0
-0.00491334
0.117628
-0.00439705
0.005423
0
0.0851295
-0.0573395
-0.062539
0.115442
0
-0.0588295
0.105763
0.0583647
0.0548017
0
0.0537272
-0.0700239
0.0197116
0.134992
0
0.0954468
0.0165903
-0.102207
0.0875733
0
0.0606079
0.0619774
0.109376
-0.145409
0
0.119121
0.0378728
0.0351342
-0.0623387
0
0.09246
0.141515
0.0884088
-0.138775
0
0.126808
0.189995
0.132631
0.167101
0
0.11288
0.135158
0.141625
0.225672
0
0.162599
0.119521
0.135777
0.170127
0
0.207768
0.140525
0.131202
0.134081
0
0.172349
0.134532
0.170099
0.190893
0
0.121298
0.236769
0.162313
0.128123
0
0.162648
0.144411
0.161009
0.132148
0
0.147267
0.0998399
0.10661
0.0467934
0
0.0905129
0.125346
0.0311335
0.113598
0
0.0322608
0.10056
0.139735
-0.122771
0
0.0962686
-0.0613908
-0.220569
0.105682
0
0.0896589
0.0488421
-0.276959
0.0336235
0
0.0497978
0.0906212
0.0566152
-0.275123
0
-0.0275974
-0.114781
-0.203536
-0.00303467
0
0.0960417
0.0305366
0.0644203
0.0554414
0
0.15398
0.0170812
0.0360092
0.0289718
0
0.0807107
0.0643376
0.0830832
-0.31701
0
0.0921172
0.10273
-0.400421
0.0766189
0
0.0639441
0.0651876
-0.293079
0.0828621
0
0.0728198
-0.284763
0.0533871
0.0685992
0
0.0599832
0.0761757
0.0421956
-0.272823
0
0.0557639
0.0720527
0.0505206
-0.274244
0
-0.00295455
0.0776143
0.0776567
-0.252027
0
0.182025
-0.0523372
-0.051245
0.200935
0
-0.0184922
-0.0141954
-0.111084
-0.00474815
0
-0.135118
-0.0636542
-0.0567801
0.0428938
0
-0.0747733
-0.0781187
-0.102346
-0.0710286
0
0.0836904
-0.147448
-0.191958
-0.067208
0
-0.0351374
-0.0562979
-0.178943
-0.0513502
0
-0.146294
-0.0253651
-0.139227
-0.0750936
0
-0.140186
-0.154011
-0.115229
-0.0541457
0
