0.861493 62  76
0.815486 34  48
0.8123 61  77
0.712718 15  18
0.694374 66  67
0.62027 18  19
0.581668 26  67
0.56957 14  34
0.524025 18  20
0.514549 14  15
0.499676 77  78
0.47839 37  40
0.469113 17  20
0.463158 22  24
0.458684 81  83
0.454365 15  20
0.453427 43  45
0.453255 40  42
0.44011 35  47
0.436345 9  46
0.430319 65  71
0.429483 69  71
0.427726 69  72
0.42169 65  74
0.419328 69  74
0.419082 18  21
0.417702 73  74
0.416968 65  73
0.413323 60  78
0.412481 71  74
0.411914 69  73
0.409744 71  73
0.409087 14  77
0.407919 22  23
0.405626 71  72
0.404635 34  77
0.404114 65  72
0.404023 65  69
0.403355 71  75
0.403337 72  74
0.402312 49  68
0.40195 17  24
0.400966 72  73
0.39862 33  34
0.392208 58  59
0.391624 42  67
0.39029 65  75
0.382737 7  9
0.380952 64  71
0.378739 64  69
0.374882 69  75
0.368928 72  75
0.367154 79  80
0.364922 17  34
0.36492 74  75
0.364654 35  62
0.363205 73  75
0.361737 64  74
0.360947 76  77
0.357852 19  21
0.354598 64  72
0.354254 64  73
0.353682 43  48
0.351154 64  70
0.351091 64  65
0.346518 22  25
0.336035 33  49
0.335689 44  45
0.327207 64  75
0.326606 19  59
0.322223 26  27
0.318645 82  83
0.316847 13  42
0.31255 14  18
0.310049 6  49
0.308072 40  41
0.305892 78  79
0.30527 33  68
0.304413 9  10
0.303972 42  44
0.303815 35  76
0.30323 62  75
0.303229 60  80
0.299548 69  70
0.297623 48  52
0.297376 12  13
0.296925 21  30
0.29633 16  39
0.296021 26  30
0.293827 23  24
0.29274 7  48
0.292544 15  44
0.292131 44  47
0.291051 70  71
0.290468 45  51
0.290114 12  16
0.288883 8  10
0.288539 16  49
0.288498 34  41
0.2882 78  83
0.287486 15  16
0.28614 13  61
0.286139 48  58
0.283275 63  75
0.283234 29  38
0.281978 7  8
0.281771 47  58
0.279978 80  81
0.278914 27  29
0.276686 63  69
0.276615 8  11
0.274447 62  64
0.274022 67  77
0.273646 49  67
0.273108 33  44
0.270577 43  80
0.269253 70  73
0.266347 57  66
0.265379 27  36
0.264258 54  78
0.263525 25  31
0.26127 63  71
0.26064 61  78
0.260395 63  72
0.26032 70  72
0.260185 70  74
0.259704 65  70
0.259566 63  70
0.258793 12  14
0.258782 10  11
0.256585 28  30
0.254965 10  45
0.253371 63  65
0.253192 75  76
0.252781 60  79
0.251872 17  37
0.250849 59  60
0.247695 1  3
0.246094 62  71
0.246001 66  83
0.244644 16  18
0.244051 38  70
0.243515 11  16
0.243287 39  76
0.242691 5  50
0.242608 10  54
0.241359 63  74
0.241219 11  53
0.241116 79  81
0.240795 63  73
0.239428 62  69
0.238122 47  49
0.236734 16  31
0.236331 41  42
0.236148 40  43
0.234378 17  19
0.233467 32  49
0.23212 63  67
0.228739 19  58
0.228386 70  75
0.228023 27  28
0.225983 26  35
0.220618 26  41
0.22017 50  60
0.220052 78  80
0.219909 61  68
0.219881 19  20
0.219682 57  59
0.21702 21  78
0.216801 66  70
0.215978 39  40
0.215153 48  81
0.214313 13  28
0.214103 27  30
0.213087 31  33
0.212134 55  56
0.212017 62  65
0.211494 8  47
0.210466 14  19
0.209803 63  64
0.208145 32  68
0.206528 4  5
0.206435 9  11
0.205888 9  35
0.205673 65  76
0.205651 46  48
0.205452 15  61
0.205283 62  72
0.204876 18  61
0.204874 46  47
0.203993 40  83
0.203664 56  66
0.20361 70  76
0.20241 11  13
0.202161 29  58
0.20082 32  33
0.200484 2  3
0.200361 69  76
0.199042 11  12
0.198915 34  81
0.198531 71  76
0.198488 18  44
0.198236 72  76
0.196506 5  7
0.196471 62  74
0.195909 15  70
0.19575 57  58
0.195608 46  57
0.195208 14  20
0.19417 31  54
0.194072 33  42
0.192115 29  82
0.191991 24  52
0.191289 17  68
0.191003 62  73
0.189587 41  43
0.189578 20  21
0.189217 35  40
0.188937 65  68
0.188408 33  40
0.188068 13  19
0.187561 70  77
0.186681 36  69
0.185736 46  78
0.184433 53  54
0.184085 67  79
0.183652 22  70
0.182037 61  83
0.181432 7  29
0.181017 49  66
0.180679 68  77
0.180331 36  46
0.180328 62  78
0.179935 27  80
0.179381 31  40
0.177888 73  76
0.177765 10  25
0.177502 68  74
0.177391 59  61
0.176757 74  76
0.176255 36  73
0.176237 34  62
0.175271 68  71
0.174987 22  78
0.174634 34  44
0.173251 67  68
0.173042 20  58
0.172923 19  50
0.172408 11  39
0.172151 36  72
0.172082 27  41
0.171878 30  82
0.171132 31  50
0.17111 23  68
0.170863 20  44
0.170691 30  83
0.170618 7  10
0.170531 32  50
0.169947 34  38
0.169845 36  71
0.169531 16  34
0.16912 28  51
0.168749 45  57
0.168569 62  63
0.168464 37  61
0.168286 22  68
0.168053 54  56
0.167674 53  58
0.16706 26  29
0.167027 36  42
0.166854 30  31
0.166429 13  37
0.165643 39  68
0.164544 9  61
0.164333 12  32
0.163889 24  25
0.163768 14  21
0.163166 80  83
0.163141 35  63
0.163112 12  15
0.162646 48  59
0.162417 36  45
0.16212 68  72
0.16204 28  61
0.162016 51  79
0.16185 28  29
0.16122 24  45
0.161076 7  53
0.160983 47  50
0.160869 2  13
0.160807 51  52
0.160557 54  55
0.160199 36  65
0.159675 13  82
0.159547 24  79
0.159473 8  38
0.158829 32  35
0.158771 50  66
0.158522 12  31
0.158061 60  63
0.157835 38  43
0.157323 66  82
0.156171 25  42
0.156085 4  51
0.155792 22  42
0.155758 49  52
0.155034 25  68
0.15477 47  60
0.154181 4  6
0.154149 17  62
0.153677 12  60
0.153496 17  22
0.153348 58  61
0.152538 26  37
0.152451 20  46
0.152053 66  68
0.151882 17  31
0.151741 45  68
0.151525 36  74
0.151087 22  27
0.151066 39  41
0.150641 19  34
0.150614 19  30
0.15047 29  32
0.150463 33  35
0.150451 22  80
0.150059 17  23
0.149814 64  76
0.149692 35  70
0.148887 49  54
0.148409 23  25
0.148221 47  67
0.147993 28  83
0.147918 19  22
0.147509 28  31
0.146531 4  52
0.146032 58  63
0.146007 48  49
0.145253 68  69
0.145114 37  39
0.145011 22  61
0.144695 12  54
0.144407 35  43
0.14426 47  56
0.14386 53  55
0.14357 50  57
0.143379 15  24
0.142908 52  59
0.142724 22  44
0.142642 27  34
0.142544 33  66
0.142529 68  73
0.142454 47  77
0.142084 15  37
0.14195 34  42
0.14181 5  10
0.141201 26  51
0.141027 32  43
0.140366 47  62
0.140316 57  83
0.140171 48  50
0.139573 17  46
0.139449 11  49
0.139203 45  59
0.139144 0  1
0.138792 3  54
0.138576 21  22
0.137792 4  12
0.137423 46  51
0.137381 33  47
0.137258 12  70
0.137138 40  45
0.137045 20  35
0.136834 49  58
0.136793 4  7
0.13665 21  82
0.136563 30  42
0.136206 45  48
0.135821 11  56
0.135679 35  55
0.1354 16  58
0.135029 18  40
0.134969 37  82
0.134223 29  61
0.134145 32  39
0.13397 22  67
0.133712 23  79
0.133311 34  63
0.133221 8  81
0.13258 59  79
0.13252 14  41
0.132376 36  75
0.132298 35  57
0.132015 17  30
0.131917 52  61
0.131882 15  23
0.131855 7  56
0.131702 17  25
0.131405 46  52
0.131284 40  59
0.13078 44  68
0.130769 27  54
0.130706 33  38
0.130677 40  66
0.13034 4  55
0.130028 1  2
0.129622 8  82
0.129484 1  46
0.129474 30  54
0.129089 37  42
0.129051 34  40
0.128739 80  82
0.128609 17  78
0.127926 5  6
0.12746 68  75
0.127358 17  33
0.126514 42  59
0.126502 81  82
0.126466 60  81
0.126316 11  32
0.126213 4  79
0.126204 13  14
0.126015 31  53
0.125986 33  77
0.125902 56  67
0.12585 32  55
0.125729 41  52
0.125105 25  41
0.124976 14  32
0.124917 41  50
0.124762 0  2
0.124452 16  25
0.123936 32  52
0.123697 37  76
0.123424 14  79
0.123309 23  42
0.122804 55  78
0.122789 13  18
0.122457 36  43
0.121788 61  67
0.121416 28  54
0.121414 14  17
0.121407 23  51
0.121028 51  57
0.121002 42  58
0.120104 49  62
0.120064 16  29
0.119706 5  12
0.119555 32  67
0.119497 37  70
0.119228 44  54
0.118972 66  78
0.117982 18  22
0.117833 33  82
0.117653 46  63
0.117395 14  37
0.117079 12  43
0.116606 45  52
0.116589 28  58
0.116533 57  62
0.116529 13  80
0.116223 11  54
0.11614 52  60
0.115595 59  83
0.114772 4  10
0.114706 30  33
0.113965 13  66
0.11342 56  79
0.113412 38  40
0.113255 0  82
0.113083 8  17
0.112981 23  66
0.112959 58  82
0.112748 25  32
0.112341 48  66
0.11184 29  33
0.11152 31  82
0.111272 12  38
0.111195 3  20
0.111186 9  80
0.111065 7  40
0.110999 61  81
0.110818 43  79
0.110785 10  32
0.110674 11  26
0.110197 21  61
0.10951 21  35
0.10876 18  67
0.108605 2  4
0.108432 20  34
0.1084 20  41
0.107636 39  44
0.107325 14  66
0.107247 30  50
0.106909 24  51
0.106206 0  6
0.106026 19  41
0.105828 8  9
0.105826 1  53
0.105047 22  76
0.104748 27  31
0.103812 48  83
0.103711 38  46
0.103705 15  31
0.103514 25  45
0.103508 23  57
0.103447 12  28
0.103301 64  68
0.103236 43  82
0.103066 1  5
0.102909 5  38
0.102895 17  39
0.102517 40  47
0.102508 14  78
0.102227 55  81
0.102142 13  58
0.101912 0  40
0.101838 48  57
0.10171 49  50
0.101578 8  12
0.10137 11  29
0.101107 21  24
0.100937 57  61
0.10052 42  47
0.100505 23  63
0.100323 38  55
0.100243 14  60
0.100033 57  77
0.0998158 0  17
0.0993205 15  41
0.099237 45  82
0.0990374 7  11
0.0987781 21  29
0.0987242 51  53
0.0985063 53  57
0.0983147 19  24
0.0982962 33  45
0.0980661 44  46
0.0979612 60  83
0.0978197 26  34
0.097793 60  61
0.0976848 25  26
0.0976801 1  6
0.0975539 1  4
0.0975119 55  63
0.097484 18  59
0.0973869 10  61
0.0973244 43  52
0.0969583 23  45
0.0968949 15  19
0.0968306 13  35
0.0965688 21  50
0.0964602 36  64
0.0963912 36  38
0.0963815 53  56
0.096306 5  80
0.0962409 50  62
0.0959738 6  17
0.0957092 3  17
0.0955812 45  81
0.0952987 30  52
0.0951179 7  55
0.0951148 15  50
0.0951062 1  57
0.0946446 43  47
0.0946085 18  24
0.0945263 1  30
0.0945137 50  75
0.0943716 61  62
0.0942376 4  80
0.0941215 29  76
0.0939878 46  56
0.0938829 0  42
0.0936843 51  54
0.0936329 53  59
0.0936193 43  83
0.0935887 50  51
0.0935411 29  39
0.0934132 5  79
0.0931546 17  44
0.0929901 30  44
0.0929297 6  9
0.092811 39  77
0.0927082 33  67
0.0926891 1  12
0.0926441 5  53
0.0924965 60  82
0.0922588 1  38
0.0921339 31  42
0.0919715 40  57
0.091809 12  26
0.0917822 28  77
0.0915306 28  82
0.0914175 16  81
0.0913762 45  58
0.0911947 56  60
0.091139 6  7
0.0910788 13  51
0.0910077 5  55
0.0909971 32  56
0.0909207 34  45
0.0907594 54  82
0.0906155 10  29
0.0903084 56  76
0.090245 27  79
0.0901596 5  23
0.0900916 23  56
0.0900277 41  49
0.090023 35  53
0.0899777 54  83
0.0898405 55  68
0.0898309 0  59
0.0897478 26  47
0.0895977 34  54
0.0893598 10  13
0.089164 39  55
0.0890067 46  49
0.088993 14  81
0.0883251 42  45
0.0877998 60  66
0.0876837 28  78
0.0875918 6  15
0.0873891 13  23
0.0871202 60  77
0.0870541 2  32
0.0870092 7  23
0.0867305 26  33
0.0864317 66  76
0.0858898 46  50
0.0855255 50  81
0.0854736 60  68
0.0854129 6  83
0.0852446 23  31
0.0851717 19  44
0.0849792 21  45
0.0848852 8  53
0.0844331 50  77
0.0844045 13  78
0.0843508 13  40
0.0841297 57  80
0.0838505 1  59
0.0836714 16  70
0.0835811 28  39
0.0834341 62  66
0.0833534 37  44
0.0828961 52  58
0.0827611 44  61
0.0826796 62  70
0.0826475 21  66
0.0825483 8  36
0.0823693 15  53
0.0819985 2  38
0.0819713 4  38
0.0813903 51  83
0.0811877 18  23
0.080957 12  53
0.0807314 30  55
0.0806972 32  41
0.0802146 19  66
0.0801476 10  80
0.08011 2  19
0.0799638 8  59
0.0798722 13  16
0.0798257 2  77
0.0792092 41  83
0.0791163 26  28
0.0790724 9  55
0.0787399 57  79
0.0786612 51  61
0.0786168 33  79
0.0785322 28  50
0.0784893 13  53
0.0779501 2  12
0.0779396 46  60
0.0779183 3  8
0.0776881 33  36
0.0776701 0  55
0.0776328 42  52
0.077605 34  35
0.0775537 9  12
0.0774635 3  24
0.0770759 21  33
0.0770142 35  37
0.0769168 44  66
0.0763181 11  81
0.0762513 22  47
0.0761693 43  57
0.07607 25  63
0.0759284 1  36
0.0756955 21  27
0.07569 16  44
0.0755965 19  52
0.0755448 11  22
0.0754041 47  80
0.0750799 9  25
0.0750165 4  48
0.0749661 31  41
0.074797 20  28
0.0747211 12  37
0.0745388 7  50
0.0744523 6  8
0.0742943 13  30
0.0742305 54  58
0.0741287 28  67
0.0738339 61  79
0.0737777 55  79
0.0737386 55  70
0.0736477 31  44
0.073626 35  38
0.0735486 42  57
0.0734375 47  59
0.0732936 58  83
0.0731538 39  72
0.072842 40  67
0.0727357 9  53
0.0727333 0  83
0.0725734 56  63
0.072525 51  59
0.0724236 39  71
0.0723105 2  61
0.0722024 28  63
0.0720756 15  26
0.0718153 11  14
0.0717386 33  52
0.0717293 29  53
0.0717087 5  48
0.0714594 45  46
0.0714071 14  67
0.0711114 12  82
0.07095 56  58
0.0709224 30  79
0.070842 6  56
0.0707567 36  40
0.0705854 27  44
0.0705671 33  53
0.0705359 20  68
0.0701295 21  23
0.0700492 22  43
0.0699108 61  66
0.069694 7  54
0.069641 0  4
0.0696253 19  60
0.0693321 40  53
0.0692378 37  59
0.0692293 23  67
0.0691586 32  45
0.0691047 6  55
0.0690821 22  32
0.0689383 15  30
0.0688939 29  37
0.0686422 3  57
0.0685873 8  51
0.0685447 49  56
0.0683085 11  25
0.0678661 57  81
0.0677722 7  38
0.0674671 20  22
0.0672643 24  42
0.066967 20  53
0.0664751 1  39
0.0664597 32  40
0.0662707 8  30
0.0662087 42  63
0.0660877 47  82
0.0660503 31  55
0.0655659 1  51
0.0654706 56  80
0.0654395 29  81
0.0650739 53  66
0.0648225 1  58
0.0647787 0  36
0.0647013 43  63
0.0644752 12  58
0.0643689 3  38
0.0640014 3  80
0.064001 17  35
0.0637779 10  26
0.0637642 60  67
0.0637219 22  82
0.0636633 78  82
0.063663 24  39
0.0635431 27  35
0.0635041 29  52
0.0634387 32  76
0.0632006 22  81
0.0627103 15  58
0.0625927 25  28
0.0624205 6  70
0.0623589 22  37
0.0622851 8  56
0.0622848 0  3
0.0622696 58  60
0.0622502 11  28
0.0621754 53  80
0.062156 2  83
0.0615633 34  78
0.0615455 51  80
0.0613413 58  66
0.0612541 54  59
0.0611297 24  82
0.0610556 7  47
0.0608896 37  45
0.0607936 40  52
0.0606545 28  60
0.0606376 14  83
0.0605122 16  26
0.0604499 5  25
0.0603263 49  63
0.0603161 18  37
0.0602024 20  31
0.0601859 59  66
0.0601845 2  42
0.0601526 21  60
0.0599088 30  63
0.0598988 41  81
0.059807 34  43
0.0596936 2  31
0.0593589 19  78
0.059197 26  54
0.0590526 10  24
0.0588809 5  45
0.0588212 1  55
0.0586593 19  46
0.0585607 6  82
0.0583678 16  80
0.0581675 28  48
0.0579553 0  20
0.0579489 17  63
0.0575859 9  38
0.0574926 34  80
0.0572324 7  25
0.0571112 1  56
0.0570164 28  79
0.0569886 9  79
0.0569821 26  32
0.0569036 41  70
0.0568796 35  46
0.056847 24  68
0.056826 8  26
0.0567876 2  15
0.0565493 53  79
0.056504 47  83
0.0561266 38  39
0.0560774 56  59
0.0560531 18  27
0.0558457 13  27
0.0557127 68  78
0.0556608 29  79
0.0555601 44  81
0.0555505 39  81
0.05547 42  43
0.0553159 31  32
0.0549464 68  80
0.0549205 51  81
0.054894 50  64
0.0546338 52  82
0.0545968 4  23
0.0545135 4  9
0.0543257 36  63
0.054276 68  79
0.0542753 7  24
0.0539996 20  39
0.0539459 7  39
0.0538203 20  33
0.0538203 0  22
0.0536674 21  57
0.0534607 5  51
0.0534599 23  55
0.0534425 0  5
0.0534292 12  40
0.0531452 13  21
0.0530808 3  5
0.0529867 12  25
0.0529566 9  48
0.0526695 16  24
0.0524648 40  81
0.0524599 21  36
0.0521294 39  69
0.0519633 32  54
0.0518285 24  41
0.0518192 29  51
0.0517273 1  60
0.0516633 54  63
0.0516208 38  41
0.0514688 19  56
0.0512289 7  59
0.0511914 7  81
0.0509698 7  41
0.0508346 4  54
0.0505842 34  47
0.0505743 3  50
0.0503117 48  54
0.0501652 42  78
0.0500629 4  83
0.0499868 2  82
0.0499452 26  43
0.0499442 3  53
0.0498271 4  81
0.0497629 3  10
0.0496691 55  77
0.0495773 70  79
0.0494578 21  83
0.0492646 42  68
0.0492041 28  41
0.0489832 40  55
0.0489084 42  66
0.0487261 23  80
0.0486384 18  31
0.0484794 51  78
0.0484766 31  66
0.0483608 39  66
0.048307 2  27
0.048178 9  18
0.0478347 29  30
0.0477653 26  38
0.0472517 28  49
0.0471288 56  83
0.0469122 12  39
0.0468991 5  11
0.0468851 13  59
0.0468591 3  4
0.0464839 3  63
0.0462391 59  76
0.0461211 13  55
0.0461091 2  14
0.0459227 38  82
0.0458458 29  67
0.0455122 10  79
0.0453175 59  67
0.045151 50  55
0.0450915 9  49
0.0450719 5  8
0.0448988 9  16
0.0447748 12  30
0.0446733 25  52
0.0444354 35  67
0.0442602 17  77
0.0442547 53  77
0.0441578 60  62
0.0440472 59  81
0.0438776 24  28
0.0438728 17  56
0.0437886 33  51
0.0437069 49  60
0.0436827 44  76
0.0436756 6  12
0.0435 33  41
0.0434041 43  61
0.0433608 24  67
0.0433586 39  74
0.0432979 28  53
0.043061 41  51
0.0430254 22  59
0.0429123 13  24
0.0428843 20  48
0.0426788 12  42
0.042613 57  82
0.0425078 70  80
0.0424331 54  67
0.0423742 8  45
0.0421328 5  22
0.0418977 4  53
0.0418764 45  67
0.0416843 24  61
0.0415672 46  61
0.0414439 57  60
0.0414087 42  83
0.0412654 28  44
0.041199 29  46
0.0411761 8  27
0.0410647 10  83
0.0410617 34  50
0.040934 9  31
0.040918 39  46
0.0407752 3  6
0.0407742 8  25
0.0407652 10  53
0.0407423 38  74
0.0406632 37  78
0.0406397 21  34
0.0405861 15  32
0.04035 31  78
0.0403451 10  55
0.040248 26  53
0.0400622 27  48
0.0399307 47  48
0.0398264 33  39
0.0397471 14  31
0.039704 32  38
0.039606 1  54
0.0395755 0  30
0.0392133 30  38
0.0391712 23  47
0.0390245 53  83
0.0389208 39  61
0.0388596 0  21
0.0386711 20  23
0.0385789 8  55
0.0385662 38  73
0.0385512 50  69
0.0385491 0  31
0.0383979 16  35
0.0382947 23  40
0.0378942 17  18
0.0378733 28  62
0.0378226 16  67
0.0377497 11  35
0.0376234 46  80
0.0375582 46  70
0.0373647 0  56
0.0372775 30  53
0.0370583 17  59
0.0369297 11  27
0.0367269 38  50
0.0366673 35  52
0.0366432 58  76
0.036395 50  71
0.036363 16  19
0.0357429 0  43
0.0356273 43  59
0.035614 9  26
0.0354402 15  17
0.0354298 9  29
0.03537 15  28
0.035193 0  58
0.0350978 6  81
0.0350021 4  25
0.0348145 33  70
0.0346226 39  65
0.0346103 49  76
0.0345919 47  61
0.034584 15  57
0.0344662 7  22
0.0344154 24  48
0.0342909 12  22
0.0341819 21  44
0.0340889 62  81
0.0340699 22  77
0.0340296 23  60
0.0339868 18  25
0.0339322 49  61
0.0338517 39  82
0.033542 51  60
0.0334853 33  48
0.0332816 29  55
0.0330747 25  38
0.0330495 6  11
0.0327139 16  54
0.0327058 20  30
0.0324805 39  48
0.0324365 28  40
0.0322753 25  81
0.0322302 32  66
0.0322124 35  79
0.0322068 19  26
0.0321733 10  57
0.032133 1  21
0.0320904 16  57
0.0320166 24  59
0.0318247 1  52
0.0316789 22  48
0.0316781 37  38
0.031508 43  70
0.0314731 4  40
0.0311895 20  50
0.0311645 0  8
0.031001 50  80
0.0309693 39  64
0.0309458 45  76
0.0309377 21  39
0.0309063 1  9
0.0308359 44  78
0.0306336 3  27
0.0305826 50  68
0.0305802 44  67
0.0305678 10  81
0.0304746 18  46
0.0302549 12  23
0.0301459 3  39
0.0301443 37  71
0.0300312 52  63
0.0299638 20  42
0.0298924 3  52
0.0297697 7  16
0.0297358 0  77
0.0296355 20  56
0.0295778 25  83
0.0295227 12  21
0.0294596 31  52
0.029243 10  47
0.0291588 4  50
0.0291243 32  36
0.0290985 20  79
0.0290632 67  78
0.0290323 18  45
0.0290195 9  56
0.028897 11  31
0.0287358 32  37
0.0286637 19  54
0.0284983 10  41
0.0284435 8  54
0.0284367 2  25
0.0283854 47  57
0.0282245 14  46
0.0280951 27  42
0.0280746 19  43
0.0279208 55  83
0.0277061 20  60
0.0275919 3  9
0.0275426 50  52
0.0275364 7  57
0.0274635 41  46
0.0273346 3  7
0.0271282 3  83
0.0266211 48  80
0.0266157 8  31
0.0265285 41  64
0.0264828 25  37
0.0264627 49  59
0.026398 2  56
0.0263634 21  46
0.0261796 3  16
0.026179 2  10
0.0261539 10  23
0.025872 0  32
0.0255881 5  54
0.0255604 51  66
0.0255367 56  81
0.0255038 23  37
0.0251547 2  22
0.0251035 31  46
0.0249751 10  14
0.0249722 3  32
0.024834 52  69
0.0247325 52  73
0.0247062 21  76
0.0246716 52  71
0.0243881 11  60
0.024328 35  51
0.0243277 11  58
0.0239457 37  48
0.0238581 39  75
0.023852 8  14
0.0237187 17  81
0.0236995 3  82
0.0236501 15  62
0.0235603 6  51
0.0234995 8  79
0.0234945 1  27
0.0234795 36  62
0.0234627 2  36
0.0233876 21  26
0.0232529 4  31
0.023222 61  76
0.0229105 5  60
0.0228526 4  42
0.0228233 26  55
0.0226593 1  41
0.0226019 13  60
0.0224909 18  60
0.0224625 19  25
0.0223726 11  51
0.0223286 12  19
0.0221615 21  80
0.0221291 5  57
0.0221071 24  46
0.0218348 9  81
0.0217997 5  30
0.0217767 20  43
0.0216462 20  81
0.0214986 3  44
0.0214617 2  23
0.0214602 36  52
0.0214358 3  22
0.0214109 2  40
0.0212503 2  52
0.0211849 16  74
0.0211389 51  58
0.0211346 3  15
0.0210652 56  68
0.0208972 33  43
0.0208673 7  79
0.0205953 16  41
0.0205892 11  24
0.0205027 19  23
0.0204926 9  36
0.0204875 37  65
0.0204005 49  57
0.0199537 4  17
0.0199071 38  69
0.0198318 3  12
0.0196608 23  46
0.0196027 3  70
0.0193059 0  16
0.0192834 5  52
0.0191719 5  9
0.0191537 38  42
0.0191124 16  64
0.019092 2  58
0.0190846 61  80
0.018844 2  17
0.0186187 6  52
0.0185778 39  73
0.0185281 5  42
0.0184662 15  21
0.0184146 6  44
0.0183932 50  74
0.0181925 34  46
0.0181795 7  28
0.0181136 21  42
0.0179697 52  54
0.0179607 39  83
0.0179262 16  59
0.0177154 3  37
0.017645 15  42
0.0174411 8  48
0.0172667 0  53
0.0171854 18  78
0.0170775 18  62
0.0170344 50  73
0.0169373 27  53
0.0168679 57  67
0.0168299 16  53
0.0166724 29  31
0.0166145 8  18
0.0166099 40  50
0.0166056 21  68
0.0165725 68  76
0.0165618 50  65
0.0164686 1  80
0.0164343 9  83
0.0163074 60  76
0.0162086 13  52
0.016158 27  51
0.0160795 27  37
0.0159072 29  50
0.0158721 33  50
0.0157123 49  51
0.015651 31  63
0.0156034 14  76
0.0155809 13  50
0.0154848 0  50
0.0154686 1  16
0.0154081 35  48
0.0152061 13  29
0.0151661 2  48
0.01508 18  68
0.0150711 5  70
0.014955 14  39
0.0148682 3  25
0.0148434 16  28
0.0148394 2  18
0.0147674 29  64
0.0147012 20  57
0.0146603 3  56
0.0146521 9  17
0.0146371 52  80
0.0145625 2  16
0.0145502 3  48
0.0144594 2  43
0.0144536 7  14
0.0143234 14  70
0.0143059 12  50
0.0143027 32  79
0.0142228 1  83
0.014199 51  56
0.014092 4  30
0.0140479 1  24
0.0140275 2  11
0.013995 32  78
0.0138048 35  39
0.0136703 43  78
0.0136225 15  38
0.0135157 43  44
0.0134452 9  54
0.0134131 16  72
0.0134013 49  79
0.0132753 33  46
0.0131968 0  27
0.0131933 50  67
0.0130079 32  81
0.0129059 45  60
0.0129059 0  13
0.0128997 37  75
0.0127741 19  28
0.0126524 22  55
0.0125267 17  70
0.0123293 37  69
0.0123036 70  83
0.0122757 0  81
0.0120254 2  20
0.0116912 10  50
0.0116644 1  28
0.0116307 11  55
0.0115637 36  83
0.0115441 2  6
0.0114999 10  44
0.0112493 31  38
0.0111249 77  81
0.010957 37  57
0.0107131 36  77
0.0106379 47  79
0.0106243 8  66
0.010503 25  76
0.0104686 19  80
0.0104415 0  9
0.0104115 12  80
0.01039 54  79
0.0103694 11  83
0.0103062 67  70
0.0102573 3  55
0.0101808 18  82
0.0101635 23  78
0.010111 41  62
0.0100908 3  11
0.0100358 25  79
0.0100332 0  7
0.009953 23  49
0.00981886 36  39
0.00970851 6  46
0.00961616 38  72
0.00949971 48  55
0.00944396 6  20
0.00935927 6  21
0.0092409 34  67
0.00918316 2  53
0.00903585 36  47
0.00898921 59  77
0.00868643 35  75
0.00841301 19  37
0.00835227 47  71
0.00829342 8  49
0.0082651 0  52
0.00823723 6  37
0.00822359 2  44
0.0081713 44  53
0.00810525 1  18
0.008049 23  53
0.0080152 14  16
0.00787711 66  79
0.00787253 42  70
0.00783675 52  75
0.00765156 42  56
0.00745395 0  15
0.00738658 4  59
0.00734185 47  70
0.00721901 10  38
0.00719996 25  61
0.00719235 13  54
0.00700702 21  59
0.00699733 5  33
0.00690612 43  58
0.00684959 1  8
0.00679377 14  28
0.00664269 64  66
0.00664256 41  54
0.00639171 1  7
0.0063734 37  41
0.00625483 24  57
0.0062096 2  78
0.00619951 25  29
0.00616323 62  80
0.00607618 44  80
0.00592514 7  51
0.00591014 43  77
0.00590156 7  52
0.00586641 27  62
0.00586479 17  79
0.00579405 38  67
0.00574911 28  43
0.00566307 28  56
0.00565683 45  83
0.00558323 12  55
0.00557299 6  48
0.00555269 19  68
0.00549855 7  83
0.00540094 12  77
0.00532522 10  30
0.00532491 11  15
0.00519736 16  71
0.00510855 5  24
0.00500164 2  45
0.00487288 40  58
0.00480781 3  36
0.0047956 34  52
0.00474743 3  30
0.00473653 8  70
0.00470073 38  71
0.00469716 56  61
0.00462289 17  54
0.00448081 28  66
0.00436571 10  35
0.00430524 15  82
0.00364698 16  73
0.00361372 4  29
0.00332104 32  48
0.00289769 16  36
0.00288621 13  57
0.00287684 54  76
0.00263997 24  30
0.0024719 37  51
0.00241551 50  72
0.00234039 24  32
0.00219633 45  54
0.00214094 7  32
0.00207324 23  81
0.00177305 6  18
0.00176897 9  15
0.0017472 54  61
0.00174265 18  79
0.00173057 1  37
0.0015716 0  80
0.00149718 11  44
0.00143631 5  31
0.00132807 19  47
0.00131992 48  56
0.00124515 38  65
0.00111508 6  30
0.00110235 10  48
0.00108441 4  46
0.00108285 36  37
0.00108163 1  20
0.000968623 1  82
0.000958292 29  49
0.000915139 9  50
0.000901067 14  26
0.000781966 18  39
0.000700177 17  48
0.000681629 25  78
0.000680007 14  82
0.000673849 31  62
0.000530975 35  36
0.000392366 43  62
0.000293939 0  47
0.000264553 10  49
0.000197817 9  45
9.46226e-05 6  77
7.39426e-05 0  19
5.61378e-05 17  36
1.24914e-05 13  81
1.20668e-05 57  76
-6.41193e-05 28  55
-0.000139053 16  55
-0.000260428 16  69
-0.000278053 22  26
-0.000403055 3  77
-0.000438545 10  39
-0.000458859 10  56
-0.000464123 4  13
-0.000549503 16  38
-0.000562649 7  78
-0.000622859 39  79
-0.000672456 26  68
-0.000767727 6  36
-0.000908014 5  44
-0.000928036 40  46
-0.00107534 2  55
-0.00113016 10  51
-0.00115715 8  28
-0.00116822 23  34
-0.00122215 75  81
-0.00123374 36  41
-0.00125517 14  24
-0.00126647 6  31
-0.00154225 14  35
-0.00156349 1  42
-0.00170399 30  37
-0.00176087 3  46
-0.00211532 6  10
-0.00221761 10  22
-0.00227733 1  22
-0.00243233 13  31
-0.00256429 5  21
-0.00264465 20  61
-0.00264893 12  29
-0.00267108 23  27
-0.00277138 4  24
-0.003022 21  63
-0.00311994 20  62
-0.00315375 36  66
-0.00321606 37  43
-0.00332023 3  58
-0.00341679 18  41
-0.0034807 31  77
-0.0035109 38  54
-0.0036902 38  56
-0.00380211 61  82
-0.00395129 52  74
-0.00397782 2  5
-0.00413734 25  49
-0.00418803 50  63
-0.00420637 5  40
-0.00422726 37  72
-0.00424413 47  55
-0.00432354 70  78
-0.00442228 34  56
-0.00444352 30  51
-0.00449268 18  56
-0.00463517 20  27
-0.00463548 46  69
-0.00470628 36  55
-0.00476007 41  47
-0.00481898 53  61
-0.00487531 27  43
-0.00487612 0  12
-0.00488785 10  16
-0.00493961 24  37
-0.00494594 16  83
-0.00498144 62  77
-0.00501616 1  79
-0.00504492 12  24
-0.0050601 53  60
-0.00507589 46  71
-0.00517525 6  53
-0.00519106 0  37
-0.00536946 59  62
-0.00542686 57  68
-0.00546865 1  45
-0.00561661 36  59
-0.00566474 31  34
-0.00569978 29  40
-0.00571508 31  39
-0.00577162 50  83
-0.00580422 2  51
-0.00582375 42  76
-0.00591608 30  60
-0.00603157 27  69
-0.00619625 38  79
-0.00628346 0  76
-0.00633885 14  30
-0.00654527 24  55
-0.00656665 39  57
-0.00658027 3  81
-0.00659601 62  79
-0.00665508 24  38
-0.00678051 1  10
-0.00683271 18  43
-0.00688998 16  65
-0.00700599 24  43
-0.00704351 21  49
-0.00705727 1  48
-0.0070783 52  81
-0.00715243 53  68
-0.00732399 27  82
-0.00748893 49  82
-0.00755149 5  83
-0.00763545 41  58
-0.00766712 3  13
-0.00785488 9  19
-0.0078767 28  81
-0.00804125 26  56
-0.00822081 6  47
-0.00837037 73  77
-0.0083837 26  31
-0.00842481 55  67
-0.00846628 13  46
-0.00856388 23  76
-0.0088592 13  76
-0.00907782 51  74
-0.00910819 6  22
-0.00919655 12  45
-0.00927292 27  60
-0.0093269 39  59
-0.00939475 32  53
-0.00943053 38  66
-0.00953205 24  70
-0.00962776 45  47
-0.00966429 8  83
-0.00987945 2  41
-0.00993973 46  68
-0.0100592 20  49
-0.0100729 10  28
-0.0101039 29  66
-0.0101457 23  26
-0.0102444 27  40
-0.0102907 67  76
-0.0104225 6  25
-0.0104422 41  67
-0.0105123 34  39
-0.0106714 40  61
-0.0106799 0  49
-0.0109816 47  65
-0.0110718 22  29
-0.011072 34  60
-0.0111682 0  11
-0.0113147 5  17
-0.0114068 11  41
-0.0115031 6  16
-0.0116427 4  11
-0.0116501 74  77
-0.0116762 4  56
-0.0118006 23  29
-0.0120936 56  82
-0.0122683 20  77
-0.0123302 54  60
-0.0123581 11  17
-0.0124308 9  39
-0.0125693 44  50
-0.0126087 8  13
-0.0126087 3  31
-0.0126651 37  73
-0.0127461 44  59
-0.0127539 65  77
-0.0128381 41  44
-0.0129173 45  75
-0.0129434 46  65
-0.0129833 37  74
-0.012993 15  22
-0.0130885 7  82
-0.0131139 42  53
-0.0131349 26  72
-0.0131513 37  50
-0.0132398 58  77
-0.0132957 20  36
-0.0132997 54  57
-0.0133821 1  17
-0.0133833 51  71
-0.0134732 11  48
-0.0134823 12  57
-0.0135286 0  45
-0.0135751 5  59
-0.0135759 52  65
-0.0135944 44  51
-0.0136303 63  81
-0.013642 38  53
-0.013708 13  15
-0.0137796 45  80
-0.0140284 30  43
-0.0140471 8  41
-0.0140791 49  75
-0.0140843 24  56
-0.0141125 20  55
-0.014213 3  18
-0.0142213 25  43
-0.014336 2  66
-0.0143536 13  44
-0.0143808 20  38
-0.0144363 45  70
-0.0144842 55  59
-0.0144923 18  30
-0.0146499 27  32
-0.0146691 39  54
-0.0148923 26  36
-0.0149011 5  81
-0.0149446 7  12
-0.0149623 13  79
-0.0150257 1  81
-0.0150993 48  62
-0.0151623 24  63
-0.0151843 29  54
-0.0152516 36  82
-0.015253 20  45
-0.0152624 45  69
-0.0153716 16  78
-0.0154121 6  35
-0.0154795 16  33
-0.01551 21  37
-0.0155373 51  55
-0.0155517 5  36
-0.0156313 38  44
-0.0157043 4  82
-0.0157402 8  39
-0.0157886 46  75
-0.0158867 4  45
-0.0159205 28  36
-0.0159567 41  71
-0.0160289 28  80
-0.0161373 39  60
-0.0165043 38  64
-0.016551 5  73
-0.0165846 77  80
-0.0166218 36  54
-0.0166235 39  58
-0.0166379 59  82
-0.0168585 47  74
-0.0171123 21  43
-0.0171172 6  29
-0.0172183 13  36
-0.0172735 15  76
-0.017306 52  72
-0.0173074 16  82
-0.0173779 12  33
-0.0174206 3  19
-0.0174461 41  73
-0.0174558 46  76
-0.0178031 14  56
-0.0178168 15  27
-0.0178685 5  72
-0.0179012 36  60
-0.0179192 47  75
-0.0179791 30  36
-0.0180204 47  73
-0.0180906 4  36
-0.0181434 31  56
-0.0181735 5  74
-0.0182477 29  62
-0.0183011 30  49
-0.0186181 41  63
-0.0187212 23  54
-0.0187437 19  32
-0.018864 0  63
-0.0188818 55  61
-0.0189684 8  64
-0.0190184 27  77
-0.0190759 8  23
-0.0191105 0  78
-0.0191423 11  59
-0.0192903 30  81
-0.0193503 44  48
-0.0195572 38  62
-0.0196247 18  35
-0.0198727 34  66
-0.019877 45  73
-0.019883 3  45
-0.0199961 27  71
-0.0200821 49  81
-0.0201754 5  65
-0.0202837 72  80
-0.0204028 6  65
-0.0204246 4  73
-0.0204451 59  78
-0.0204553 35  64
-0.0204675 75  80
-0.0205117 2  70
-0.0205159 5  32
-0.0205818 47  69
-0.0206173 38  51
-0.0206395 24  60
-0.0206521 45  63
-0.0206632 14  27
-0.0207555 0  46
-0.0207825 38  52
-0.0207886 5  29
-0.0208283 6  73
-0.0208383 52  57
-0.0208391 4  72
-0.020881 7  63
-0.0209655 16  48
-0.0209882 53  78
-0.0210053 0  38
-0.0210444 29  83
-0.0211076 11  77
-0.0211453 2  65
-0.0212366 36  76
-0.021304 41  57
-0.0213965 3  47
-0.0213981 4  21
-0.0214264 5  69
-0.0214931 19  27
-0.0216007 3  79
-0.0216008 1  26
-0.0216217 22  57
-0.02181 37  67
-0.0218938 9  27
-0.0220436 43  53
-0.0221009 27  46
-0.022115 35  69
-0.0223121 27  72
-0.0223746 55  60
-0.022421 1  70
-0.0225048 5  63
-0.0225066 34  68
-0.0225078 4  74
-0.0226725 13  48
-0.0228208 6  26
-0.0228683 2  30
-0.022884 4  65
-0.0228915 45  56
-0.0229058 46  64
-0.0230117 4  69
-0.0230135 6  72
-0.0230267 7  26
-0.0230413 41  69
-0.0231812 5  71
-0.0232162 1  19
-0.0233234 4  71
-0.0233508 21  31
-0.0233595 51  69
-0.0235347 19  83
-0.0235966 14  62
-0.0237264 28  57
-0.0238611 11  38
-0.0239233 44  62
-0.0239667 46  72
-0.0240055 67  80
-0.0241042 73  80
-0.0241295 0  65
-0.024235 13  26
-0.0242715 17  61
-0.0245648 38  60
-0.0246051 6  74
-0.0246802 37  68
-0.0250055 15  33
-0.0250183 8  60
-0.0250915 19  39
-0.0251845 33  69
-0.025218 14  58
-0.025222 2  21
-0.0252357 5  64
-0.0252499 13  41
-0.0253925 30  56
-0.0255907 35  74
-0.0256104 11  42
-0.0256472 52  77
-0.025674 0  10
-0.0257906 16  51
-0.0259257 10  12
-0.0259389 6  59
-0.0259518 25  64
-0.0261156 13  77
-0.0261252 6  54
-0.02616 0  54
-0.0262452 34  51
-0.0262471 6  38
-0.026338 27  55
-0.0264297 51  75
-0.0264584 38  49
-0.0265211 62  82
-0.0265547 4  57
-0.0265656 6  69
-0.0266224 69  80
-0.026689 2  37
-0.0268359 18  57
-0.0269274 4  8
-0.0269393 27  65
-0.026966 6  71
-0.0270958 6  23
-0.0271144 4  70
-0.0271793 20  82
-0.0272071 6  14
-0.0272947 5  75
-0.0273207 64  79
-0.0273343 19  75
-0.0273372 46  83
-0.0273921 3  59
-0.0274068 7  13
-0.0274857 22  50
-0.0274875 4  64
-0.0275548 6  27
-0.0275917 23  36
-0.0276467 44  75
-0.0276579 33  81
-0.027748 56  77
-0.0278459 27  52
-0.0278517 41  74
-0.0279049 42  48
-0.027925 17  66
-0.028096 36  80
-0.0281231 25  82
-0.0281523 6  64
-0.028273 19  63
-0.0283268 10  64
-0.0283613 55  57
-0.0283935 52  83
-0.0283976 18  77
-0.028409 37  79
-0.0284192 3  43
-0.0284661 66  72
-0.0285162 36  49
-0.0285727 0  57
-0.0285759 6  57
-0.028694 23  44
-0.0287594 37  49
-0.0287631 11  82
-0.0288596 53  70
-0.0288607 6  41
-0.0288692 37  63
-0.0288956 52  64
-0.0289108 6  24
-0.0290239 23  83
-0.0290317 31  49
-0.0290588 47  64
-0.0291056 36  70
-0.0291239 64  67
-0.0291491 24  64
-0.0291578 41  56
-0.0291863 0  71
-0.0292926 53  82
-0.0293135 2  33
-0.0293242 40  80
-0.0293302 9  82
-0.0294399 15  68
-0.0294611 67  82
-0.0294739 16  30
-0.0295751 44  49
-0.0298388 42  79
-0.0298664 45  71
-0.0298732 30  77
-0.0298765 1  65
-0.0299276 24  54
-0.0299515 30  35
-0.0299988 2  50
-0.0301399 14  50
-0.0301479 29  42
-0.0301516 7  80
-0.0301698 20  24
-0.0301831 29  43
-0.0302215 0  39
-0.0303068 23  41
-0.0303703 14  57
-0.0303789 79  83
-0.0304107 29  47
-0.030469 4  75
-0.0305254 29  69
-0.0305725 4  44
-0.0306054 32  63
-0.0307112 71  77
-0.0307296 44  55
-0.0307554 1  14
-0.0307712 1  77
-0.0307905 67  74
-0.0309133 29  72
-0.0310893 29  73
-0.0310981 36  81
-0.031271 38  47
-0.0312998 21  75
-0.031317 34  55
-0.0314056 61  63
-0.0315829 0  61
-0.0316681 21  48
-0.031696 21  81
-0.0317032 50  58
-0.0317675 14  47
-0.0317975 8  33
-0.0318241 20  37
-0.0318805 30  48
-0.0319164 45  74
-0.0319934 23  38
-0.0320048 12  56
-0.0320676 47  51
-0.0321898 35  73
-0.0322176 46  58
-0.0322818 5  27
-0.0323382 15  64
-0.0323946 35  71
-0.0324309 45  72
-0.0325571 29  74
-0.0326603 27  33
-0.0326626 3  26
-0.0326774 72  77
-0.032706 1  15
-0.0327725 8  61
-0.0328352 4  63
-0.032856 34  37
-0.0329352 36  58
-0.0330364 11  45
-0.03311 35  72
-0.0331596 67  73
-0.0331651 63  76
-0.0331996 15  34
-0.033232 28  34
-0.0332481 6  80
-0.0333886 18  33
-0.0334599 32  80
-0.0335952 27  75
-0.0336222 37  64
-0.0337973 26  49
-0.0338812 54  66
-0.0340553 9  60
-0.0340941 16  23
-0.0341017 15  59
-0.0341861 53  81
-0.0347066 3  78
-0.0347499 31  67
-0.0347947 0  74
-0.0348085 0  18
-0.0349764 0  75
-0.0349857 6  75
-0.0350732 66  73
-0.0350986 71  80
-0.0351769 26  69
-0.0351791 17  67
-0.0351806 2  71
-0.0353221 20  75
-0.035349 63  78
-0.0354784 19  74
-0.0355455 56  78
-0.0356175 5  61
-0.0356727 18  51
-0.0358293 2  76
-0.035867 43  81
-0.0358829 11  67
-0.0359314 1  72
-0.0359903 2  74
-0.0360368 13  33
-0.0361365 74  80
-0.0361503 22  38
-0.036157 0  73
-0.0362258 64  80
-0.0362506 46  82
-0.0362655 1  71
-0.0363348 4  15
-0.0363402 67  72
-0.03639 30  68
-0.0364745 25  73
-0.0365033 3  65
-0.0365439 43  68
-0.0365587 10  52
-0.036569 35  82
-0.03659 18  29
-0.0366229 3  72
-0.0367395 10  31
-0.0367934 33  73
-0.0369916 43  76
-0.0370267 0  72
-0.0372027 2  9
-0.0372414 11  64
-0.0373322 9  51
-0.0373326 23  52
-0.0373628 65  83
-0.0373923 28  35
-0.0374825 0  29
-0.0375687 35  56
-0.0376523 48  51
-0.0377655 14  48
-0.0378135 66  74
-0.0378212 9  23
-0.0379171 46  73
-0.0379221 6  79
-0.0379569 27  73
-0.0379658 1  73
-0.0379701 2  35
-0.0381684 35  78
-0.038349 24  40
-0.0383598 17  53
-0.0384049 2  72
-0.0384573 2  69
-0.038506 3  73
-0.0385278 5  47
-0.0385771 2  73
-0.0386501 5  26
-0.0388223 27  74
-0.0388329 6  45
-0.0388418 1  74
-0.0390209 24  72
-0.0391395 21  51
-0.03917 0  66
-0.0392708 68  81
-0.0392832 31  76
-0.0393509 10  58
-0.0393863 63  68
-0.0394237 38  45
-0.0394384 9  24
-0.0394724 9  52
-0.0394794 0  69
-0.0395186 8  16
-0.0395361 31  59
-0.0396304 64  81
-0.0397012 38  75
-0.0397083 5  49
-0.0397786 26  79
-0.0397972 47  72
-0.0398184 1  75
-0.0398242 3  74
-0.039852 13  67
-0.0399741 9  59
-0.0400237 42  51
-0.0400601 26  42
-0.0400745 28  37
-0.0400958 65  81
-0.0402506 35  60
-0.0402971 35  65
-0.0403325 18  42
-0.0403786 21  52
-0.04039 11  76
-0.0404772 25  74
-0.0405078 26  40
-0.0406039 31  60
-0.0406304 56  70
-0.0406784 25  65
-0.0406945 22  75
-0.0407251 45  50
-0.0408161 32  65
-0.0408423 19  33
-0.0408546 42  77
-0.0408931 45  65
-0.0408957 10  40
-0.0410385 1  31
-0.0411022 1  62
-0.0411149 68  83
-0.0411422 10  46
-0.0412253 1  69
-0.0412404 7  30
-0.0412585 25  72
-0.0412965 58  78
-0.0414272 24  74
-0.041459 40  82
-0.041474 31  58
-0.0414939 69  77
-0.0415172 25  30
-0.0415208 4  58
-0.0415269 41  72
-0.041536 40  48
-0.0415885 3  69
-0.0416104 26  73
-0.0417175 8  35
-0.0417176 42  62
-0.0417869 12  52
-0.0418087 0  48
-0.0419542 28  32
-0.0421266 43  54
-0.0421448 24  73
-0.0422029 22  60
-0.0422608 51  76
-0.0423723 1  32
-0.0425933 0  64
-0.0426343 13  39
-0.042659 8  19
-0.0426623 20  78
-0.042716 9  47
-0.0427174 26  77
-0.0427264 4  26
-0.042809 2  7
-0.0428645 30  41
-0.0429081 49  64
-0.0429119 2  75
-0.0430639 55  62
-0.0432151 10  18
-0.0432529 0  25
-0.0433533 3  14
-0.0433603 32  57
-0.0435012 19  79
-0.0435623 28  64
-0.0435828 26  48
-0.0436515 3  71
-0.0437351 11  80
-0.0437408 31  37
-0.0437503 26  63
-0.0439022 33  64
-0.0439564 1  50
-0.0439709 41  65
-0.0440046 29  34
-0.0440934 67  71
-0.0441653 45  66
-0.0441978 17  26
-0.0442284 15  47
-0.044277 21  55
-0.0445009 22  53
-0.0446234 25  69
-0.0446266 2  46
-0.0446295 14  55
-0.0447334 39  50
-0.0449054 6  32
-0.0449486 7  64
-0.0450063 2  8
-0.0450881 4  61
-0.0450894 65  67
-0.045154 10  66
-0.0452461 2  57
-0.045271 33  72
-0.0453692 48  68
-0.0454051 2  54
-0.045511 36  51
-0.0455843 30  39
-0.0455894 6  66
-0.0456193 25  71
-0.0456694 75  77
-0.0457194 53  63
-0.0458759 67  69
-0.0459278 2  59
-0.0459404 65  80
-0.0460194 26  76
-0.0460884 9  21
-0.046134 36  44
-0.0461679 37  54
-0.0464054 25  77
-0.0465011 46  74
-0.0466408 50  78
-0.0466623 48  53
-0.0466947 29  68
-0.046813 4  47
-0.0469843 22  58
-0.0470253 43  51
-0.0470643 5  46
-0.0470836 37  80
-0.0473055 25  75
-0.0474696 11  78
-0.0474847 1  64
-0.0475564 33  71
-0.0476119 40  51
-0.0476726 6  28
-0.0476912 79  82
-0.0477011 65  66
-0.0478365 26  70
-0.0478758 10  77
-0.0479579 9  72
-0.0479961 35  54
-0.0480001 16  75
-0.0480531 40  72
-0.0480918 16  21
-0.0480988 52  55
-0.0481655 15  52
-0.0482047 6  34
-0.0482137 3  64
-0.0482529 35  66
-0.0483966 32  72
-0.0484203 2  64
-0.0484898 9  73
-0.0485401 64  77
-0.0486187 24  69
-0.0486756 19  82
-0.0486905 7  46
-0.0488338 6  39
-0.0488493 8  20
-0.0489147 11  20
-0.049056 33  74
-0.0491721 75  79
-0.0491723 49  74
-0.0491866 33  80
-0.0492202 43  60
-0.0492957 22  36
-0.0493008 49  73
-0.0494417 66  75
-0.0494442 4  35
-0.0496751 44  57
-0.0497497 15  49
-0.0498666 8  57
-0.0499399 20  54
-0.050141 3  42
-0.0503572 26  82
-0.050561 46  55
-0.0505631 77  79
-0.0507766 22  56
-0.050914 54  81
-0.0509624 9  42
-0.0510224 11  34
-0.0511546 29  75
-0.0511708 14  25
-0.051188 7  58
-0.0511883 26  44
-0.0512052 32  58
-0.051227 1  11
-0.0512371 25  27
-0.0513264 49  78
-0.051454 3  75
-0.0514666 8  73
-0.0514893 14  38
-0.0514896 9  43
-0.0515671 4  27
-0.0516037 25  56
-0.0516728 27  63
-0.0518024 9  58
-0.0518109 20  51
-0.0518577 50  54
-0.0519862 27  66
-0.0520363 43  73
-0.0520612 48  67
-0.0520957 15  25
-0.0521181 31  36
-0.0522841 3  51
-0.0523148 9  69
-0.0523819 7  73
-0.0524388 30  34
-0.0525388 49  80
-0.0525868 27  64
-0.052627 37  58
-0.0526687 58  80
-0.0527054 3  21
-0.0527316 14  40
-0.0528156 19  55
-0.0528263 66  69
-0.0528399 38  63
-0.0528755 44  60
-0.0529485 6  60
-0.0529661 4  77
-0.0529719 12  79
-0.0530546 19  81
-0.0530786 20  32
-0.0533494 15  77
-0.0533732 52  62
-0.0533772 50  70
-0.0534083 19  45
-0.053594 11  47
-0.0536535 12  49
-0.0537597 8  72
-0.0538929 7  69
-0.0540082 20  59
-0.0541008 16  79
-0.0541734 9  74
-0.0541884 3  28
-0.0542372 7  72
-0.05424 8  32
-0.0543379 32  64
-0.0543621 71  81
-0.0543808 10  33
-0.0543903 18  53
-0.0544252 0  41
-0.0545028 54  80
-0.0546452 45  78
-0.0547509 48  77
-0.0547589 7  35
-0.0548428 16  43
-0.0548498 72  81
-0.0548544 5  39
-0.0549328 0  14
-0.0549687 6  50
-0.0550003 40  73
-0.0550998 47  63
-0.0551052 23  82
-0.0551722 19  73
-0.0551827 53  65
-0.0552526 12  64
-0.055259 45  64
-0.0552741 4  37
-0.0552926 33  75
-0.0552964 55  82
-0.0553209 46  81
-0.0554606 23  75
-0.0555152 29  71
-0.0555665 74  83
-0.0556305 9  44
-0.0557704 8  65
-0.0558018 5  77
-0.0558049 4  32
-0.0558131 0  23
-0.0558789 34  64
-0.0559041 7  65
-0.0559884 1  23
-0.0560042 45  61
-0.0560405 32  71
-0.0561727 44  63
-0.0563365 4  43
-0.0563463 22  34
-0.0563749 9  76
-0.0564381 4  28
-0.0565407 36  79
-0.0565725 2  49
-0.0565907 52  68
-0.0565932 3  49
-0.0567886 10  70
-0.0570138 25  48
-0.0570239 26  74
-0.0571245 8  37
-0.0572641 31  74
-0.0572771 7  17
-0.0572793 7  74
-0.0572894 29  65
-0.057296 23  70
-0.0573397 37  81
-0.0573869 32  83
-0.0574021 16  20
-0.0574483 5  58
-0.0577211 5  28
-0.0579242 66  71
-0.0579456 10  72
-0.0579715 30  66
-0.0579861 25  44
-0.0580415 23  62
-0.0580487 2  28
-0.0581556 10  65
-0.058205 7  71
-0.0582273 31  72
-0.0582421 34  69
-0.0582579 58  62
-0.0582765 9  71
-0.0582988 6  58
-0.0584013 1  40
-0.0584196 31  51
-0.0586006 32  51
-0.0586016 9  66
-0.0586507 8  74
-0.0587631 10  34
-0.0588514 47  76
-0.0589127 10  73
-0.0589277 8  71
-0.058956 15  40
-0.0590557 0  51
-0.059085 27  76
-0.0590863 28  45
-0.0590994 8  69
-0.0591752 40  74
-0.0592168 51  77
-0.0592621 21  28
-0.0593428 14  23
-0.0593695 30  69
-0.0593966 10  74
-0.0594818 44  73
-0.0595667 9  65
-0.0595796 38  78
-0.0596857 31  65
-0.0597399 50  56
-0.0598975 43  56
-0.0599179 51  65
-0.0599458 15  56
-0.0599635 50  53
-0.0599897 32  73
-0.060085 8  21
-0.0601027 25  46
-0.0601465 3  76
-0.0602232 49  69
-0.0603786 49  83
-0.0603827 69  81
-0.0603951 61  64
-0.0604434 19  51
-0.0604475 38  80
-0.0605275 44  71
-0.0605297 25  58
-0.060581 48  60
-0.0607703 18  47
-0.0607721 31  69
-0.0607886 9  57
-0.0607941 9  64
-0.0608496 74  78
-0.0608669 31  73
-0.0608779 55  64
-0.06088 33  65
-0.0609188 61  75
-0.0609775 21  53
-0.060995 11  57
-0.0610825 33  37
-0.0611314 21  72
-0.0611674 0  62
-0.0612902 11  52
-0.0613819 30  32
-0.0615852 8  29
-0.0616114 53  76
-0.0616457 27  45
-0.0616687 73  82
-0.0617273 42  82
-0.0617856 1  47
-0.0618744 55  80
-0.0619232 56  65
-0.0619745 7  31
-0.0619753 18  54
-0.0619855 10  27
-0.0620022 34  71
-0.0620413 24  36
-0.0620909 7  42
-0.0621783 33  60
-0.0621989 10  69
-0.0622042 13  43
-0.0622141 22  45
-0.0622432 9  30
-0.0623123 51  73
-0.0623174 16  32
-0.0623776 15  54
-0.0624069 32  74
-0.0625099 14  29
-0.0626332 40  65
-0.0626604 26  78
-0.0627947 26  65
-0.0628285 10  42
-0.0628757 75  78
-0.0628881 30  65
-0.0629132 31  71
-0.0629433 64  82
-0.0629531 43  66
-0.0630328 24  78
-0.0630738 30  62
-0.0630841 39  52
-0.0630983 53  64
-0.0631118 27  61
-0.0631575 16  66
-0.0632082 13  32
-0.0632193 18  64
-0.0633262 8  15
-0.0635029 41  59
-0.0635065 8  52
-0.0635359 6  61
-0.0636095 2  81
-0.0637289 16  27
-0.0638899 15  36
-0.0639285 48  82
-0.0640828 6  76
-0.0641056 14  51
-0.0641532 28  47
-0.0641537 11  23
-0.0641818 30  72
-0.0643912 6  67
-0.0643955 59  70
-0.0644783 8  80
-0.0645584 27  67
-0.0646011 67  81
-0.0646485 75  82
-0.0646631 51  64
-0.0646813 3  23
-0.0647257 15  46
-0.0647526 39  49
-0.064809 41  66
-0.0652246 11  74
-0.0652524 1  29
-0.0652674 73  83
-0.0652786 46  53
-0.065386 71  83
-0.065437 6  43
-0.0655098 26  75
-0.0655211 27  57
-0.0656383 31  64
-0.0657382 0  70
-0.0658634 4  33
-0.0659851 34  65
-0.0661609 34  49
-0.0662205 23  77
-0.0662677 4  22
-0.0663489 7  75
-0.0663924 34  74
-0.0664415 51  72
-0.0664871 21  69
-0.0665316 32  69
-0.0665875 4  78
-0.0666166 11  73
-0.0666748 10  71
-0.0666862 0  68
-0.0671286 11  72
-0.0671647 17  27
-0.0672213 27  49
-0.0673354 15  79
-0.0673611 26  71
-0.0674004 1  35
-0.067407 5  35
-0.0675503 24  71
-0.0675737 3  35
-0.0676013 46  62
-0.0676723 10  59
-0.0677863 68  82
-0.0678476 29  44
-0.0679482 36  57
-0.068022 24  65
-0.0680424 77  83
-0.0681806 8  43
-0.068355 34  72
-0.0683958 20  65
-0.0684611 70  81
-0.0685359 44  77
-0.0687398 36  56
-0.0687609 36  48
-0.0688491 39  62
-0.0689912 2  63
-0.0691102 2  24
-0.0691109 7  60
-0.069134 22  35
-0.0691692 65  78
-0.0694258 10  75
-0.0695352 32  59
-0.0695661 32  34
-0.0696332 20  73
-0.0696385 49  72
-0.0696964 14  52
-0.0697113 47  53
-0.0697233 35  81
-0.0698616 8  75
-0.0698864 8  24
-0.0700491 8  67
-0.0703095 2  29
-0.0703775 26  81
-0.0704553 25  55
-0.0704624 7  15
-0.0704794 9  32
-0.0705073 1  43
-0.0705625 7  33
-0.070596 43  55
-0.0706298 32  62
-0.0708038 17  21
-0.0708078 1  63
-0.070812 72  78
-0.070814 12  73
-0.0709361 50  59
-0.0710559 13  34
-0.0711388 6  42
-0.0712452 43  74
-0.0712872 15  29
-0.0712903 41  75
-0.0713086 24  80
-0.0713486 42  60
-0.0714192 30  71
-0.0714392 56  62
-0.0715108 44  69
-0.0715288 17  69
-0.0716055 5  78
-0.0716385 0  60
-0.0716402 20  83
-0.0716567 44  74
-0.0717896 4  68
-0.071854 30  73
-0.0720743 29  80
-0.0720759 43  65
-0.0721319 29  59
-0.0721456 12  72
-0.0721679 26  64
-0.0722227 4  49
-0.0722411 25  36
-0.072294 12  51
-0.072346 74  82
-0.0723906 16  47
-0.0723974 57  75
-0.0724357 5  56
-0.0724702 26  66
-0.0726112 12  74
-0.0726349 40  64
-0.0727025 10  15
-0.0727391 3  61
-0.0729279 62  68
-0.0730052 55  76
-0.0730289 11  65
-0.0730372 18  32
-0.073092 2  39
-0.0732619 49  53
-0.0735601 9  75
-0.0735736 12  18
-0.0736294 3  40
-0.0736619 11  69
-0.0737304 19  72
-0.0737482 31  80
-0.0737896 58  64
-0.0738644 25  67
-0.0740034 40  60
-0.0741547 5  43
-0.0744054 34  58
-0.0744822 13  70
-0.0745007 54  64
-0.0745096 74  81
-0.0745806 44  82
-0.0746587 43  49
-0.0746694 4  60
-0.0747494 0  28
-0.0748119 35  68
-0.0748244 23  33
-0.0749368 21  56
-0.0751219 17  43
-0.0753834 76  80
-0.075427 17  65
-0.0754929 16  77
-0.0755195 31  61
-0.0755307 2  80
-0.0755523 35  41
-0.075682 72  83
-0.0757368 14  68
-0.0757856 13  56
-0.0757859 34  59
-0.0759649 36  53
-0.0760494 42  49
-0.076172 7  20
-0.0762521 7  27
-0.0763703 18  26
-0.0764459 3  41
-0.076454 22  69
-0.0764645 39  47
-0.076486 27  50
-0.0765406 28  42
-0.07665 24  35
-0.0766998 13  75
-0.0767455 24  47
-0.0768804 15  78
-0.0768902 47  78
-0.0769784 48  75
-0.0769948 43  75
-0.0770105 40  70
-0.077092 0  44
-0.0772286 14  49
-0.0772578 19  38
-0.077269 44  56
-0.0772856 17  76
-0.0773384 18  63
-0.0773479 58  79
-0.077378 46  66
-0.0774802 52  76
-0.0775896 49  65
-0.0776404 16  37
-0.0776551 25  47
-0.0777818 17  75
-0.0779797 21  62
-0.0779962 34  82
-0.0780366 9  68
-0.0780904 71  78
-0.0781081 1  44
-0.0781537 22  83
-0.0783808 69  83
-0.078382 0  24
-0.0785757 43  72
-0.0786723 32  75
-0.0786903 30  75
-0.0787827 40  69
-0.078844 39  53
-0.0788636 11  71
-0.0789084 43  71
-0.0791007 30  74
-0.0791145 54  65
-0.0791219 21  38
-0.0791243 55  74
-0.079182 49  71
-0.0792139 24  29
-0.0792755 9  22
-0.0792904 44  65
-0.0793304 9  13
-0.0793334 17  32
-0.0793408 33  78
-0.0793658 10  17
-0.0795902 29  35
-0.0797534 15  67
-0.0797536 39  56
-0.0798465 63  80
-0.0798672 2  79
-0.0800239 19  57
-0.0801242 13  25
-0.080466 4  41
-0.0805198 18  52
-0.0805287 22  71
-0.0805995 25  39
-0.0807491 28  52
-0.0807791 13  83
-0.080865 24  75
-0.080885 23  50
-0.0810075 55  65
-0.0810284 25  80
-0.0811503 40  78
-0.0812018 39  45
-0.0812406 20  71
-0.0813419 7  45
-0.0813971 37  60
-0.0814347 58  67
-0.0815473 55  72
-0.0815539 23  64
-0.0817058 18  48
-0.0817196 63  77
-0.0817919 27  70
-0.081869 16  60
-0.0819712 51  68
-0.0820038 17  73
-0.0820203 25  53
-0.0820621 42  61
-0.0821063 40  75
-0.0822162 40  71
-0.0822214 1  33
-0.0822732 1  25
-0.0823686 21  67
-0.0824302 73  81
-0.0825334 17  74
-0.082566 55  58
-0.0826389 39  51
-0.0826478 56  71
-0.0826572 21  73
-0.0826962 44  79
-0.0829263 55  73
-0.0829378 41  82
-0.0830101 9  33
-0.0831505 54  68
-0.0831619 59  75
-0.08317 5  37
-0.0833827 3  33
-0.083427 73  78
-0.0834365 17  72
-0.08344 48  64
-0.0836354 9  28
-0.0836858 5  68
-0.0837293 6  40
-0.0837352 56  72
-0.0838218 59  72
-0.0838586 66  77
-0.0839055 11  46
-0.083928 56  57
-0.0839319 24  83
-0.0840258 19  76
-0.0842328 12  36
-0.0842667 26  59
-0.0844871 48  65
-0.0845229 58  65
-0.0846167 23  72
-0.0848047 11  43
-0.0849097 74  79
-0.0850083 76  79
-0.0851342 44  72
-0.0851532 37  53
-0.0851764 17  71
-0.0852067 72  79
-0.0852757 48  74
-0.0853066 52  78
-0.0854273 38  58
-0.0855464 1  76
-0.0857799 73  79
-0.085781 25  40
-0.0858632 15  55
-0.0861561 21  65
-0.0861578 58  74
-0.086307 1  34
-0.0863545 65  82
-0.0864904 39  70
-0.0866104 14  75
-0.0868036 9  77
-0.0869028 25  59
-0.0870574 65  79
-0.0873631 19  69
-0.0873835 22  64
-0.0873884 34  73
-0.0873998 27  56
-0.0874048 28  38
-0.0874253 12  69
-0.08744 3  62
-0.0875261 24  33
-0.0875859 30  64
-0.0877926 25  33
-0.0878291 12  65
-0.0878458 24  27
-0.0878864 28  70
-0.0882219 76  83
-0.0883068 21  74
-0.0885256 11  30
-0.088673 11  75
-0.0886898 17  47
-0.0887182 12  71
-0.0887625 14  80
-0.0888868 18  65
-0.0889644 32  60
-0.0890396 10  36
-0.0891049 24  76
-0.0891394 8  34
-0.0891986 11  18
-0.0892049 40  63
-0.0892208 17  41
-0.0892576 17  49
-0.0892976 30  58
-0.0893184 71  79
-0.0894389 25  54
-0.0895137 58  81
-0.0895302 21  25
-0.0895876 25  51
-0.0897207 31  75
-0.0897493 43  69
-0.0897731 21  71
-0.0897945 12  66
-0.0898224 64  83
-0.0898491 20  74
-0.089872 7  19
-0.0899127 26  58
-0.0899498 71  82
-0.090053 7  43
-0.0901637 22  46
-0.0902251 36  78
-0.090278 7  77
-0.0902984 64  78
-0.0903242 40  44
-0.0903288 25  66
-0.0905248 72  82
-0.090598 69  82
-0.0907429 2  62
-0.0907539 41  60
-0.0907596 0  26
-0.0908595 5  66
-0.0909414 53  67
-0.091073 69  78
-0.0912117 24  49
-0.0913256 20  26
-0.0915648 56  73
-0.091593 30  78
-0.0916231 9  41
-0.0916343 19  49
-0.0916529 40  68
-0.0917089 40  54
-0.091759 19  65
-0.0919134 29  41
-0.0920072 17  52
-0.0920705 17  64
-0.0920888 4  14
-0.0921036 22  66
-0.0921505 16  63
-0.0921668 6  62
-0.0921906 2  34
-0.0922743 46  79
-0.0922862 16  22
-0.0922909 29  56
-0.0923469 20  72
-0.0923502 31  79
-0.0924692 46  54
-0.092482 69  79
-0.092496 25  62
-0.0926679 20  52
-0.0927891 0  79
-0.0927899 21  32
-0.0930036 76  81
-0.0930154 5  76
-0.0930826 3  60
-0.0932154 11  70
-0.0932572 20  80
-0.0932638 29  78
-0.0934382 24  26
-0.0934632 6  63
-0.0936247 32  47
-0.0937019 67  75
-0.0937354 52  53
-0.0940849 0  33
-0.0941086 57  65
-0.0941394 5  18
-0.094494 51  62
-0.0946231 75  83
-0.094707 8  58
-0.09483 4  18
-0.0948347 54  72
-0.0949442 18  38
-0.0950972 41  55
-0.0951555 36  68
-0.0952623 44  58
-0.0953677 2  26
-0.0954466 43  64
-0.0955177 22  72
-0.0955539 59  64
-0.095571 57  70
-0.0955735 7  44
-0.0957349 59  80
-0.0957785 21  64
-0.0958113 5  13
-0.0959008 45  62
-0.0962691 37  56
-0.0963192 22  40
-0.0963194 37  47
-0.0963311 12  83
-0.0963577 57  64
-0.0963675 5  15
-0.0965839 48  69
-0.0967214 38  59
-0.0968334 19  64
-0.0968404 29  36
-0.0968962 22  54
-0.0971238 48  71
-0.0971265 53  74
-0.0971764 58  75
-0.0971975 58  70
-0.0972829 5  14
-0.0972992 35  61
-0.0973297 68  70
-0.0973762 31  43
-0.0973809 56  75
-0.0974823 23  30
-0.097503 28  73
-0.0975734 11  33
-0.0975755 14  36
-0.0976054 31  35
-0.0976448 19  71
-0.0976628 54  73
-0.097905 42  81
-0.097981 51  67
-0.0982102 58  71
-0.0984027 56  64
-0.0984189 35  58
-0.0984526 2  47
-0.0987275 9  70
-0.0988041 34  75
-0.0989766 18  71
-0.0992103 22  52
-0.0994254 17  42
-0.0994896 36  67
-0.0995904 6  13
-0.0996776 1  66
-0.099688 12  48
-0.0997994 33  76
-0.0998926 35  49
-0.10007 12  27
-0.100293 17  29
-0.10049 4  16
-0.100659 22  73
-0.100704 5  62
-0.100724 28  72
-0.100762 18  73
-0.10079 12  63
-0.100898 12  76
-0.100942 14  63
-0.10099 53  73
-0.101001 57  63
-0.101075 32  70
-0.101078 57  74
-0.101106 27  59
-0.10111 53  72
-0.101136 25  57
-0.101378 19  67
-0.101469 57  72
-0.101551 23  74
-0.101557 4  39
-0.101588 18  55
-0.101659 27  58
-0.101663 48  73
-0.101708 54  74
-0.101727 2  60
-0.10181 18  34
-0.101893 20  40
-0.101919 23  35
-0.102049 12  75
-0.102136 5  82
-0.102157 17  57
-0.102235 8  78
-0.102321 29  48
-0.102444 19  53
-0.10267 55  71
-0.102687 49  55
-0.102702 6  33
-0.102819 5  20
-0.102884 18  74
-0.102902 5  19
-0.102913 59  74
-0.102968 18  75
-0.102972 60  72
-0.102975 41  48
-0.103085 78  81
-0.10315 56  74
-0.103197 55  69
-0.103252 37  52
-0.103323 24  62
-0.103431 11  61
-0.103565 57  73
-0.103579 42  80
-0.103641 8  62
-0.103696 4  19
-0.103725 7  66
-0.103819 12  78
-0.104051 8  22
-0.104109 17  38
-0.104198 53  71
-0.104298 76  82
-0.104314 34  83
-0.104371 47  66
-0.104419 28  46
-0.104542 20  47
-0.104576 41  61
-0.104585 15  72
-0.104617 62  67
-0.104681 27  38
-0.104688 24  58
-0.104734 48  72
-0.104923 52  56
-0.105187 15  75
-0.10519 17  51
-0.105218 6  19
-0.10526 58  72
-0.105305 14  53
-0.105403 32  46
-0.105441 45  79
-0.10551 7  67
-0.10595 13  20
-0.106027 18  58
-0.106031 33  63
-0.10625 42  55
-0.106413 21  41
-0.106449 22  74
-0.10645 3  29
-0.106468 0  35
-0.106826 22  79
-0.106933 59  73
-0.107081 58  73
-0.107166 22  65
-0.107213 48  79
-0.107376 13  49
-0.107554 27  39
-0.107608 28  68
-0.107608 18  69
-0.107721 26  50
-0.10774 30  57
-0.107937 48  70
-0.108041 23  43
-0.108106 23  73
-0.108305 22  30
-0.108347 57  71
-0.108452 7  37
-0.108481 37  66
-0.108817 37  77
-0.109036 22  41
-0.109052 7  36
-0.109174 52  79
-0.109216 8  40
-0.10923 13  62
-0.109374 29  45
-0.109468 38  57
-0.10947 13  64
-0.10951 10  67
-0.109636 8  44
-0.109645 59  65
-0.10965 26  60
-0.109712 4  76
-0.10985 26  52
-0.109955 57  69
-0.109969 15  73
-0.110117 58  69
-0.110121 51  82
-0.110159 33  56
-0.110165 8  46
-0.11032 53  69
-0.110375 55  75
-0.110674 26  62
-0.110728 38  77
-0.110752 45  77
-0.110828 22  31
-0.110859 27  81
-0.110867 7  76
-0.110906 4  20
-0.111164 25  50
-0.111397 15  51
-0.111655 42  75
-0.111682 24  50
-0.111742 12  59
-0.111792 10  43
-0.11199 40  56
-0.112015 12  67
-0.112039 20  25
-0.11205 25  70
-0.11214 45  55
-0.112145 20  76
-0.112264 46  67
-0.112268 31  83
-0.112327 28  65
-0.112572 42  46
-0.112739 30  40
-0.112783 18  72
-0.112807 17  82
-0.112877 28  71
-0.112889 4  62
-0.112949 28  74
-0.11319 25  35
-0.113206 59  69
-0.113459 4  66
-0.113489 16  52
-0.113557 35  83
-0.113625 9  78
-0.113744 30  46
-0.113761 45  53
-0.113761 30  59
-0.113782 19  36
-0.113808 23  65
-0.113981 15  45
-0.114324 38  83
-0.114325 1  49
-0.11472 50  82
-0.114778 20  69
-0.114798 23  48
-0.115198 56  69
-0.115198 35  59
-0.115236 15  65
-0.115267 55  66
-0.115458 9  67
-0.115945 0  67
-0.116025 41  80
-0.116093 16  17
-0.116214 59  63
-0.116364 18  28
-0.116378 11  79
-0.116539 23  69
-0.116609 23  71
-0.116914 41  45
-0.116973 12  46
-0.11702 28  69
-0.11729 14  59
-0.11753 59  71
-0.117905 15  81
-0.117921 17  28
-0.118031 54  77
-0.118092 33  61
-0.11816 57  78
-0.118536 53  75
-0.118666 19  77
-0.118743 29  60
-0.119038 7  70
-0.119212 1  13
-0.11945 28  76
-0.119601 7  61
-0.119715 19  29
-0.119791 14  22
-0.119917 10  63
-0.120136 9  40
-0.120295 24  31
-0.120324 10  82
-0.120472 60  65
-0.120658 38  61
-0.120765 60  64
-0.120845 10  20
-0.120954 50  61
-0.121026 66  81
-0.121383 61  73
-0.121419 17  58
-0.121444 14  43
-0.121453 2  67
-0.12154 12  47
-0.121584 26  57
-0.121811 41  68
-0.121842 4  67
-0.122135 5  41
-0.122354 0  34
-0.122471 60  75
-0.12273 54  71
-0.122775 44  83
-0.122992 34  79
-0.123155 8  77
-0.123201 20  67
-0.123625 8  42
-0.123632 17  83
-0.123715 6  68
-0.123736 15  74
-0.123853 54  69
-0.123892 9  20
-0.123905 3  67
-0.123969 49  70
-0.123977 13  45
-0.124097 11  21
-0.12421 47  52
-0.124275 23  61
-0.124529 11  63
-0.12454 5  16
-0.124621 54  75
-0.12471 21  58
-0.124792 2  68
-0.124862 60  71
-0.12502 15  80
-0.125025 13  47
-0.125235 29  57
-0.125238 60  73
-0.125332 39  63
-0.125368 3  66
-0.125429 43  46
-0.125557 60  74
-0.125704 35  80
-0.125823 13  73
-0.125839 16  56
-0.125912 22  33
-0.125953 13  22
-0.126092 15  39
-0.126458 31  70
-0.126482 15  69
-0.126698 12  41
-0.126848 9  37
-0.126929 76  78
-0.127051 60  69
-0.127161 15  71
-0.12727 20  64
-0.127472 16  42
-0.127665 6  78
-0.127898 31  68
-0.1279 21  40
-0.128121 1  78
-0.128219 35  44
-0.128314 19  35
-0.128533 30  76
-0.128536 24  44
-0.128886 13  74
-0.128912 42  74
-0.128933 44  64
-0.129008 34  70
-0.129114 11  37
-0.12912 22  51
-0.129149 27  83
-0.129564 7  68
-0.130234 1  61
-0.130249 3  68
-0.130461 44  52
-0.130535 14  73
-0.1307 8  68
-0.130703 24  77
-0.130958 32  44
-0.131064 14  65
-0.131612 12  20
-0.13211 40  62
-0.132673 24  66
-0.132969 13  63
-0.133025 26  39
-0.133094 23  58
-0.133214 11  62
-0.133218 23  28
-0.133229 21  77
-0.133314 1  67
-0.133829 48  63
-0.133846 33  55
-0.133858 28  75
-0.13401 41  53
-0.134196 15  43
-0.134556 45  49
-0.134585 13  69
-0.134715 16  61
-0.135056 10  78
-0.13526 18  66
-0.135365 26  83
-0.135541 31  45
-0.135691 18  49
-0.135736 13  65
-0.135835 10  19
-0.135908 11  36
-0.135955 42  50
-0.136228 38  76
-0.136339 17  60
-0.136357 8  76
-0.13642 30  47
-0.136596 9  63
-0.1366 14  33
-0.136649 10  60
-0.137091 18  81
-0.137132 33  59
-0.137624 18  76
-0.13776 13  72
-0.137793 14  64
-0.137852 35  77
-0.137898 21  79
-0.137961 16  45
-0.138105 35  50
-0.138205 14  44
-0.138386 53  62
-0.138529 12  17
-0.138821 42  72
-0.138876 14  72
-0.138898 13  71
-0.138939 61  69
-0.139063 36  50
-0.139423 29  63
-0.139525 21  70
-0.139534 8  50
-0.139572 37  55
-0.139711 9  62
-0.139736 19  62
-0.139759 17  40
-0.139854 23  39
-0.139906 26  45
-0.140491 19  61
-0.140537 63  83
-0.140537 14  71
-0.140569 30  45
-0.140624 14  74
-0.140958 61  71
-0.141 41  79
-0.141076 14  61
-0.141165 12  35
-0.141452 37  46
-0.141616 33  54
-0.142342 40  76
-0.142392 40  79
-0.142445 51  63
-0.1425 70  82
-0.14265 48  61
-0.142652 35  42
-0.14268 10  68
-0.142756 19  40
-0.142963 66  80
-0.143002 11  66
-0.143118 14  69
-0.143395 23  32
-0.143478 8  63
-0.143795 17  55
-0.143913 61  74
-0.144055 16  76
-0.144214 52  70
-0.144404 15  83
-0.144791 35  45
-0.145171 41  77
-0.145181 41  78
-0.145428 17  80
-0.14579 17  50
-0.146319 10  21
-0.146922 5  34
-0.146986 42  64
-0.147009 43  67
-0.147208 18  83
-0.147505 12  44
-0.147812 12  61
-0.148298 39  80
-0.148697 42  71
-0.148745 61  65
-0.148917 32  82
-0.148924 34  61
-0.148987 24  53
-0.149103 5  67
-0.149223 9  14
-0.149311 7  18
-0.149575 59  68
-0.149743 39  42
-0.149806 14  54
-0.149954 30  67
-0.149988 36  61
-0.15041 47  54
-0.150813 20  63
-0.151063 27  47
-0.151329 7  49
-0.151846 26  61
-0.151997 7  21
-0.152175 52  66
-0.152478 4  34
-0.153297 43  50
-0.153452 29  77
-0.153654 38  48
-0.153757 19  70
-0.153979 42  73
-0.154085 37  83
-0.154638 42  69
-0.154732 7  62
-0.154967 16  62
-0.155068 26  46
-0.155206 39  67
-0.155745 20  66
-0.15595 61  72
-0.15596 1  68
-0.156169 77  82
-0.156355 19  31
-0.156395 10  76
-0.156576 30  80
-0.15696 10  62
-0.157385 33  57
-0.157495 11  50
-0.1576 52  67
-0.158249 60  70
-0.158532 22  49
-0.159762 29  70
-0.159805 32  77
-0.159857 22  39
-0.160405 25  60
-0.160568 9  34
-0.160899 18  36
-0.16203 11  19
-0.16255 13  17
-0.162653 42  65
-0.163316 22  28
-0.163423 24  81
-0.163637 50  79
-0.163749 39  78
-0.163788 49  77
-0.163923 34  76
-0.163941 38  81
-0.164138 21  47
-0.165285 32  42
-0.166493 15  63
-0.166624 20  70
-0.166734 48  78
-0.167065 40  77
-0.167907 63  79
-0.168247 63  66
-0.16827 16  46
-0.168699 31  47
-0.168794 19  48
-0.168981 25  34
-0.169055 12  34
-0.169323 41  76
-0.169494 14  42
-0.172797 33  58
-0.172824 39  43
-0.175263 21  54
-0.175476 31  57
-0.175678 27  68
-0.175764 23  59
-0.175881 13  68
-0.176756 46  59
-0.178073 16  50
-0.178433 46  77
-0.179565 12  62
-0.179704 7  34
-0.179865 47  81
-0.18028 28  33
-0.180819 12  68
-0.181048 11  40
-0.181281 32  61
-0.181814 63  82
-0.182017 12  81
-0.182377 31  48
-0.183648 3  34
-0.186109 15  60
-0.186414 13  38
-0.186449 11  68
-0.18679 42  54
-0.1873 19  42
-0.187897 54  62
-0.188297 15  48
-0.18838 47  68
-0.188824 22  62
-0.188883 37  62
-0.18938 38  68
-0.190344 34  53
-0.191161 62  83
-0.193739 40  49
-0.193844 27  78
-0.194513 18  50
-0.195427 20  29
-0.196127 30  61
-0.196137 16  40
-0.196638 26  80
-0.197072 51  70
-0.199966 18  80
-0.200078 48  76
-0.200665 15  35
-0.203481 30  70
-0.203641 10  37
-0.204485 58  68
-0.206311 28  59
-0.207278 14  45
-0.210598 16  68
-0.211583 54  70
-0.211881 50  76
-0.21267 67  83
-0.221261 15  66
-0.221395 34  57
-0.224816 31  81
-0.226892 22  63
-0.228925 18  70
-0.232074 33  62
-0.232393 33  83
-0.244845 34  36
-0.259103 44  70
-0.272177 24  34
-0.275956 17  45
-0.29489 61  70
