0 0
0.983333 0.99958
0 0
0 0
0.0166667 0.00042
0.983333 0.99958
0 0
0 4e-05
0 2e-05
0.0166667 0.00036
0 0.0001
0 8e-05
0 2e-05
1 0.99948
0 0.00032
0 6e-05
0 8e-05
0 0.00012
1 0.99944
0 0.0003
0.0166667 2e-05
0 2e-05
0 0
0.983333 0.99972
0 0.00024
0.333333 0.24658
0.1 0.29966
0.433333 0.45278
0.133333 0.00062
0 0.00036
0.2 0.00056
0.0333333 0.09948
0.766667 0.8995
0 2e-05
0 0.00044
0.183333 0.0013
0 8e-05
0.783333 0.89898
0.0333333 0.09926
0 0.00038
0.383333 0.33684
0.4 0.4327
0.133333 0.19888
0.0833333 0.03126
0 0.00032
0 6e-05
0 8e-05
0 2e-05
1 0.9996
0 0.00024
1 0.99946
0 6e-05
0 6e-05
0 4e-05
0 0.00038
0.183333 0.10018
0.0166667 0
0 4e-05
0.8 0.89962
0 0.00016
0.983333 0.99978
0 0
0 0.0001
0.0166667 2e-05
0 0.0001
0.0166667 4e-05
0 4e-05
0.983333 0.99974
0 2e-05
0 0.00016
0.133333 0.10038
0.616667 0.63834
0.25 0.26096
0 0
0 0.00032
0 4e-05
0.95 0.90028
0.0166667 0.0001
0.0333333 0.09946
0 0.00012
0 0
0 4e-05
0.983333 0.9998
0.0166667 4e-05
0 0.00012
0.4 0.52522
0.0166667 0.00108
0.583333 0.47342
0 4e-05
0 0.00024
0 4e-05
0.116667 0.10008
0.866667 0.89956
0.0166667 4e-05
0 0.00028
0 0
1 0.9995
0 4e-05
0 8e-05
0 0.00038
0.1 0.0013
0.0833333 0.0006
0 4e-05
0.816667 0.9975
0 0.00056
0.216667 0.39958
0.766667 0.60002
0 2e-05
0.0166667 0.00012
0 0.00026
0.0166667 4e-05
0 2e-05
0.866667 0.8996
0.116667 0.10012
0 0.00022
0.166667 0.03062
0.466667 0.68256
0.35 0.286
0.0166667 0.00042
0 0.0004
0.0166667 4e-05
0.0333333 0.02998
0.15 0.1003
0.8 0.86934
0 0.00034
0 2e-05
0.0166667 8e-05
0.983333 0.99976
0 2e-05
0 0.00012
0.0833333 0.10076
0.683333 0.57362
0.216667 0.32534
0.0166667 4e-05
0 0.00024
0 0
0 0
0.766667 0.89938
0.233333 0.10028
0 0.00034
0.7 0.79964
0 0.0001
0.3 0.19986
0 4e-05
0 0.00036
0.2 0.10018
0 2e-05
0.1 0.1004
0.7 0.79926
0 0.00014
0 2e-05
0 4e-05
0.0166667 2e-05
0.983333 0.9998
0 0.00012
0 6e-05
0 4e-05
0 4e-05
1 0.99962
0 0.00024
0.65 0.471
0.266667 0.52832
0.0166667 0.0001
0.0666667 0.00036
0 0.00022
0.783333 0.89896
0.0333333 0.09934
0 0.00012
0.183333 0.00128
0 0.0003
0.766667 0.8997
0.2 0.00054
0 8e-05
0.0333333 0.09948
0 0.0002
0.0666667 0.00068
0.483333 0.34596
0.45 0.6529
0 2e-05
0 0.00044
0.966667 0.99876
0.0166667 0.0011
0 2e-05
0.0166667 4e-05
0 8e-05
0.0166667 8e-05
0.983333 0.99976
0 0
0 4e-05
0 0.00012
0.316667 0.1149
0.183333 0.20538
0.5 0.6794
0 4e-05
0 0.00028
0 0.00012
0.516667 0.39022
0 6e-05
0.483333 0.60918
0 0.00042
0 8e-05
0.0166667 0.0001
0.916667 0.89946
0.0666667 0.1001
0 0.00026
0.0833333 0.06412
0.65 0.8284
0.25 0.10704
0.0166667 0.0001
0 0.00034
0 2e-05
0.25 0.09288
0 2e-05
0.75 0.90684
0 0.00024
0 2e-05
0.0166667 2e-05
0.983333 0.99986
0 0
0 0.0001
0.233333 0.24554
0.516667 0.32916
0.233333 0.42484
0.0166667 8e-05
0 0.00038
0 8e-05
0 6e-05
0 6e-05
1 0.99956
0 0.00024
1 0.9996
0 4e-05
0 6e-05
0 8e-05
0 0.00022
0 8e-05
0.266667 0.40004
0.733333 0.59922
0 6e-05
0 0.0006
0.0166667 8e-05
0.783333 0.5006
0.0333333 0.09914
0.166667 0.3997
0 0.00048
0.0333333 0.0992
0.183333 0.00092
0.183333 0.39942
0.6 0.4998
0 0.00066
0.1 0.29922
0.5 0.4448
0.4 0.2557
0 0
0 0.00028
0.0666667 0.00056
0.0333333 0.00098
0.2 0.2999
0.7 0.69842
0 0.00014
0.15 0.1007
0.35 0.292
0.5 0.6069
0 0
0 0.0004
0.183333 0.14606
0.183333 0.2996
0.566667 0.5538
0.0666667 0.00032
0 0.00022
0.0166667 2e-05
0 2e-05
0 2e-05
0.983333 0.99978
0 0.00016
0.0166667 2e-05
0 0
0 2e-05
0.983333 0.99988
0 8e-05
0.0833333 0.00042
0.466667 0.54554
0.45 0.45384
0 0
0 0.0002
0 6e-05
0 6e-05
0 0.00014
1 0.99942
0 0.00032
0 2e-05
0.0166667 6e-05
0 2e-05
0.983333 0.99982
0 8e-05
0.266667 0.29068
0.166667 0.1425
0.433333 0.4053
0.133333 0.1608
0 0.00072
0.683333 0.80624
0 8e-05
0.316667 0.19314
0 8e-05
0 0.00046
0.233333 0.0932
0.766667 0.90634
0 0.0001
0 4e-05
0 0.00032
0.0166667 6e-05
0.0666667 0.10024
0 0
0.916667 0.89956
0 0.00014
0.833333 0.78468
0 2e-05
0.0333333 0.06324
0.133333 0.15162
0 0.00044
0.333333 0.6785
0.3 0.12982
0.183333 0.1902
0.183333 0.0011
0 0.00038
0.116667 0.14936
0.0333333 0.01742
0.6 0.73804
0.25 0.09436
0 0.00082
0.15 0.153
0.5 0.56274
0.266667 0.10098
0.0833333 0.1828
0 0.00048
0.05 0.09998
0 6e-05
0.6 0.56384
0.35 0.33582
0 0.0003
0.4 0.54488
0.25 0.14198
0.333333 0.31158
0.0166667 0.00114
0 0.00042
0.566667 0.79786
0.35 0.10166
0 0
0.0833333 0.10016
0 0.00032
0.166667 0.39992
0.0166667 4e-05
0.616667 0.4535
0.2 0.14634
0 0.0002
0.183333 0.18322
0.583333 0.60924
0.0833333 0.10072
0.15 0.10664
0 0.00018
0 6e-05
0 0
0.0166667 4e-05
0.983333 0.99978
0 0.00012
0.983333 0.99942
0 2e-05
0 6e-05
0 4e-05
0.0166667 0.00046
0 0
0.25 0.39938
0.733333 0.6
0 2e-05
0.0166667 0.0006
0.9 0.9986
0.0833333 0.00068
0 4e-05
0 6e-05
0.0166667 0.00062
0 4e-05
0 2e-05
0.0833333 0.00058
0.9 0.99876
0.0166667 0.0006
0.0666667 0.00034
0.216667 0.38058
0.7 0.61832
0 4e-05
0.0166667 0.00072
0 2e-05
0 2e-05
0.983333 0.99962
0 0
0.0166667 0.00034
0.983333 0.99958
0 4e-05
0 0
0 6e-05
0.0166667 0.00032
0 0
0.383333 0.49958
0.6 0.49954
0 2e-05
0.0166667 0.00086
0 2e-05
0 0
0 8e-05
0.983333 0.99956
0.0166667 0.00034
0.983333 0.99964
0 2e-05
0 4e-05
0 6e-05
0.0166667 0.00024
0.483333 0.50046
0 4e-05
0 6e-05
0.5 0.4988
0.0166667 0.00064
0 8e-05
0 2e-05
0.0166667 0.00732
0.966667 0.99208
0.0166667 0.0005
0 2e-05
0.983333 0.99962
0 2e-05
0 6e-05
0.0166667 0.00028
0.233333 0.19756
0.0833333 0.00042
0.583333 0.80092
0.0833333 0.00038
0.0166667 0.00072
0 0
0.983333 0.99958
0 0
0 8e-05
0.0166667 0.00034
0 0
0 0
0.983333 0.99972
0 0
0.0166667 0.00028
0.366667 0.24632
0.216667 0.38258
0.25 0.20088
0.15 0.16932
0.0166667 0.0009
0 4e-05
0 4e-05
0.983333 0.99956
0 2e-05
0.0166667 0.00034
0.983333 0.9997
0 0
0 2e-05
0 0
0.0166667 0.00028
0.2 0.25302
0 0
0 6e-05
0.783333 0.74618
0.0166667 0.00074
0 2e-05
0.1 0.10004
0.883333 0.89954
0 2e-05
0.0166667 0.00038
0 2e-05
0.983333 0.9996
0 0
0 0
0.0166667 0.00038
0.3 0.46886
0.1 0.1629
0.433333 0.26624
0.15 0.10044
0.0166667 0.00156
0.933333 0.96404
0.05 0.0352
0 6e-05
0 2e-05
0.0166667 0.00068
0.933333 0.96408
0 8e-05
0 6e-05
0.05 0.03504
0.0166667 0.00074
0 2e-05
0.45 0.31478
0.533333 0.68428
0 0
0.0166667 0.00092
0 4e-05
0 4e-05
0 2e-05
0.983333 0.99964
0.0166667 0.00026
