0.062465
0.0487246
0.0601799
0.0610878
0
0.0536827
0.0623292
0.0586816
0.0612874
0
0.0281105
0.0270518
0.0284453
-0.128561
0
0.0266244
0.0250864
0.0277306
-0.127516
0
-0.127441
0.02951
0.029984
0.0153048
0
0.0207456
0.0138374
-0.154471
-0.00515284
0
-0.155392
-0.00308781
0.046273
0.0351049
0
-0.00650142
0.0284172
-0.0955372
-0.00231082
0
0.00603131
-0.15946
-0.0279754
0.0227806
0
0.0225684
0.0271212
0.0288044
-0.124977
0
-0.127785
0.0271267
0.0251113
0.0280123
0
-0.0287017
-0.124411
0.0340857
0.0377097
0
0.0130755
0.0255507
0.0260448
-0.129827
0
-0.125211
0.0256455
0.0112437
0.02897
0
-0.0240354
-0.128528
0.00211498
0.0362129
0
0.0353479
0.0244076
-0.124951
-0.0102308
0
0.0337465
0.0270252
0.0135342
-0.131023
0
-0.0316841
-0.00330179
-0.100423
0.0353491
0
0.0337656
-0.0163649
0.0325674
-0.12652
0
0.0209687
-0.125965
0.0204455
0.0253209
0
-0.0112906
0.00117106
0.0314642
-0.116964
0
-0.0179739
0.0294773
0.0324062
-0.12761
0
-0.126509
0.0301416
0.0383322
-0.017299
0
-0.00695016
-0.172249
0.0318163
0.00505438
0
-0.122723
0.00571496
-0.0206773
0.0271599
0
0.0212802
-0.12645
0.0159408
0.030618
0
0.00440039
0.00748986
-0.0216327
-0.126044
0
0.0257531
0.0315374
0.0492017
-0.169477
0
0.0452039
0.0273861
-0.170696
0.025719
0
-0.159373
0.0374317
-0.0170017
0.0454661
0
0.0300728
0.0289242
-0.126226
0.015537
0
0.0227311
0.0280287
0.0268245
-0.126516
0
-0.00493286
0.0130229
-0.125058
0.00544423
0
-0.100301
-0.00357616
0.0281078
-0.012188
0
0.0453369
-0.156553
0.0319615
-0.00685567
0
-0.00623101
-0.130599
-0.0142566
0.0352536
0
0.0185394
-0.00754663
0.0320766
-0.121954
0
-0.127551
0.0154509
0.0349427
0.0232931
0
-0.154161
-0.00962383
0.0017292
0.0379907
0
0.029101
-0.131503
0.0334366
-0.0168374
0
0.0327278
-0.127067
0.00282456
0.0138528
0
-0.0183116
0.00475402
0.0116175
-0.122925
0
0.0286547
-0.133102
0.0283951
0.00466153
0
0.0269449
-0.129952
0.0125221
0.0275939
0
-0.0163201
0.0120274
-0.00949548
-0.125319
0
0.0260609
0.0220095
0.0266864
-0.123764
0
-0.125604
0.0288084
0.0286007
0.0256363
0
0.0354472
0.00117461
-0.135829
0.0316624
0
-0.125495
0.0183698
-0.00454682
0.0116177
0
-0.00686666
-0.00760183
-0.142373
0.047178
0
0.0111226
-0.0102292
-0.150036
0.0381669
0
0.0151277
0.00911742
-0.00379168
-0.14548
0
-0.0260342
-0.136628
0.0167668
0.03704
0
-0.156091
-0.0123467
0.00437017
0.0173629
0
-0.131727
0.0293963
0.0271564
0.0124431
0
-0.128574
0.0294063
0.0244093
0.0157589
0
-0.00755024
-0.124597
-0.0255065
0.0404071
0
0.0271302
0.023553
0.0243084
-0.124217
0
0.0285069
-0.133359
0.0229162
0.0154313
0
0.0115205
-0.0224488
-0.140716
-0.0172671
0
0.000276673
0.028797
-0.140561
0.0279449
0
0.0109193
-0.144896
0.0320236
0.0349674
0
-0.125805
0.00580875
0.0321572
0.0126978
0
-0.15516
0.030681
-0.00156633
0.00977139
0
-0.0141057
0.0260359
-0.125986
-0.0168568
0
-0.156564
0.00145251
0.0245271
-0.0319822
0
0.00557059
0.0230347
-0.159461
-0.00948048
0
-0.0173836
0.037121
-0.00338153
-0.117375
0
-0.0315158
-0.167324
0.0367452
-0.00175695
0
0.034437
-0.0227453
0.0352092
-0.138827
0
0.0178319
-0.128968
-0.0234926
0.0272666
0
0.00399456
-0.027712
-0.13883
0.00992016
0
0.0266855
0.0290443
-0.125987
0.0139434
0
0.0512776
0.0613553
0.0630658
0.0598939
0
0.0640366
0.031311
0.0472459
0.0658524
0
0.0538341
0.0398787
0.0631743
0.0624387
0
0.0658265
0.062479
0.0411188
0.0534443
0
0.0503321
0.0294876
0.0430974
0.0681085
0
0.0653287
0.0617747
0.0528759
0.0614147
0
0.0527235
0.0629333
0.0588071
0.0595147
0
0.0637014
0.013025
0.0800348
0.0638013
0
0.0617653
0.0621346
0.0592542
0.0501137
0
0.0526504
0.0604468
0.0619236
0.0635357
0
0.0153879
0.0666742
0.0665219
0.0555186
0
0.0609336
0.0609674
0.0361117
0.0468971
0
0.0627937
0.050173
0.05819
0.0608333
0
0.00938557
0.0433249
0.0818112
0.0266686
0
0.0641399
0.0529999
0.0616999
0.0579474
0
0.0585598
0.060583
0.0520533
0.0629562
0
0.0592867
0.0472687
0.0109751
0.0377475
0
0.0616855
0.0603954
0.0504694
0.0615946
0
0.051195
0.0608703
0.0627434
0.0605197
0
0.0444103
0.0614299
0.0671252
0.0449208
0
0.0648874
0.0226936
0.0656279
0.0608203
0
0.0605585
0.0500793
0.0605248
0.0586981
0
0.0124285
0.0340924
0.0576887
0.0423531
0
0.0583774
0.0274935
0.0666882
0.064449
0
0.0565731
0.0602651
0.0633349
0.0304886
0
0.0610642
0.0130628
0.0582075
0.0654585
0
0.0625082
0.059702
0.0603531
0.053819
0
