1.08425 65  66
0.882419 42  60
0.874765 96  97
0.873794 39  44
0.837514 59  63
0.804903 5  89
0.777609 42  61
0.763232 52  60
0.729646 60  61
0.695132 50  53
0.682573 8  77
0.621697 14  35
0.611116 21  74
0.601883 63  86
0.601457 17  68
0.599697 96  98
0.590611 97  98
0.587825 44  65
0.587793 23  89
0.580788 41  63
0.571637 59  93
0.570459 26  77
0.564655 8  56
0.560948 56  71
0.552327 14  56
0.551778 42  52
0.551705 38  53
0.543549 83  89
0.539228 83  86
0.538807 5  35
0.531899 11  35
0.526105 38  41
0.525652 23  56
0.517165 39  56
0.510893 44  64
0.510077 47  51
0.510069 83  98
0.506526 68  98
0.497959 44  93
0.495057 51  56
0.478256 48  49
0.473441 23  32
0.471422 17  26
0.468101 5  11
0.467789 68  71
0.465721 51  52
0.461961 95  97
0.457696 52  61
0.449735 53  89
0.444016 66  83
0.442539 95  96
0.440327 14  41
0.439311 89  92
0.435603 17  35
0.434522 28  29
0.433248 59  65
0.432821 35  44
0.432443 23  86
0.431664 68  89
0.430845 24  32
0.428832 66  68
0.428606 23  68
0.427951 14  95
0.42603 23  71
0.425757 6  34
0.425126 50  93
0.42478 56  70
0.422753 64  95
0.419198 14  38
0.416375 53  68
0.416286 59  74
0.413204 32  50
0.409997 49  80
0.407749 44  66
0.407658 14  23
0.40119 26  29
0.399497 38  77
0.399317 8  89
0.399288 47  80
0.398316 14  68
0.397764 65  84
0.397003 8  38
0.39539 24  65
0.393964 17  80
0.392665 53  74
0.391008 7  33
0.390971 35  83
0.389562 24  39
0.386666 52  71
0.38472 38  95
0.384448 44  98
0.383856 44  59
0.383461 20  38
0.382151 35  67
0.379724 23  74
0.379378 35  95
0.378112 23  24
0.377874 5  47
0.375283 21  68
0.374887 17  77
0.370783 23  67
0.369311 69  70
0.367695 64  92
0.367652 41  44
0.36762 42  83
0.365863 51  53
0.36578 67  77
0.364367 41  89
0.362643 23  65
0.36215 17  98
0.357121 27  34
0.35662 38  65
0.350199 8  24
0.350005 61  83
0.349258 18  22
0.348551 39  71
0.344228 61  64
0.341557 5  70
0.340115 75  76
0.339609 17  50
0.339585 8  59
0.338924 40  71
0.338482 47  48
0.337615 26  89
0.337239 38  44
0.337159 53  83
0.336518 42  50
0.33636 59  86
0.335174 63  95
0.333229 5  51
0.333003 63  66
0.332994 32  63
0.332947 6  27
0.332519 20  33
0.329056 28  66
0.327717 95  98
0.326846 47  95
0.324953 14  86
0.321977 53  86
0.32152 59  92
0.319564 47  49
0.318607 35  89
0.315385 42  64
0.315308 39  89
0.314077 41  66
0.312912 8  23
0.312391 53  56
0.309573 48  80
0.309384 8  92
0.309344 41  71
0.308403 7  20
0.308037 60  69
0.307769 66  84
0.306775 56  86
0.306212 5  26
0.303453 14  52
0.30332 26  40
0.301302 39  65
0.30063 5  50
0.300555 23  51
0.299999 17  47
0.299817 64  65
0.299004 59  83
0.29778 56  92
0.29683 83  92
0.296803 86  93
0.294635 8  20
0.294522 21  22
0.293135 53  63
0.290845 18  21
0.289845 36  50
0.288499 7  49
0.287978 38  52
0.287454 28  98
0.286854 66  71
0.285665 14  59
0.284722 39  51
0.284607 67  68
0.284604 28  80
0.284453 71  74
0.283826 23  63
0.283129 59  70
0.283055 67  69
0.282658 52  69
0.282248 8  64
0.282125 35  59
0.280968 33  49
0.279167 51  86
0.278126 8  67
0.277117 50  65
0.276644 71  89
0.2718 67  98
0.271521 11  24
0.270796 59  89
0.269853 29  39
0.269502 14  17
0.268742 8  74
0.2683 41  70
0.267507 52  95
0.266154 8  39
0.264897 29  66
0.264646 7  34
0.264121 64  66
0.264027 51  71
0.263076 65  71
0.262819 64  83
0.262315 70  71
0.26147 28  69
0.261112 6  7
0.260698 41  50
0.260695 35  50
0.259606 67  92
0.259542 53  71
0.259194 27  28
0.259148 33  34
0.259128 5  74
0.256567 39  77
0.255666 26  97
0.253194 23  53
0.252351 38  59
0.251215 39  64
0.250229 44  71
0.250218 6  33
0.249751 38  56
0.249348 68  86
0.246499 8  86
0.246385 26  53
0.24538 35  39
0.243623 63  92
0.243081 60  68
0.242581 51  95
0.24181 26  96
0.241178 39  61
0.239176 38  89
0.239068 51  69
0.238992 5  92
0.238969 26  83
0.23883 64  86
0.237956 26  50
0.234842 77  89
0.233949 52  67
0.233791 18  74
0.232338 63  65
0.232174 64  71
0.231185 41  56
0.23077 24  77
0.230429 74  89
0.230192 50  70
0.2291 56  68
0.228511 22  74
0.228188 40  44
0.227173 23  66
0.225926 80  95
0.225178 61  95
0.224513 63  89
0.224213 24  86
0.224093 24  63
0.223286 5  53
0.221815 60  95
0.221397 44  77
0.221393 17  67
0.221229 28  34
0.221145 26  59
0.220865 8  84
0.220544 44  68
0.219785 5  23
0.219541 26  56
0.219467 40  95
0.219123 63  83
0.21863 5  71
0.218336 59  98
0.215535 20  56
0.214942 24  29
0.214798 32  35
0.214216 29  93
0.213295 20  49
0.212424 29  69
0.211988 18  47
0.210753 34  49
0.209667 28  49
0.209013 53  66
0.208953 69  92
0.208613 63  69
0.207825 39  53
0.207563 48  62
0.207024 26  60
0.20687 59  95
0.206687 59  64
0.206493 26  68
0.206062 60  62
0.204631 32  52
0.203607 47  52
0.203403 21  80
0.203368 63  67
0.203077 6  28
0.202758 52  89
0.202162 38  47
0.202005 63  71
0.202003 51  83
0.201649 92  97
0.201182 32  59
0.20082 52  68
0.200109 27  86
0.199842 69  89
0.19946 8  71
0.199237 56  89
0.197607 50  89
0.196667 44  53
0.196164 21  77
0.19524 8  65
0.194949 63  77
0.194366 65  86
0.194105 18  52
0.194025 15  48
0.193707 41  69
0.193185 22  52
0.193026 8  44
0.191367 77  96
0.19131 77  97
0.190489 32  48
0.190164 32  65
0.189953 18  76
0.189944 29  36
0.189015 21  48
0.188062 11  27
0.187828 71  95
0.187465 50  61
0.187213 8  51
0.187033 8  35
0.186783 5  98
0.186734 35  38
0.186604 24  36
0.186579 29  80
0.185689 7  64
0.18542 75  86
0.185353 20  41
0.184763 14  89
0.18418 76  86
0.183857 34  66
0.183832 49  69
0.183658 6  49
0.183182 29  53
0.183063 24  59
0.182904 14  70
0.1829 59  77
0.182697 6  66
0.181476 61  67
0.180815 22  47
0.180318 92  96
0.179697 66  95
0.179293 52  92
0.179237 18  75
0.178376 56  74
0.177398 41  51
0.176947 39  92
0.176456 29  98
0.176335 62  69
0.175852 20  76
0.17496 22  75
0.17463 49  95
0.174595 23  38
0.174147 17  49
0.172671 20  64
0.172608 33  64
0.172596 50  63
0.172292 5  64
0.169808 14  74
0.169728 6  29
0.16966 76  95
0.169534 22  76
0.169199 71  86
0.168889 38  63
0.168881 5  86
0.168206 33  48
0.167841 40  52
0.167501 40  70
0.167333 32  70
0.167238 23  26
0.166806 41  61
0.166493 51  68
0.166447 20  75
0.166283 17  83
0.166185 8  98
0.166036 35  96
0.166017 24  27
0.165891 17  48
0.165838 38  69
0.165825 8  80
0.165709 23  52
0.165319 32  40
0.164711 29  68
0.164619 29  34
0.164579 27  33
0.163834 35  93
0.163346 6  64
0.16165 27  29
0.161412 35  97
0.160605 33  86
0.159616 41  42
0.158926 65  70
0.158885 42  95
0.158801 44  52
0.157881 29  49
0.157858 15  33
0.157526 7  48
0.157225 5  56
0.15679 26  71
0.156062 34  64
0.155245 47  53
0.155032 7  86
0.154713 7  15
0.1545 74  80
0.153831 63  64
0.153685 32  67
0.153261 41  86
0.152795 50  77
0.152592 70  89
0.151338 77  83
0.151053 7  27
0.15074 14  26
0.150721 6  86
0.149705 21  49
0.149572 50  51
0.148824 17  21
0.148478 6  15
0.147986 32  38
0.147926 41  97
0.147787 11  34
0.147709 75  95
0.147504 6  48
0.14707 49  64
0.146905 34  86
0.146658 35  66
0.146627 7  65
0.146467 21  75
0.146294 71  96
0.145603 47  62
0.14455 6  11
0.144496 31  45
0.144394 48  64
0.144333 3  9
0.143895 15  34
0.142955 32  95
0.14227 2  45
0.142226 34  48
0.141438 3  19
0.141385 33  65
0.141011 14  67
0.140856 48  95
0.140821 3  31
0.140427 53  98
0.140395 3  46
0.140348 24  89
0.140337 3  45
0.140269 10  57
0.140059 3  57
0.139872 10  45
0.139712 50  74
0.139704 3  10
0.139521 5  48
0.139515 9  31
0.139494 2  9
0.139426 45  57
0.139417 36  75
0.139334 50  60
0.139334 49  66
0.139184 9  57
0.139144 42  59
0.139144 2  19
0.139106 41  96
0.13906 31  46
0.138861 19  57
0.138832 2  57
0.138642 51  80
0.13858 10  19
0.138356 60  64
0.138168 50  92
0.138147 2  10
0.138138 9  46
0.138049 19  46
0.138012 61  69
0.137944 24  93
0.137886 31  57
0.137861 9  19
0.137782 38  71
0.137506 11  29
0.13745 19  31
0.137449 10  46
0.137355 68  77
0.136803 48  65
0.136711 9  45
0.13669 20  65
0.136659 9  10
0.136586 6  20
0.136516 50  67
0.1365 41  53
0.136483 17  97
0.136481 2  3
0.13641 28  62
0.136268 46  57
0.136132 2  46
0.136091 45  46
0.136039 2  31
0.135985 10  31
0.135955 71  97
0.13575 19  45
0.133466 51  61
0.132735 29  32
0.132621 8  36
0.132448 17  96
0.132394 53  95
0.132339 36  76
0.132279 32  77
0.130972 20  34
0.130266 53  92
0.130146 14  18
0.12907 89  95
0.129045 7  11
0.128815 29  62
0.128762 70  95
0.128523 11  93
0.128279 49  62
0.127667 15  93
0.126936 60  89
0.126926 8  53
0.126325 21  76
0.126261 59  60
0.12595 74  77
0.125939 25  30
0.125859 41  65
0.125687 17  42
0.125405 13  72
0.125139 16  55
0.124622 12  30
0.124515 4  43
0.124337 37  43
0.124329 26  70
0.124088 55  58
0.124062 14  51
0.123915 25  54
0.123898 25  37
0.123528 12  55
0.123504 43  54
0.123488 12  54
0.123419 13  55
0.123354 43  72
0.123336 13  43
0.123255 43  55
0.123234 58  72
0.123172 13  30
0.122887 66  77
0.122875 25  43
0.122766 4  12
0.122755 55  72
0.122563 13  58
0.122557 4  16
0.122529 43  58
0.122509 12  25
0.122508 12  13
0.122335 13  54
0.122289 37  55
0.122241 60  83
0.122237 54  58
0.122208 30  72
0.122037 25  72
0.121991 42  86
0.121901 66  89
0.121815 4  25
0.121781 16  25
0.121761 30  58
0.121738 37  54
0.121628 4  55
0.12155 86  89
0.121522 13  37
0.121495 8  28
0.121474 13  16
0.121429 4  54
0.121421 30  43
0.121312 12  72
0.121294 16  58
0.121292 25  58
0.121212 13  25
0.121189 4  58
0.121169 4  30
0.121078 16  30
0.121071 16  54
0.121027 32  69
0.120948 77  98
0.120762 12  43
0.120641 12  58
0.120602 37  72
0.120513 4  13
0.120345 16  72
0.120063 4  72
0.120063 36  39
0.119933 12  16
0.119906 54  55
0.119891 20  26
0.11985 30  55
0.119661 12  37
0.119569 37  58
0.119537 15  22
0.11951 54  72
0.119326 30  54
0.118759 23  70
0.118425 66  70
0.11829 16  37
0.118192 5  52
0.117965 30  37
0.117882 16  43
0.117426 32  49
0.117164 15  18
0.116924 25  55
0.116867 4  37
0.116786 64  70
0.116499 93  95
0.116328 29  77
0.116174 41  95
0.116037 14  22
0.115359 80  98
0.115294 74  75
0.115126 14  29
0.114912 29  83
0.114818 38  51
0.114577 67  89
0.114366 56  67
0.112788 48  74
0.112704 21  52
0.112033 39  84
0.11126 11  33
0.111173 36  59
0.111028 59  71
0.11022 64  97
0.109803 27  69
0.109703 50  97
0.109574 14  97
0.108974 34  65
0.108395 5  95
0.107852 20  47
0.107766 7  98
0.107691 53  67
0.107505 15  49
0.10624 11  39
0.105591 20  29
0.105572 38  97
0.105415 14  96
0.105231 62  71
0.105141 7  69
0.105089 38  64
0.10502 11  28
0.104636 38  66
0.104355 44  95
0.104238 75  93
0.103704 53  76
0.103602 53  59
0.103414 50  86
0.103082 66  80
0.102943 33  69
0.102909 32  62
0.10245 27  93
0.102331 78  87
0.10225 67  93
0.101813 74  76
0.101575 75  77
0.100945 60  92
0.10019 20  51
0.100023 68  97
0.0987404 73  79
0.0985812 11  36
0.0979888 24  34
0.0976185 78  90
0.0975427 79  90
0.0974498 78  85
0.0973867 0  87
0.0973496 6  65
0.0971186 52  75
0.0970952 21  59
0.0968935 23  80
0.0967772 42  47
0.0964787 79  85
0.0963202 87  94
0.0962994 78  82
0.0962809 78  79
0.0962618 85  87
0.0960644 82  87
0.0959055 1  87
0.0958457 82  91
0.0958156 41  67
0.0958152 90  94
0.0956703 1  94
0.0956686 18  68
0.0956356 81  99
0.095555 0  91
0.095496 79  82
0.0954656 87  99
0.0953404 88  99
0.0951456 73  91
0.0950951 90  99
0.0950421 87  90
0.0950116 35  41
0.0949561 14  62
0.0949427 78  94
0.0948327 85  88
0.0947246 81  85
0.0947222 22  27
0.0946853 64  96
0.0946317 0  94
0.0942273 79  87
0.0941792 73  82
0.0941206 94  99
0.0940623 81  94
0.0940585 68  96
0.0940044 42  69
0.0938591 81  90
0.0938472 33  98
0.0938328 73  94
0.0938224 73  87
0.0937658 0  82
0.0936332 38  96
0.0936219 5  60
0.0936191 79  91
0.0935442 1  78
0.0935403 81  91
0.0935374 79  99
0.0935134 82  99
0.093424 91  99
0.0934126 6  24
0.0934029 85  94
0.093371 53  75
0.0933331 5  77
0.0933006 88  91
0.0932627 87  88
0.093201 81  87
0.0931463 0  85
0.093103 1  88
0.0929255 78  81
0.0929079 22  68
0.092891 85  99
0.0928523 73  78
0.0928354 87  91
0.0928293 0  1
0.0928043 0  99
0.0926699 73  90
0.092638 1  73
0.0924469 1  99
0.0924403 52  76
0.092405 81  88
0.0923691 79  94
0.0923514 71  92
0.0923394 18  27
0.0923346 78  88
0.092172 78  99
0.0921368 90  91
0.0920746 73  85
0.0920505 82  88
0.0920375 85  90
0.0920371 78  91
0.092024 50  95
0.0919986 82  85
0.0919788 17  29
0.0918855 1  79
0.0918474 0  79
0.0918454 73  88
0.0917719 0  90
0.0917507 0  78
0.0917078 73  81
0.0914996 1  82
0.0914494 1  90
0.0914174 73  99
0.0913846 1  91
0.0913026 28  68
0.0911788 91  94
0.0911237 82  94
0.0910401 0  73
0.0910052 76  77
0.0906053 68  95
0.0904607 88  94
0.0904252 64  89
0.0903993 0  81
0.0903681 1  85
0.0902716 82  90
0.0902078 20  86
0.0901298 35  65
0.0900576 88  90
0.0899928 1  81
0.0898107 17  33
0.0897314 70  77
0.0897297 66  69
0.0895865 79  81
0.0895411 8  69
0.0894435 79  88
0.0893271 0  88
0.0892334 60  67
0.0889177 15  21
0.0888451 5  38
0.0887652 47  75
0.0885191 25  79
0.0885103 39  70
0.08844 81  82
0.0883984 50  96
0.0882049 27  65
0.0878181 27  49
0.0877135 61  86
0.0876546 4  82
0.0874539 7  75
0.0874055 39  42
0.0873368 54  87
0.0873266 15  55
0.0872884 63  98
0.0872605 85  91
0.0871144 0  25
0.0868669 7  76
0.0866056 16  87
0.0865227 4  79
0.0864237 12  82
0.0863386 12  88
0.0862666 0  55
0.0861836 25  82
0.0861392 13  36
0.0860122 12  15
0.0859766 16  82
0.0858582 72  91
0.0857178 4  36
0.085674 25  88
0.0855704 30  87
0.0854733 12  78
0.0854728 51  67
0.0852869 13  87
0.0852485 58  85
0.0852422 43  87
0.0852301 36  72
0.0851962 12  85
0.0851907 67  83
0.0850944 7  29
0.0850853 1  13
0.0850584 25  99
0.0849991 12  94
0.0849943 36  54
0.0849885 30  36
0.0849288 12  73
0.0848008 58  79
0.0847479 30  79
0.0847414 37  79
0.0847033 1  30
0.0846603 14  93
0.0845355 55  79
0.0843968 74  86
0.0843858 21  50
0.0843645 0  30
0.0843505 30  90
0.0842842 25  81
0.0842589 33  75
0.0842324 13  82
0.0842015 1  72
0.084198 15  37
0.084171 48  69
0.0841674 4  91
0.0841459 25  78
0.0840894 27  80
0.0839974 30  85
0.0839923 15  54
0.0839569 30  99
0.0838826 15  16
0.0838421 25  94
0.0838256 41  68
0.0838137 72  78
0.0837942 4  88
0.0837708 1  37
0.0837041 25  87
0.0836917 72  88
0.0836752 6  93
0.0835499 12  91
0.0835463 54  99
0.0835312 25  36
0.083496 30  91
0.0834827 58  81
0.0834132 37  82
0.0834023 1  4
0.0833986 54  79
0.0833621 43  90
0.0833582 1  55
0.0833216 58  94
0.0833052 30  78
0.0833018 4  15
0.0832897 16  73
0.083257 36  55
0.0831962 37  87
0.0831899 5  49
0.0831189 55  87
0.0830918 58  91
0.0830827 0  58
0.0829849 15  72
0.0828116 13  79
0.0827737 55  90
0.0827711 12  90
0.0827591 54  73
0.0827546 21  89
0.0827513 72  82
0.082695 37  99
0.0826808 58  82
0.0826762 72  87
0.0825904 43  91
0.0825719 4  99
0.0825251 0  54
0.0825201 13  78
0.0824863 50  66
0.0824651 12  36
0.082447 0  72
0.0824313 89  96
0.0824207 11  86
0.0823938 43  85
0.0823707 72  99
0.082328 16  90
0.0823107 16  91
0.0822884 7  60
0.0822843 54  88
0.0822582 4  78
0.0822568 0  12
0.0822545 0  37
0.0821665 37  81
0.0821376 36  43
0.0821145 58  90
0.0820479 12  87
0.0820371 25  90
0.082034 13  85
0.0820079 58  78
0.081998 13  99
0.0819845 13  81
0.0819617 4  73
0.081934 42  68
0.0818931 0  43
0.081887 15  30
0.0818771 43  73
0.0818559 12  81
0.0817596 4  85
0.081756 55  91
0.0817554 7  17
0.0817036 14  63
0.0816627 4  94
0.0816593 37  94
0.0816239 13  94
0.0815919 33  60
0.0815272 72  73
0.0815241 16  99
0.0815008 25  91
0.0814356 72  79
0.0814099 30  82
0.0813977 37  88
0.0813331 37  78
0.0813257 12  79
0.0812919 12  99
0.081203 34  75
0.0811799 37  85
0.0811683 25  85
0.0811233 15  58
0.0811226 0  16
0.0810446 1  58
0.0810399 44  69
0.081007 15  25
0.0809941 16  79
0.0809793 1  12
0.0809545 54  90
0.0809376 43  78
0.080926 72  85
0.0808965 58  99
0.0808608 0  4
0.0808277 1  54
0.0808158 58  87
0.0808106 16  85
0.0808087 25  73
0.0807756 30  94
0.0807505 1  16
0.0807497 58  73
0.0807489 54  82
0.0807286 55  88
0.080686 43  79
0.0805427 43  99
0.0805404 55  82
0.0805114 36  58
0.0805099 54  81
0.0804546 54  85
0.0804332 13  73
0.0803975 70  92
0.0803128 15  43
0.0802943 37  91
0.0802624 16  88
0.0802256 54  78
0.0801732 4  87
0.0800996 0  13
0.0800949 72  94
0.0800876 13  91
0.0800068 16  78
0.0799617 58  88
0.0799065 4  81
0.0798934 55  73
0.079892 30  81
0.07977 5  59
0.0797499 37  73
0.0796446 16  81
0.0795536 54  91
0.0794584 55  99
0.079314 16  36
0.0791488 38  98
0.0790971 14  21
0.0789278 76  93
0.0788312 70  86
0.0788136 18  34
0.0785852 52  83
0.0785826 5  80
0.0785581 37  90
0.078557 43  94
0.0785047 55  78
0.0784957 36  37
0.0784658 13  90
0.0784474 54  94
0.0784002 30  73
0.0783652 4  90
0.0783632 13  15
0.0783064 55  94
0.0782813 34  93
0.078267 30  88
0.0782198 72  90
0.0780694 6  18
0.077839 13  88
0.0777522 1  43
0.0777089 55  85
0.0773751 55  81
0.0772898 49  65
0.0771211 43  81
0.0769074 72  81
0.0767436 27  66
0.0767069 24  44
0.0766335 43  88
0.0764646 1  25
0.0763855 47  76
0.0760015 40  59
0.0759443 89  97
0.0758443 43  82
0.0758007 16  94
0.075484 5  20
0.0751395 27  98
0.074344 84  87
0.0734492 33  76
0.073404 11  26
0.0733634 52  86
0.0732461 6  76
0.0732418 70  84
0.0729411 22  33
0.0724363 84  85
0.0722436 78  84
0.0721097 54  62
0.0720622 14  53
0.0719542 32  36
0.0718281 6  22
0.0717868 84  90
0.0714027 25  62
0.0713301 59  66
0.0711163 30  62
0.0708336 84  94
0.0707222 39  67
0.0705973 5  21
0.0704169 55  62
0.0702249 7  22
0.0701881 8  34
0.0701142 22  36
0.0700668 84  91
0.0700594 13  62
0.0700497 62  72
0.0699377 7  18
0.0698971 29  33
0.069827 16  62
0.0698058 79  84
0.0694177 43  62
0.0693387 40  43
0.0692867 49  74
0.0692815 22  34
0.0692775 3  61
0.0691787 28  61
0.069161 4  62
0.0691173 69  80
0.0690647 30  40
0.0689291 23  49
0.0688453 82  84
0.0687477 12  62
0.0686827 1  84
0.0686711 20  48
0.0685139 37  62
0.0684643 70  98
0.0684032 40  55
0.0683951 18  33
0.0683422 84  88
0.0682864 81  84
0.0682429 58  62
0.0681713 18  36
0.0681258 51  59
0.0679927 73  84
0.0678629 8  49
0.0671652 84  99
0.0671481 77  95
0.067127 57  61
0.0669497 23  41
0.0667604 6  75
0.0666938 16  40
0.0666158 18  51
0.0663995 19  61
0.0660351 0  84
0.0658869 23  59
0.0655531 12  40
0.0655075 10  61
0.0654417 18  83
0.0654249 13  40
0.0652378 45  61
0.0651969 7  24
0.0651694 9  61
0.0648539 14  75
0.0647518 47  68
0.064632 40  72
0.06415 39  83
0.064138 4  40
0.0640925 35  51
0.0637664 26  32
0.0635909 67  70
0.0633995 40  58
0.063354 24  33
0.0630867 37  40
0.0629412 25  40
0.0628594 11  32
0.0628141 68  74
0.062509 27  35
0.0623081 34  76
0.0622619 15  65
0.0620074 40  54
0.0619392 61  92
0.0618284 5  8
0.0615812 68  80
0.0614816 31  61
0.0614297 11  15
0.0613506 89  98
0.0608532 29  59
0.0603737 64  80
0.0599918 2  61
0.0599441 77  84
0.0595495 17  74
0.0594827 24  28
0.0593791 46  61
0.0592848 32  76
0.0592679 62  95
0.0591861 22  55
0.0589162 67  80
0.0586497 14  76
0.0585795 48  50
0.0585504 32  71
0.0583516 36  87
0.0583392 47  50
0.0581253 26  35
0.0580736 38  84
0.058058 44  76
0.0574229 38  70
0.0570033 36  90
0.0569485 22  54
0.0568861 22  58
0.0568176 22  43
0.0567247 22  30
0.0565934 20  35
0.0561169 18  55
0.056099 44  75
0.0560845 18  43
0.0557998 3  47
0.0557828 23  77
0.0556758 41  83
0.055643 17  51
0.0556063 5  7
0.055544 12  18
0.0554818 18  72
0.0554528 22  37
0.0551937 4  22
0.0551253 36  73
0.0551147 36  82
0.0549395 36  99
0.0548897 0  36
0.0547649 36  91
0.0545599 16  22
0.0543388 4  18
0.0543095 11  49
0.0542551 18  54
0.0541048 22  25
0.0540649 16  18
0.0539126 12  22
0.053671 61  80
0.0535462 56  93
0.0535309 18  25
0.0534756 84  98
0.0534014 13  22
0.0533795 18  58
0.0533548 22  72
0.0532919 17  41
0.053236 2  63
0.0531419 10  63
0.053141 62  80
0.0530882 18  30
0.0530673 36  88
0.0528471 36  85
0.0526817 10  47
0.0526777 22  51
0.052666 14  44
0.0526099 46  47
0.0525655 15  67
0.0522728 36  79
0.0519301 13  18
0.0518339 11  43
0.0517254 64  69
0.0516383 9  63
0.0516285 47  57
0.0513198 18  37
0.0513061 41  60
0.0513003 3  27
0.0511344 5  27
0.0511186 45  47
0.0510935 23  61
0.0510458 15  78
0.0510037 27  46
0.0509519 33  93
0.0508857 11  58
0.0508077 11  55
0.0505286 19  47
0.0505099 2  47
0.0503675 32  75
0.0503231 33  66
0.0502673 62  73
0.0500821 36  78
0.0500082 28  70
0.0499658 11  30
0.0499284 18  86
0.0498174 36  94
0.0497576 9  47
0.0497531 19  63
0.0494868 15  87
0.0494324 64  84
0.0493944 24  66
0.0493079 40  73
0.0492834 11  54
0.0492457 11  72
0.04919 20  57
0.0491893 11  37
0.0491745 26  66
0.0491032 17  20
0.0490069 35  36
0.0489606 1  36
0.0487946 15  90
0.0487644 11  13
0.0486343 10  27
0.0485841 7  67
0.0484255 36  81
0.048345 62  87
0.0483299 3  28
0.0482051 22  83
0.0480698 13  84
0.0479627 31  47
0.0478754 40  80
0.0478346 4  84
0.0477963 5  33
0.047791 1  15
0.0477489 42  80
0.0477138 6  8
0.0476376 15  81
0.0476334 31  63
0.0475488 62  82
0.0474379 7  80
0.0474035 40  91
0.0472462 7  66
0.0472077 40  68
0.0471936 4  11
0.0470821 15  99
0.0470432 19  28
0.0469776 11  16
0.0469632 30  84
0.0469231 57  63
0.0466854 11  12
0.0466773 20  45
0.0466742 16  84
0.0466628 26  93
0.0466283 0  62
0.0466144 11  25
0.0464396 27  31
0.0464289 15  82
0.0464083 1  40
0.0463431 62  91
0.046207 54  84
0.0461075 74  92
0.0460812 38  48
0.0460222 2  27
0.0459826 40  87
0.0459699 15  91
0.0458998 55  84
0.0458039 40  78
0.0457974 12  84
0.0457375 21  36
0.0457127 22  86
0.0456474 32  39
0.0455758 62  78
0.045475 72  84
0.0453893 37  84
0.045258 9  28
0.0452565 0  40
0.0452456 45  63
0.0451884 40  82
0.0451385 11  59
0.0449982 9  27
0.044914 5  62
0.0448903 90  96
0.0448369 40  88
0.0448134 10  28
0.0446652 52  62
0.044643 62  79
0.0446175 19  27
0.0445803 27  45
0.0445681 7  93
0.0444114 2  28
0.0444039 9  20
0.0443958 15  94
0.0443926 76  83
0.0443062 69  77
0.044301 46  63
0.044287 94  96
0.0442866 58  84
0.044162 25  84
0.04416 28  46
0.0440937 0  15
0.0440377 28  31
0.0439836 62  99
0.0439567 40  85
0.0438914 28  45
0.0438118 44  63
0.0437838 3  63
0.0436759 6  98
0.0435918 15  24
0.0435727 15  73
0.0434943 62  81
0.0432271 82  97
0.0431358 82  96
0.0431197 88  96
0.0431136 37  57
0.0429222 53  65
0.0427729 40  99
0.0427612 2  20
0.042733 3  20
0.0426369 15  85
0.0426274 16  45
0.0426193 28  57
0.0424104 37  45
0.0423893 81  96
0.0423058 43  84
0.0422963 19  37
0.0422745 27  57
0.0422419 78  96
0.0420386 91  96
0.0420049 20  46
0.0419888 40  94
0.0419153 31  55
0.0418527 15  79
0.041817 20  31
0.0418066 2  55
0.0417805 9  12
0.0417495 1  96
0.0416746 9  37
0.0415737 45  72
0.0414543 9  25
0.041405 26  52
0.0413973 25  46
0.0413635 12  57
0.0413464 67  74
0.041293 40  79
0.0412378 57  72
0.0411923 16  19
0.0411799 79  97
0.0411575 37  46
0.0411466 83  84
0.0411121 80  92
0.0410604 4  57
0.0410552 13  46
0.0409925 97  99
0.0409893 96  99
0.0409793 30  45
0.0409572 62  94
0.0409443 0  31
0.0409327 3  16
0.0408961 45  87
0.0408797 8  50
0.0408392 40  81
0.0408122 55  57
0.0408034 0  3
0.0407613 16  31
0.0407516 10  20
0.0407084 3  37
0.0406999 87  96
0.0405848 46  58
0.040584 2  94
0.040579 57  79
0.0405267 13  19
0.0405257 46  87
0.0404737 45  73
0.0404213 2  25
0.0404065 88  97
0.0403 12  45
0.0402751 19  25
0.0402385 4  19
0.0402032 57  99
0.0401998 25  57
0.0401975 3  72
0.0401752 19  58
0.0401432 10  25
0.0401352 94  97
0.0400803 73  96
0.0400384 2  72
0.0400344 31  78
0.0399901 10  12
0.0399863 13  31
0.0399846 19  78
0.0399817 10  37
0.0399505 25  45
0.0398179 10  72
0.0397584 62  88
0.0397482 10  55
0.0396685 45  58
0.0396311 4  31
0.0396277 78  97
0.039621 2  37
0.0396177 9  55
0.039615 10  87
0.0396094 10  90
0.0395749 4  10
0.0395626 10  13
0.0395325 57  87
0.0394502 49  86
0.0394246 3  91
0.0393851 3  25
0.0393075 31  72
0.0392912 3  90
0.0392851 33  67
0.0392621 0  57
0.0392399 3  73
0.0392313 15  88
0.0392071 9  94
0.0392005 9  58
0.039189 25  31
0.0391578 10  16
0.0391368 1  62
0.0391188 75  83
0.0390967 11  69
0.0390951 45  78
0.0390897 9  72
0.0390498 62  85
0.0390157 0  10
0.0390118 19  88
0.0390004 7  52
0.038982 9  78
0.0389262 54  57
0.0388955 19  54
0.0388952 13  45
0.0388756 4  46
0.0388595 12  19
0.0388545 13  57
0.0388485 16  46
0.0388461 10  30
0.0388057 3  54
0.0387663 16  57
0.0387268 31  54
0.0386747 4  45
0.0386581 9  16
0.0386578 20  27
0.0386491 2  58
0.038602 62  90
0.038591 10  78
0.0385724 40  90
0.0385707 20  53
0.0385602 12  46
0.0385567 79  96
0.038544 1  9
0.0385237 31  58
0.0384971 46  90
0.038474 57  58
0.0384162 46  81
0.0384148 1  97
0.0384061 85  96
0.0383904 75  99
0.0383857 19  85
0.0383731 19  72
0.0383632 2  12
0.038348 9  30
0.0383343 2  88
0.0382412 9  79
0.0382409 15  20
0.0382394 31  99
0.038238 4  9
0.0380874 76  85
0.0380631 10  54
0.0379743 45  88
0.0379579 3  55
0.0378925 46  91
0.0378695 19  99
0.0378504 90  97
0.0378474 3  81
0.0378451 1  45
0.0378251 33  52
0.0378128 2  90
0.0378003 3  4
0.037795 2  4
0.0376979 46  94
0.0376872 64  77
0.0376668 3  94
0.0376666 2  87
0.0376383 46  85
0.0376299 10  99
0.0375993 3  12
0.0375862 31  88
0.0375835 19  55
0.0375455 0  19
0.0375331 10  58
0.0375127 17  56
0.0374857 46  55
0.0374786 2  16
0.037469 87  97
0.0374529 30  31
0.0373878 8  32
0.0373791 1  46
0.0373789 76  81
0.0373622 2  54
0.0373588 7  28
0.0373051 3  30
0.0372797 2  85
0.0372131 57  88
0.0372095 28  86
0.0372027 45  90
0.0371996 45  54
0.0371969 75  90
0.0371969 45  85
0.037193 3  99
0.0371398 1  3
0.0371331 12  31
0.0371112 3  87
0.0370984 3  85
0.0370958 2  99
0.0370413 57  78
0.0370342 30  57
0.037027 57  81
0.037018 31  79
0.0370149 31  37
0.0369655 3  58
0.0369387 19  90
0.0369346 10  81
0.0369099 30  46
0.0369055 9  13
0.0368952 46  73
0.0368848 10  91
0.0368803 31  81
0.036859 9  99
0.0368554 3  88
0.0368384 91  97
0.0368173 3  13
0.036802 76  94
0.036802 19  30
0.0367934 76  91
0.0367869 3  82
0.0367625 31  43
0.0367027 2  30
0.0366872 2  73
0.0366692 4  21
0.0366534 1  76
0.0366012 3  78
0.0365084 73  97
0.0365006 3  79
0.0364049 45  81
0.0363849 46  72
0.0363755 75  94
0.0363652 1  10
0.0363416 45  55
0.036336 51  60
0.0362373 31  94
0.0362109 46  88
0.03613 1  75
0.0361198 43  45
0.0360758 43  57
0.036058 6  80
0.0360467 19  91
0.0360444 31  90
0.036024 0  76
0.0359984 31  87
0.0359982 40  89
0.035953 45  79
0.0359471 2  78
0.0359389 1  57
0.0358946 57  94
0.035876 9  91
0.0358597 73  76
0.0358347 85  97
0.0358207 39  50
0.0357955 2  79
0.0357762 57  82
0.0357708 9  54
0.0357431 21  54
0.0357261 2  13
0.0357049 81  97
0.035704 19  81
0.0356607 9  73
0.0356214 76  78
0.0356051 19  94
0.0355756 76  79
0.0355748 0  96
0.0355573 17  28
0.035492 19  73
0.0354798 45  94
0.0354481 19  79
0.0353897 15  38
0.0353816 21  30
0.0353688 2  82
0.0353129 46  79
0.0352373 75  88
0.0352218 73  75
0.0351693 57  73
0.0351263 1  2
0.0350779 45  91
0.0350749 0  45
0.0349751 31  82
0.0349718 0  46
0.0349552 2  91
0.0349151 33  45
0.034878 43  46
0.0348702 10  43
0.0348464 9  81
0.0347692 9  87
0.0347375 34  98
0.0346401 20  52
0.0346303 1  19
0.0346142 32  41
0.0346074 0  9
0.0345125 9  88
0.0344981 35  47
0.0344623 46  82
0.0344141 46  78
0.034408 46  54
0.0344032 3  43
0.0343802 34  69
0.0342722 19  43
0.0342614 10  88
0.0342381 9  85
0.034198 16  21
0.0341584 19  20
0.0341573 46  99
0.0340267 14  60
0.0339971 22  48
0.0339355 9  82
0.0338838 27  75
0.0338818 1  31
0.0338354 6  69
0.033828 75  82
0.0337799 19  82
0.0336706 31  91
0.0336364 76  82
0.0336349 0  97
0.0336115 21  55
0.033598 10  85
0.0334652 6  38
0.0334137 44  86
0.0333807 21  37
0.0331185 2  43
0.033102 10  79
0.0330469 7  45
0.0330018 19  33
0.0328847 21  43
0.0327509 57  91
0.032737 2  81
0.0327258 76  99
0.0327104 75  85
0.0326563 10  33
0.0326012 5  34
0.0326002 76  88
0.0324957 57  90
0.0324516 9  90
0.0324108 33  57
0.0322911 19  87
0.032268 57  85
0.0321829 10  73
0.032179 21  72
0.0321787 9  43
0.0320784 31  73
0.0320587 34  80
0.0320518 76  90
0.0320502 21  25
0.0320314 10  94
0.0320098 0  2
0.0319577 66  92
0.0318646 40  60
0.0317719 75  87
0.0317405 7  31
0.0316448 45  99
0.0316037 31  85
0.0314915 61  63
0.0313842 76  87
0.0313354 67  84
0.0312997 12  21
0.0311924 5  40
0.0311917 75  79
0.0310812 0  75
0.031033 75  81
0.0310144 15  36
0.0309408 45  82
0.0308031 7  57
0.0307809 87  93
0.030652 88  93
0.0303587 18  48
0.0301802 5  6
0.0300195 91  93
0.0299333 75  78
0.0298914 8  95
0.0298561 21  58
0.0298404 7  10
0.0298053 2  33
0.0297716 7  46
0.0295038 81  93
0.029325 1  93
0.0293041 2  7
0.0292102 7  19
0.0290239 33  46
0.0289628 13  21
0.0288947 75  91
0.0288653 7  9
0.0287841 28  33
0.0287403 27  32
0.0286981 31  33
0.0285724 10  82
0.0285515 82  93
0.0283637 53  93
0.028358 60  70
0.028218 93  99
0.0281608 3  7
0.0281454 53  61
0.0280351 65  98
0.0278412 51  70
0.0277623 28  93
0.0277068 15  27
0.0271367 35  52
0.0270218 0  93
0.0269599 73  93
0.0269257 23  28
0.0266878 93  94
0.026182 34  38
0.0261809 33  80
0.0260982 1  22
0.0260475 18  85
0.0259242 79  93
0.0259214 22  82
0.0258351 22  81
0.0257491 70  83
0.0256978 23  93
0.0255308 90  93
0.0254289 8  48
0.0252316 85  93
0.0248289 7  14
0.0246821 42  51
0.0245129 59  75
0.0244265 3  33
0.0243425 49  98
0.0242355 18  91
0.0241809 9  33
0.0241634 22  90
0.0240166 48  93
0.0237571 22  78
0.0237239 22  94
0.0236008 44  84
0.0235931 8  62
0.0235888 18  90
0.0234245 8  70
0.0233473 27  64
0.0233123 48  72
0.0232493 20  67
0.0228778 18  73
0.0228293 37  48
0.0225871 78  93
0.022513 22  79
0.0224291 17  23
0.0224124 18  82
0.0223262 18  87
0.0221009 22  85
0.0220569 22  87
0.022042 48  58
0.0220218 49  75
0.021947 22  88
0.0219431 48  55
0.021903 85  92
0.0218899 90  92
0.0218849 18  99
0.0218475 43  48
0.0217333 18  81
0.0216611 49  61
0.0215895 30  48
0.021133 0  22
0.0210789 13  48
0.020973 27  48
0.0209005 12  48
0.020864 22  91
0.0207327 42  54
0.0206351 22  28
0.0205916 22  99
0.0205846 9  42
0.0205714 48  54
0.0205552 1  18
0.0205442 11  90
0.0205354 18  78
0.0204354 77  86
0.0201551 14  33
0.0201266 18  79
0.0201057 28  47
0.0199807 91  92
0.0199004 3  6
0.0198428 21  71
0.0198345 27  54
0.0197851 32  64
0.0197314 16  27
0.0196795 51  74
0.0196782 18  94
0.0196191 59  76
0.0195825 42  46
0.019501 31  34
0.0192982 11  82
0.0191221 11  94
0.0190637 16  48
0.0190476 6  45
0.0189015 22  73
0.0188233 11  99
0.0187644 27  76
0.0187449 78  92
0.0187313 15  74
0.0187057 46  60
0.0186806 42  43
0.0186556 6  19
0.018545 11  73
0.018405 28  95
0.0182421 31  42
0.0181363 38  75
0.0181113 0  11
0.0181087 0  18
0.0180788 2  42
0.0178798 92  99
0.0177383 42  45
0.0176922 26  95
0.0176605 25  42
0.0176055 11  85
0.0175988 60  86
0.0175706 11  88
0.0175606 42  55
0.0175003 25  48
0.0174819 73  92
0.0173548 11  79
0.017299 1  92
0.0171954 1  11
0.0171721 0  92
0.0168689 92  94
0.0168146 81  92
0.0167025 11  81
0.0166899 11  87
0.0165995 4  27
0.0165983 25  27
0.0163693 82  92
0.016363 2  6
0.0162007 27  43
0.0161898 6  46
0.0161304 11  80
0.0161037 19  42
0.0160587 29  60
0.0160585 88  92
0.0160192 32  89
0.01593 10  34
0.0157549 87  92
0.0157095 59  62
0.0156967 10  42
0.0156168 12  42
0.0155934 24  42
0.01554 11  78
0.0155055 4  48
0.0154777 18  88
0.015384 9  34
0.0152793 6  10
0.01522 27  72
0.0150931 18  28
0.0148748 36  62
0.0148741 49  51
0.0148692 2  34
0.0148203 47  67
0.0147027 39  62
0.0145582 39  95
0.0145297 24  25
0.0144661 6  31
0.0144049 37  42
0.0143752 11  91
0.0141776 27  30
0.0141675 79  92
0.0140965 3  42
0.0140477 6  57
0.0137232 15  62
0.0136802 3  34
0.0136308 4  97
0.013538 16  42
0.0134691 3  84
0.0134231 42  88
0.0132784 42  72
0.0131588 4  24
0.0131507 27  55
0.0131209 24  54
0.0130424 11  20
0.0130199 26  42
0.0128748 36  40
0.0128715 43  96
0.0128683 55  96
0.0127419 37  97
0.0127366 19  34
0.0127345 28  83
0.0127285 10  60
0.0126917 56  83
0.0126592 57  60
0.0124198 49  76
0.0123567 26  36
0.012331 19  60
0.0122705 25  97
0.0122592 42  57
0.0122334 4  96
0.0121431 31  84
0.0121228 34  46
0.0120426 46  84
0.0119619 13  97
0.0119265 20  95
0.0116813 27  58
0.0116392 24  43
0.0115496 35  68
0.0115379 24  72
0.0114505 2  60
0.0113368 57  84
0.0113192 42  58
0.0113085 9  60
0.0112871 18  49
0.0112327 34  57
0.0111297 29  86
0.011082 24  58
0.0110578 16  24
0.0109782 25  96
0.0109157 13  27
0.0108158 2  84
0.0108037 32  98
0.0107503 4  42
0.0107433 22  49
0.0106783 45  60
0.0106776 15  40
0.0105421 58  96
0.0105411 49  60
0.0104809 20  36
0.0104423 15  66
0.0102103 43  97
0.0101471 30  42
0.010003 45  84
0.00987805 38  76
0.00977816 51  57
0.00977768 24  37
0.00975793 9  84
0.00973602 27  61
0.0097071 23  98
0.00962136 31  60
0.00957455 24  55
0.00954222 6  9
0.00945555 16  96
0.00941838 71  77
0.0093725 34  45
0.00928736 36  77
0.00927621 13  24
0.00916716 19  84
0.00905222 51  89
0.00900815 12  24
0.00883291 58  97
0.00876023 24  30
0.00867575 55  97
0.00866839 3  51
0.00865254 10  84
0.00856289 12  97
0.00853935 13  96
0.00841237 32  47
0.00836178 27  37
0.00835559 54  96
0.00819063 54  97
0.00818175 12  27
0.00809593 16  34
0.00801917 30  96
0.00797812 64  67
0.00775211 63  68
0.00760197 19  51
0.00750537 37  96
0.0074742 17  93
0.00729045 30  97
0.00728895 72  96
0.00728358 9  51
0.0071131 42  91
0.00697635 42  85
0.00684291 13  42
0.00656618 39  57
0.00651453 21  23
0.00640778 0  42
0.00627589 13  34
0.00611465 6  30
0.0060824 12  96
0.00607603 36  84
0.00607458 21  82
0.00606295 3  60
0.00602371 6  58
0.00588537 39  98
0.0058836 34  54
0.00581164 21  87
0.00566119 42  82
0.00561464 36  45
0.00554551 21  88
0.00546453 21  79
0.00536886 34  55
0.00521602 21  90
0.0051941 24  50
0.00517849 39  45
0.00515771 16  97
0.00511452 56  77
0.00504765 21  78
0.00496859 2  36
0.00495951 56  84
0.00495948 20  60
0.00483829 6  25
0.0046727 4  6
0.00462245 34  72
0.00457461 51  93
0.00451891 4  34
0.00449656 42  81
0.00445463 80  93
0.00445089 2  39
0.00443151 30  34
0.00440161 21  73
0.00440154 34  43
0.00424284 1  21
0.00407249 21  85
0.00397195 6  72
0.00387335 20  22
0.00379356 11  98
0.0037626 10  39
0.00376173 21  81
0.00374225 35  63
0.00358849 26  61
0.00357643 6  54
0.0035636 36  46
0.00349944 6  21
0.00336084 21  60
0.00333069 0  21
0.00332663 66  74
0.00331053 3  36
0.00321267 6  32
0.00318711 6  55
0.00316179 19  39
0.00311231 17  40
0.00310873 15  19
0.00301796 21  94
0.00293201 72  97
0.0028994 39  46
0.00272505 45  51
0.00270744 9  39
0.0026372 69  74
0.00260333 3  39
0.00254287 44  92
0.00248353 42  79
0.00240735 6  43
0.00240246 34  58
0.00231886 21  99
0.00231166 21  91
0.00225093 42  87
0.00222862 15  46
0.00205865 2  15
0.00195998 31  51
0.00185672 15  57
0.00183045 10  36
0.001771 42  94
0.00167702 19  36
0.00163072 2  51
0.00160609 61  68
0.00151559 76  84
0.00146884 6  13
0.00134528 6  12
0.0012478 1  42
0.00119742 18  32
0.000758411 55  93
0.000752418 23  40
0.000715131 11  48
0.00071352 15  31
0.000666726 40  47
0.000617714 36  57
0.000500162 12  34
0.000467792 6  16
0.000444145 9  62
0.000334579 21  26
0.000296209 31  39
0.000163167 13  75
0.000128167 6  36
1.74279e-05 30  76
-1.74419e-05 80  85
-5.90163e-05 54  76
-0.000129061 35  53
-0.000147286 3  62
-0.000270339 9  36
-0.000298108 80  91
-0.000303132 22  32
-0.000458917 3  15
-0.000500292 2  62
-0.000611357 31  36
-0.00062248 28  60
-0.000910452 20  21
-0.000922962 25  76
-0.0010176 9  40
-0.00102001 12  76
-0.00111976 72  76
-0.00113087 10  62
-0.00130876 25  75
-0.00131964 36  89
-0.0014354 58  75
-0.00144279 32  34
-0.00147553 62  66
-0.00148966 55  76
-0.00158906 10  15
-0.00160057 48  99
-0.00163324 48  82
-0.00168424 80  81
-0.00183008 80  88
-0.0018524 10  40
-0.00187657 11  62
-0.00191804 28  77
-0.00192173 15  45
-0.00194435 45  62
-0.0020443 10  51
-0.00213406 41  64
-0.00214044 55  75
-0.00219627 48  87
-0.00224953 12  93
-0.00226849 42  78
-0.00227853 29  44
-0.00230195 78  80
-0.00234348 5  66
-0.00234507 42  99
-0.00240385 41  59
-0.00241874 48  73
-0.00243124 3  40
-0.00243456 15  84
-0.00248516 46  51
-0.00258899 8  27
-0.00264292 31  62
-0.00276464 13  76
-0.00288927 37  76
-0.00292817 9  15
-0.00304512 43  76
-0.00311183 48  81
-0.00318005 7  32
-0.00330811 64  75
-0.00332178 30  75
-0.00356097 20  98
-0.00356646 40  46
-0.00360359 25  34
-0.00360754 11  89
-0.00363228 48  88
-0.00366993 4  75
-0.00372089 57  62
-0.00374965 28  72
-0.00376689 40  45
-0.00379518 0  48
-0.00381862 22  29
-0.00382973 54  93
-0.00382989 31  40
-0.00387518 73  80
-0.00391532 13  28
-0.00393355 30  93
-0.00395006 19  62
-0.0039581 4  76
-0.00398112 31  76
-0.00404537 25  60
-0.00405293 16  93
-0.00406972 74  99
-0.00409873 42  90
-0.004185 58  76
-0.00446856 43  93
-0.00450169 35  56
-0.00452526 48  91
-0.00457256 0  24
-0.00460489 1  48
-0.00461569 16  76
-0.0046524 80  94
-0.00483232 75  84
-0.00487172 40  57
-0.00495493 24  81
-0.00507455 42  73
-0.00511215 18  62
-0.00516179 24  78
-0.00519157 34  37
-0.00522984 22  62
-0.00527698 0  80
-0.00541951 40  42
-0.00545689 2  40
-0.0055141 80  90
-0.00553584 13  60
-0.005629 6  37
-0.00575534 28  55
-0.00577135 73  74
-0.0057764 12  75
-0.00580238 34  36
-0.00580814 80  99
-0.00583771 28  54
-0.00586061 62  68
-0.00590801 46  62
-0.00592147 24  87
-0.00598252 32  33
-0.0059962 37  75
-0.00604032 43  75
-0.00604414 48  94
-0.00606551 1  80
-0.00618779 3  76
-0.00631251 19  40
-0.00637845 16  28
-0.00639422 79  80
-0.00642041 33  42
-0.00651146 49  93
-0.00655871 28  58
-0.006574 58  93
-0.00657475 23  69
-0.00668438 74  94
-0.0067202 23  48
-0.00673223 72  75
-0.00675166 16  75
-0.00678093 47  65
-0.00678894 74  85
-0.00690719 28  37
-0.00691189 25  93
-0.00703238 40  61
-0.0071121 48  78
-0.00712205 54  75
-0.00725848 48  90
-0.00726878 19  76
-0.00745661 28  30
-0.00749696 37  60
-0.0075704 28  43
-0.00758058 21  40
-0.00760954 24  61
-0.00768045 46  76
-0.00775168 25  28
-0.0077929 74  88
-0.00780881 12  28
-0.00792079 1  74
-0.00805613 2  76
-0.00808138 74  91
-0.00812529 45  76
-0.00813812 48  79
-0.00826406 80  96
-0.00826525 14  46
-0.00830192 80  87
-0.00831072 10  76
-0.00831273 24  82
-0.0083306 80  82
-0.00834109 66  98
-0.0084062 21  62
-0.00849625 24  88
-0.00853692 72  93
-0.00854401 67  96
-0.00855124 9  75
-0.00863965 53  70
-0.00864766 8  17
-0.0088269 74  87
-0.00883307 68  75
-0.00896084 24  99
-0.00910179 44  51
-0.00910918 86  95
-0.00920348 11  22
-0.00921755 0  74
-0.00922641 24  79
-0.00922923 1  24
-0.00924046 23  64
-0.00928279 21  32
-0.00945445 4  93
-0.00948648 45  75
-0.0095415 54  60
-0.00961498 74  82
-0.00967417 4  28
-0.00977252 56  59
-0.00988038 27  91
-0.00989001 57  76
-0.00991135 80  84
-0.00996669 11  77
-0.0100591 91  98
-0.0101041 60  72
-0.0103522 48  85
-0.01038 16  60
-0.0105371 14  31
-0.0105698 74  78
-0.0106177 0  60
-0.0107627 2  75
-0.0108205 7  39
-0.0108654 92  98
-0.0108922 27  78
-0.0108959 24  49
-0.0109867 4  70
-0.0109989 18  20
-0.0110122 43  70
-0.0110144 30  32
-0.0110165 10  14
-0.0110366 51  75
-0.0110422 13  70
-0.0110513 3  75
-0.0111636 14  69
-0.0111724 74  90
-0.0111726 19  75
-0.011248 26  86
-0.011259 21  34
-0.0112679 37  70
-0.011272 9  76
-0.0113547 24  91
-0.0113581 58  60
-0.0114269 24  73
-0.011481 10  75
-0.0115402 49  77
-0.0115834 27  73
-0.0116447 31  75
-0.0116729 13  32
-0.0116759 52  59
-0.0117377 12  70
-0.0118378 27  82
-0.0119257 14  45
-0.0119558 40  50
-0.0119572 32  43
-0.0120762 3  14
-0.0120915 43  60
-0.0121195 41  93
-0.0121846 18  77
-0.0122246 51  66
-0.0122459 32  55
-0.0123031 27  94
-0.0123228 37  93
-0.0123505 74  79
-0.0124096 11  18
-0.0124148 1  98
-0.0124351 29  67
-0.0125485 12  32
-0.0125792 51  76
-0.0126061 88  98
-0.0126963 70  72
-0.0127949 32  72
-0.0128499 27  85
-0.0128987 74  81
-0.0129007 20  23
-0.0129252 24  85
-0.0130315 46  75
-0.0130638 57  75
-0.0131003 24  90
-0.0131349 21  95
-0.0132945 32  58
-0.0133104 85  98
-0.0133163 24  94
-0.0133519 40  62
-0.0133608 27  90
-0.0135291 33  39
-0.0135297 16  32
-0.0135898 32  37
-0.0136152 18  46
-0.0136395 3  18
-0.0136743 15  29
-0.0136873 94  98
-0.0137093 25  70
-0.0137383 64  76
-0.0137464 6  35
-0.0138152 19  29
-0.013849 60  91
-0.0138882 18  29
-0.0139467 10  18
-0.0140366 16  70
-0.0140594 10  29
-0.0140768 84  97
-0.0141971 65  77
-0.014217 32  54
-0.0142548 80  97
-0.0144115 60  78
-0.0144848 9  50
-0.0145419 20  69
-0.014638 55  70
-0.0146745 3  29
-0.0147331 27  88
-0.0147832 37  92
-0.0148246 9  14
-0.014837 81  98
-0.0148805 18  57
-0.0149525 87  98
-0.0150312 15  76
-0.0150447 67  97
-0.0150602 13  93
-0.0151715 2  22
-0.0152871 18  31
-0.0153773 22  31
-0.0154443 18  19
-0.0154983 4  60
-0.0155657 27  62
-0.0156152 60  81
-0.0156189 33  36
-0.0157479 2  14
-0.0158271 21  70
-0.0158342 7  95
-0.0158786 21  33
-0.0159262 82  98
-0.0159553 68  69
-0.0160009 10  22
-0.0160171 42  92
-0.0160299 84  96
-0.0160786 42  67
-0.0160997 31  96
-0.0161392 25  32
-0.0161564 27  81
-0.0162057 1  27
-0.0162302 17  57
-0.016295 27  99
-0.0163275 10  50
-0.0163303 26  72
-0.0163607 30  70
-0.016452 14  19
-0.0164672 29  46
-0.0164782 3  22
-0.0165277 29  47
-0.016534 27  95
-0.0165358 18  45
-0.0165513 22  45
-0.0165551 70  90
-0.0165707 9  22
-0.0165827 90  98
-0.0166806 98  99
-0.0168216 46  50
-0.0168286 19  22
-0.0168715 29  57
-0.0168782 62  84
-0.0169413 29  45
-0.0169475 59  61
-0.0169892 84  86
-0.0169993 2  18
-0.0170591 58  92
-0.017104 27  79
-0.0171157 2  29
-0.0171301 14  27
-0.0171312 22  46
-0.0171381 26  43
-0.0171761 44  67
-0.0171804 22  57
-0.0171879 46  96
-0.0171907 12  60
-0.0173555 14  57
-0.0173805 48  60
-0.0173952 29  61
-0.01747 22  77
-0.0176347 7  42
-0.0177132 54  70
-0.0177223 34  61
-0.0177629 4  32
-0.0179322 39  66
-0.0179463 78  98
-0.0179757 40  84
-0.0180178 73  98
-0.0180929 7  21
-0.0181004 9  29
-0.0181099 30  60
-0.0181299 3  96
-0.0181676 79  98
-0.0181879 47  71
-0.018213 15  64
-0.0182228 60  79
-0.0183444 0  70
-0.0183693 9  96
-0.0183728 44  70
-0.0184697 9  18
-0.0184777 0  27
-0.018623 1  83
-0.0186344 26  55
-0.0186557 20  24
-0.0186667 50  57
-0.018671 58  70
-0.018868 9  17
-0.0188799 83  99
-0.0189664 9  97
-0.0189737 62  83
-0.0189879 17  19
-0.0190459 17  31
-0.0190747 8  29
-0.0190959 17  45
-0.0191082 70  79
-0.0192422 6  61
-0.0192607 60  90
-0.0193847 20  74
-0.0194107 12  26
-0.0194911 24  80
-0.0195035 11  45
-0.0195064 19  50
-0.0195431 12  92
-0.0196711 34  35
-0.0196952 70  85
-0.0196969 29  31
-0.0197351 27  36
-0.0197549 41  92
-0.0197972 43  92
-0.019831 60  82
-0.019849 23  57
-0.0198983 9  56
-0.0198992 19  96
-0.0199083 16  26
-0.0201228 28  63
-0.0201258 2  17
-0.0201502 13  26
-0.0201712 0  98
-0.0202115 11  46
-0.0202461 4  92
-0.0202907 18  38
-0.0203408 7  36
-0.0203475 26  54
-0.0203753 83  85
-0.0203864 24  60
-0.0203933 70  99
-0.020409 55  60
-0.0204278 70  87
-0.0204422 79  83
-0.0204465 15  75
-0.0204548 2  96
-0.020529 0  83
-0.0206083 47  66
-0.0206245 57  97
-0.0208363 60  73
-0.0209202 62  98
-0.0209341 60  85
-0.0209476 27  87
-0.0209642 46  97
-0.0209747 17  46
-0.021029 32  73
-0.0211212 15  28
-0.0212122 70  82
-0.0212216 19  97
-0.0212264 45  50
-0.0212461 81  83
-0.0212616 2  97
-0.0212634 11  19
-0.0213037 59  84
-0.0213411 70  91
-0.0214217 23  29
-0.0214643 83  94
-0.0214654 16  92
-0.0215311 45  97
-0.0215363 10  11
-0.0215413 45  96
-0.0215542 11  17
-0.0215622 60  87
-0.0216352 31  97
-0.0216524 4  26
-0.0216728 22  40
-0.0216748 83  90
-0.0217385 33  95
-0.0217813 32  94
-0.0218671 83  88
-0.0218886 60  88
-0.0219193 72  92
-0.0219252 3  17
-0.0219329 26  30
-0.0219826 28  75
-0.0220261 10  17
-0.0220943 70  94
-0.0221112 60  94
-0.0221198 83  87
-0.0221469 10  96
-0.0221578 31  56
-0.0222066 22  38
-0.0222402 10  97
-0.0222495 17  53
-0.0222847 60  99
-0.0224824 71  80
-0.0225532 55  92
-0.0226353 73  83
-0.0227443 26  58
-0.0227588 33  47
-0.0227707 9  11
-0.0228054 70  73
-0.0228159 2  56
-0.022888 41  80
-0.0229735 83  91
-0.0230198 32  85
-0.0230461 3  50
-0.0230469 23  46
-0.0231267 3  97
-0.0231661 8  63
-0.023218 46  56
-0.023376 78  83
-0.0233911 54  92
-0.023476 61  74
-0.0235437 70  78
-0.0236082 11  60
-0.0236543 33  38
-0.0236606 28  52
-0.0236725 26  82
-0.0237255 24  35
-0.0237317 26  37
-0.0237328 30  92
-0.0237486 45  56
-0.0237748 6  85
-0.0237846 29  35
-0.0239835 57  96
-0.0241785 82  83
-0.0242174 2  5
-0.024229 18  40
-0.0242291 25  26
-0.0242431 28  76
-0.0242821 14  34
-0.0243654 30  49
-0.0243918 34  99
-0.0244177 6  94
-0.024439 56  57
-0.0245302 36  74
-0.0246353 34  85
-0.0246694 19  56
-0.0247258 70  81
-0.0247367 40  64
-0.024756 21  41
-0.0247671 31  50
-0.0247695 1  32
-0.0247847 11  31
-0.024796 5  19
-0.024799 13  92
-0.0249373 7  51
-0.024942 3  11
-0.025162 48  75
-0.0252488 26  79
-0.0252564 49  55
-0.0252918 6  99
-0.025313 2  50
-0.0253752 28  73
-0.0254115 40  48
-0.0254406 1  60
-0.0254566 32  91
-0.0254793 11  57
-0.0254839 6  87
-0.0256458 2  11
-0.0256653 6  81
-0.0257087 34  82
-0.0258287 84  93
-0.0258383 70  88
-0.0259192 26  85
-0.0259425 21  27
-0.0259563 28  91
-0.0259818 10  56
-0.025999 50  69
-0.0260187 6  73
-0.0260424 32  79
-0.0260962 32  82
-0.0263072 34  79
-0.0263072 20  32
-0.0265486 37  69
-0.026667 36  93
-0.0266845 23  44
-0.0267705 25  92
-0.0267979 5  9
-0.0268316 9  23
-0.0268857 43  49
-0.0268961 7  37
-0.0269608 0  32
-0.0271389 19  23
-0.0271491 26  94
-0.0271933 6  90
-0.0272533 32  87
-0.0272592 48  76
-0.0273178 1  26
-0.0273873 5  45
-0.0274262 34  90
-0.027499 18  84
-0.027514 32  78
-0.0276387 8  68
-0.0276522 15  42
-0.0276991 84  92
-0.0277943 32  90
-0.0278377 47  93
-0.0278588 1  6
-0.0280006 28  82
-0.0280387 1  70
-0.0280679 26  91
-0.0280693 16  49
-0.0281083 0  34
-0.0281383 3  56
-0.0281735 48  86
-0.0282124 40  74
-0.0282225 50  68
-0.028254 22  84
-0.0282859 32  88
-0.0283503 23  31
-0.0284128 5  10
-0.0284403 61  84
-0.0284441 83  97
-0.0285124 0  26
-0.0285953 28  78
-0.0286383 6  82
-0.0286627 33  37
-0.0286877 34  94
-0.0287047 7  74
-0.0287664 32  99
-0.0288097 28  48
-0.0288104 11  84
-0.0288912 13  69
-0.0289046 26  78
-0.0289639 5  57
-0.0289746 28  79
-0.028978 26  99
-0.0290362 2  23
-0.0292699 49  72
-0.0292929 0  28
-0.0293063 28  81
-0.0293519 6  91
-0.0293788 28  94
-0.0296694 39  93
-0.0296696 9  21
-0.02968 34  81
-0.0296925 28  85
-0.0297127 10  21
-0.0297189 34  73
-0.0297597 26  87
-0.0297725 2  21
-0.029842 34  88
-0.0298557 34  87
-0.029913 26  73
-0.0300226 33  72
-0.0300543 7  12
-0.0301201 34  78
-0.0301627 60  65
-0.0302734 49  58
-0.0303555 6  78
-0.0304177 26  81
-0.0304788 6  79
-0.0305218 31  49
-0.0305482 1  28
-0.0306992 18  80
-0.0307421 12  49
-0.0307439 56  66
-0.0308095 3  21
-0.0308126 21  31
-0.0308216 26  90
-0.0309368 5  46
-0.0309466 13  49
-0.0309598 13  33
-0.0311223 33  74
-0.03113 11  40
-0.0311444 21  57
-0.0311811 36  97
-0.0311951 4  33
-0.0312135 34  91
-0.0312219 1  34
-0.0312507 58  69
-0.0312677 0  6
-0.0313024 49  68
-0.0313193 56  64
-0.0313906 22  80
-0.0315372 26  88
-0.0315814 49  57
-0.031583 0  61
-0.0316447 56  63
-0.0316551 39  52
-0.0316858 61  78
-0.0317006 32  81
-0.0317671 30  69
-0.0317744 69  72
-0.0319793 19  21
-0.0319817 23  97
-0.0319928 37  49
-0.0320097 5  97
-0.0320223 25  33
-0.0320426 28  88
-0.0320501 20  77
-0.0322967 28  87
-0.0323291 33  54
-0.0323362 23  45
-0.032407 28  90
-0.0326148 43  69
-0.0326255 54  69
-0.0326714 6  88
-0.032699 9  93
-0.0328062 41  43
-0.0328696 21  45
-0.0330043 28  99
-0.0330406 40  83
-0.0330422 33  58
-0.0332372 3  23
-0.0333241 7  72
-0.0333659 7  30
-0.0334194 55  69
-0.0335116 21  46
-0.0335148 12  69
-0.0335463 25  69
-0.0337567 19  93
-0.0338373 15  35
-0.033937 65  75
-0.0339594 41  58
-0.0339676 24  70
-0.0339726 7  43
-0.0340587 7  25
-0.0340728 76  80
-0.0340905 10  23
-0.0340993 61  85
-0.0341261 10  93
-0.0341321 57  93
-0.0341399 6  95
-0.0342391 44  50
-0.0343546 13  41
-0.0343792 61  89
-0.0344791 41  55
-0.0344805 7  16
-0.0345034 12  33
-0.0345109 33  55
-0.0345786 4  49
-0.0346437 5  31
-0.0346783 24  95
-0.034855 16  69
-0.0349171 30  33
-0.0349201 7  13
-0.0349262 16  41
-0.0349497 40  49
-0.0349883 6  14
-0.035086 4  41
-0.0350998 7  55
-0.0351124 7  59
-0.0351305 37  41
-0.0351896 7  54
-0.0352412 33  77
-0.0352502 29  74
-0.0353649 33  51
-0.035422 61  66
-0.0354571 46  49
-0.0354742 2  49
-0.0356404 7  47
-0.0356699 33  35
-0.0356801 3  5
-0.0358075 50  80
-0.0358217 41  54
-0.03584 35  74
-0.0359887 33  43
-0.0360161 61  79
-0.0360486 36  48
-0.036059 31  93
-0.036109 16  33
-0.0361883 25  49
-0.0361965 15  47
-0.0361982 46  93
-0.0362212 17  38
-0.0362342 19  49
-0.0362909 4  7
-0.0363406 12  41
-0.0363419 36  96
-0.0363975 61  73
-0.0364 48  67
-0.0364369 17  22
-0.0365118 17  70
-0.0365823 17  18
-0.0366174 6  74
-0.0367232 77  79
-0.0367915 20  28
-0.0367992 7  58
-0.0368448 47  94
-0.0369086 63  70
-0.0370603 68  76
-0.0370699 22  69
-0.0371229 35  45
-0.0371894 20  80
-0.0372034 61  91
-0.0372276 2  35
-0.0372894 36  42
-0.0374189 41  72
-0.0374222 47  87
-0.0374843 35  76
-0.0377105 5  22
-0.0377426 41  87
-0.0377628 61  94
-0.0377946 47  64
-0.0378734 26  62
-0.0378869 1  61
-0.0379018 7  38
-0.0379758 15  86
-0.0380228 65  83
-0.0380435 49  54
-0.0381741 45  49
-0.0382529 2  93
-0.0382764 45  93
-0.0384606 68  84
-0.0384885 3  93
-0.0385665 4  69
-0.038593 41  78
-0.0387202 75  96
-0.0387527 28  64
-0.0387555 1  41
-0.0387558 5  29
-0.0388108 61  99
-0.0389108 32  80
-0.0389286 40  98
-0.0389421 77  99
-0.0389865 1  77
-0.0389883 61  87
-0.0390714 29  30
-0.0390837 0  41
-0.0391165 30  41
-0.0391826 69  82
-0.0393458 22  95
-0.0394169 1  47
-0.0394221 28  92
-0.0394375 61  88
-0.0395017 76  97
-0.0395955 10  49
-0.0396257 0  47
-0.0396319 31  92
-0.0397055 83  96
-0.0397853 46  92
-0.0398316 39  94
-0.039866 31  52
-0.0398783 10  35
-0.0398876 29  58
-0.0399756 24  98
-0.0400009 25  41
-0.0400567 3  80
-0.0400949 34  95
-0.0401003 61  90
-0.0401485 6  62
-0.0402417 39  78
-0.04029 61  82
-0.0403381 77  85
-0.0403593 10  92
-0.0404342 9  52
-0.0404904 77  94
-0.040539 24  48
-0.0406044 47  73
-0.0406192 9  92
-0.0408547 73  77
-0.0408742 17  84
-0.0408807 42  70
-0.0408811 9  49
-0.0408986 61  81
-0.0409134 35  46
-0.0409286 69  91
-0.040939 47  99
-0.0409677 41  82
-0.0410086 47  85
-0.0410285 7  77
-0.0410477 15  97
-0.0410989 69  81
-0.041111 52  57
-0.0411427 39  85
-0.0411673 69  90
-0.0411696 41  91
-0.0412201 47  79
-0.0412772 2  92
-0.0412795 39  82
-0.0413214 26  74
-0.0413393 69  73
-0.0413659 76  96
-0.041381 23  96
-0.0414408 3  92
-0.0415383 41  88
-0.0415839 35  48
-0.041697 41  99
-0.0417211 37  47
-0.0417225 45  92
-0.0417342 30  61
-0.0417421 15  52
-0.0417528 57  92
-0.0417952 77  88
-0.0417974 0  69
-0.0418124 47  78
-0.0418941 69  78
-0.0419628 39  81
-0.0419816 31  35
-0.0419926 77  91
-0.0420205 58  61
-0.0420551 39  99
-0.0420828 19  52
-0.0421193 8  52
-0.0421617 47  88
-0.0422617 61  72
-0.0423021 7  35
-0.042329 39  90
-0.042335 13  29
-0.0423377 3  35
-0.0424091 41  73
-0.0424693 25  47
-0.0424943 5  65
-0.0425475 77  81
-0.0425892 31  80
-0.0426115 36  49
-0.0426358 41  81
-0.0427059 41  90
-0.0427085 65  76
-0.0427615 0  17
-0.0427691 13  61
-0.0427848 37  61
-0.0427899 33  59
-0.0428357 12  61
-0.0428402 14  28
-0.042885 47  90
-0.0429319 17  85
-0.0429576 17  58
-0.0429953 19  35
-0.0430526 19  67
-0.0430794 13  67
-0.0431655 69  79
-0.0432107 69  85
-0.043233 38  46
-0.0432331 77  90
-0.0433171 2  38
-0.0433178 12  47
-0.043379 45  52
-0.0433824 17  54
-0.0434055 16  47
-0.0434157 35  57
-0.0434543 75  80
-0.0434596 41  79
-0.0434802 41  85
-0.0435044 17  43
-0.0435535 41  94
-0.0435884 35  84
-0.0436727 29  43
-0.0436998 12  17
-0.043774 69  88
-0.0438313 29  72
-0.0438464 16  17
-0.0438478 16  61
-0.0438545 9  35
-0.0438722 35  75
-0.0438861 69  99
-0.0439397 55  61
-0.0440054 15  96
-0.0440708 1  69
-0.0443617 10  52
-0.0443671 34  74
-0.0443757 18  95
-0.044435 67  95
-0.0444707 14  98
-0.0445402 25  80
-0.0445767 39  73
-0.0445922 34  62
-0.0446497 19  92
-0.0446649 46  80
-0.0446722 39  91
-0.0446821 0  77
-0.0447414 17  87
-0.044812 2  80
-0.0448154 4  80
-0.0448895 18  53
-0.0449737 54  80
-0.0449969 1  39
-0.0450333 4  17
-0.0450698 3  49
-0.0451103 43  61
-0.0452113 13  47
-0.0452189 37  80
-0.0452907 2  52
-0.04531 47  54
-0.0453337 13  80
-0.0454111 47  81
-0.0454127 17  78
-0.0454324 62  89
-0.0454713 47  91
-0.0454727 17  25
-0.0455185 55  80
-0.0455216 16  80
-0.0455747 4  61
-0.0456426 74  98
-0.045677 9  80
-0.0456834 39  88
-0.0457565 57  67
-0.045905 69  87
-0.0459181 57  80
-0.0459261 47  82
-0.0459876 16  29
-0.046007 39  97
-0.0460155 29  55
-0.0460639 9  38
-0.0460812 92  95
-0.046145 62  74
-0.0461887 10  80
-0.0462116 38  74
-0.0462722 46  52
-0.0462807 38  57
-0.0463893 29  37
-0.0464684 20  37
-0.0466135 45  67
-0.0466562 38  45
-0.0466721 69  86
-0.0467798 0  39
-0.0469118 22  53
-0.0469912 10  67
-0.0469993 47  55
-0.047038 4  47
-0.0470395 17  37
-0.04704 15  44
-0.0470487 19  80
-0.0471616 29  38
-0.0471639 25  61
-0.0472134 2  69
-0.0472186 17  91
-0.0472392 10  69
-0.0472482 77  78
-0.0472916 9  69
-0.0473276 45  80
-0.0473647 75  97
-0.0474471 57  69
-0.0474942 13  17
-0.0475229 17  82
-0.0475566 63  91
-0.0475712 43  80
-0.0475941 67  81
-0.0476132 24  69
-0.0477036 4  29
-0.0477289 58  67
-0.0477542 46  69
-0.0477618 54  61
-0.047778 44  89
-0.0477828 21  84
-0.0478178 45  69
-0.0478672 39  96
-0.0478725 12  20
-0.0479837 26  51
-0.047987 12  80
-0.0480515 2  67
-0.0480746 25  29
-0.0481531 17  81
-0.0481704 17  90
-0.0481896 63  90
-0.0482055 31  67
-0.0482071 27  63
-0.0482541 20  25
-0.0482926 28  36
-0.0483376 18  69
-0.0483447 9  67
-0.0483662 47  58
-0.0484275 67  78
-0.0485247 21  86
-0.0485252 60  84
-0.0485384 4  67
-0.0486259 5  36
-0.0486405 29  95
-0.0486789 33  62
-0.0487481 3  38
-0.0487697 10  38
-0.0488153 17  79
-0.0489097 77  82
-0.048912 30  47
-0.0489406 13  20
-0.0490064 55  56
-0.0490563 67  90
-0.0491575 58  80
-0.0492294 20  55
-0.0492837 17  55
-0.0493368 43  56
-0.0493485 29  54
-0.0493578 12  67
-0.04936 71  88
-0.0493961 12  29
-0.0494033 47  72
-0.0494914 3  67
-0.0494941 1  17
-0.0495298 42  84
-0.0496287 18  56
-0.0496323 39  87
-0.0497006 56  88
-0.0497495 31  69
-0.0497788 63  88
-0.0497922 20  54
-0.0497938 20  30
-0.0498726 54  67
-0.049895 4  56
-0.0499203 39  41
-0.0499902 63  78
-0.0500037 59  67
-0.050022 0  67
-0.0500337 25  56
-0.0500525 30  80
-0.0501254 20  42
-0.0501848 71  91
-0.0502162 17  61
-0.0502364 11  95
-0.0502528 3  69
-0.0503287 33  88
-0.0503291 69  94
-0.0503505 72  80
-0.0505379 57  74
-0.0505399 20  81
-0.0505928 29  56
-0.050628 55  67
-0.0506334 3  52
-0.050657 46  67
-0.0507009 38  61
-0.0507176 39  79
-0.0507213 56  94
-0.05074 17  88
-0.0507823 22  56
-0.0508534 11  42
-0.0509069 27  40
-0.0509562 77  87
-0.0509636 67  79
-0.0509735 56  62
-0.0509888 31  38
-0.0511366 0  71
-0.0511896 8  46
-0.0512036 6  68
-0.0512168 71  81
-0.0512223 19  38
-0.0512514 37  56
-0.0513004 37  67
-0.0513989 56  85
-0.0514291 69  93
-0.0514698 20  43
-0.0514819 67  88
-0.0515357 63  73
-0.0516005 19  69
-0.0516264 20  58
-0.0516457 0  56
-0.0517273 7  62
-0.0517654 67  85
-0.0518422 17  73
-0.0518988 19  74
-0.0519289 63  94
-0.0519405 16  20
-0.0519649 3  48
-0.0519841 43  47
-0.0521357 5  18
-0.0521743 66  76
-0.0522682 16  67
-0.0522778 71  73
-0.0522821 4  20
-0.0523214 63  81
-0.0524449 34  68
-0.0524864 25  67
-0.0525965 17  99
-0.0525974 10  48
-0.052657 67  75
-0.0528945 56  90
-0.0529409 7  99
-0.0529823 42  56
-0.0530035 56  58
-0.0530318 45  74
-0.0530409 74  84
-0.0530615 13  56
-0.0531505 63  87
-0.053156 2  48
-0.0532554 1  67
-0.0533142 56  96
-0.0533212 1  20
-0.0533337 19  48
-0.053342 16  56
-0.0534042 14  92
-0.0535804 71  90
-0.0535841 67  99
-0.0536784 53  69
-0.0537481 31  74
-0.0538275 61  71
-0.0538307 63  79
-0.0538477 48  59
-0.0539495 67  91
-0.0540099 46  48
-0.0540193 1  56
-0.0540259 67  72
-0.0540541 8  19
-0.0541889 39  43
-0.0542172 63  84
-0.0542387 48  57
-0.054239 71  82
-0.054275 20  90
-0.0542804 1  33
-0.0543045 9  48
-0.0543538 29  78
-0.0543538 17  72
-0.0543794 7  85
-0.0543892 7  94
-0.0544352 69  83
-0.0544418 20  72
-0.0544614 67  94
-0.0544902 37  39
-0.0545388 17  30
-0.0546175 40  56
-0.0547145 3  74
-0.0547241 16  39
-0.0547557 22  42
-0.0547629 20  94
-0.0547666 33  81
-0.0548739 17  94
-0.0548774 33  90
-0.0548813 33  91
-0.0548918 20  88
-0.0549832 33  85
-0.0550569 0  33
-0.0550571 33  82
-0.0551117 11  65
-0.0551386 7  78
-0.0551457 43  67
-0.0551509 33  79
-0.0551691 67  76
-0.0553599 59  96
-0.0553757 56  72
-0.0553764 39  72
-0.0554828 30  39
-0.0555366 49  67
-0.0555591 12  56
-0.0555896 62  96
-0.0555908 1  7
-0.0556248 33  94
-0.0556327 56  81
-0.0556551 0  7
-0.0556911 13  71
-0.0556916 71  78
-0.0556924 48  77
-0.0557007 56  79
-0.0557522 33  73
-0.0558032 33  78
-0.0558108 67  73
-0.0558657 20  73
-0.0559394 9  66
-0.0559913 30  56
-0.0560455 0  63
-0.0561999 56  82
-0.0562865 40  97
-0.0563135 1  71
-0.0564049 57  66
-0.0564278 10  74
-0.0564514 54  56
-0.0564608 47  61
-0.0564632 63  80
-0.0564643 30  67
-0.0565085 63  82
-0.0565122 62  97
-0.0565786 67  82
-0.0566415 63  85
-0.0566549 31  68
-0.0566591 4  39
-0.0566917 7  82
-0.0567101 42  62
-0.056798 31  48
-0.0568264 67  87
-0.0568345 39  40
-0.0568467 76  98
-0.0568533 56  87
-0.0568754 8  31
-0.0568869 45  48
-0.056964 39  58
-0.0570539 20  79
-0.0571692 39  54
-0.0572259 5  17
-0.0572873 0  20
-0.0572897 33  99
-0.0573148 3  66
-0.0573211 7  91
-0.0573899 33  87
-0.0574658 8  45
-0.0574667 12  39
-0.0574758 27  70
-0.057598 43  44
-0.0576132 1  63
-0.0576318 46  74
-0.0576556 44  55
-0.0576813 7  81
-0.0577538 25  39
-0.0577593 56  69
-0.0578205 58  71
-0.057821 13  74
-0.0578468 51  63
-0.0578677 52  77
-0.0579022 2  8
-0.0579672 29  99
-0.0579988 49  50
-0.0580549 30  44
-0.0581104 40  96
-0.0581107 9  74
-0.0581312 29  73
-0.0581744 22  98
-0.058198 20  87
-0.05824 71  87
-0.0583317 75  98
-0.0583525 71  79
-0.0583607 2  74
-0.0583652 20  82
-0.0583711 7  73
-0.0583767 29  70
-0.0583781 11  67
-0.0584082 14  47
-0.0584271 38  92
-0.0584482 71  85
-0.0585363 56  99
-0.0585445 43  71
-0.0586168 56  91
-0.0586293 20  85
-0.0586961 71  72
-0.0586971 8  10
-0.0587019 5  84
-0.058728 8  9
-0.0587734 51  64
-0.0588426 31  66
-0.0588554 56  73
-0.0588728 3  8
-0.058875 42  44
-0.0589025 7  88
-0.0589595 7  23
-0.0589637 54  71
-0.0589695 4  44
-0.0590113 20  78
-0.0590119 7  79
-0.059075 7  90
-0.0591341 44  56
-0.0591893 4  71
-0.0592 19  66
-0.0592129 25  74
-0.0592898 12  71
-0.0593134 20  99
-0.0593619 7  87
-0.0594099 63  97
-0.0594137 71  94
-0.0594303 18  42
-0.0594895 29  90
-0.0595268 44  82
-0.0595781 66  96
-0.0596161 44  54
-0.0596659 1  29
-0.0597133 55  71
-0.0599181 24  46
-0.0599216 65  95
-0.0599784 29  94
-0.0600016 37  71
-0.0600376 71  99
-0.0600676 8  40
-0.0602201 24  62
-0.0602826 10  24
-0.0603191 20  91
-0.0603243 51  65
-0.0603877 40  75
-0.0604066 29  48
-0.0604486 0  44
-0.0605012 27  84
-0.0605072 16  44
-0.0605437 61  70
-0.060657 2  66
-0.0606749 13  39
-0.0606947 12  44
-0.0607285 29  88
-0.0607512 24  31
-0.0607626 16  71
-0.0608072 42  65
-0.060813 5  69
-0.0608956 57  68
-0.0609185 46  66
-0.0609431 37  44
-0.0609514 58  74
-0.0609794 17  62
-0.061043 44  73
-0.0610779 40  76
-0.0611322 28  40
-0.0611531 44  72
-0.0611538 24  68
-0.061158 49  99
-0.0612149 22  65
-0.0612429 15  60
-0.06131 13  44
-0.0613629 19  70
-0.0615069 2  68
-0.061523 8  47
-0.0615368 46  83
-0.0615489 20  44
-0.0615794 17  64
-0.0616242 93  96
-0.0616556 51  98
-0.0616726 44  88
-0.06174 44  81
-0.0617516 20  66
-0.0617649 9  24
-0.061785 47  59
-0.0619699 5  96
-0.0620134 29  79
-0.0620345 49  73
-0.0621077 21  53
-0.0622661 44  94
-0.0623396 6  53
-0.0623432 10  68
-0.062346 0  29
-0.0623632 43  98
-0.0624898 34  53
-0.0625072 62  76
-0.0625368 36  86
-0.0625904 22  41
-0.062651 3  83
-0.0626555 45  68
-0.0626742 11  21
-0.062789 3  70
-0.0628544 43  74
-0.0628748 62  75
-0.0629287 44  99
-0.0629911 2  24
-0.0630291 49  82
-0.063204 16  74
-0.0632075 0  49
-0.0632194 2  70
-0.0632431 12  74
-0.0632953 44  87
-0.0633012 54  74
-0.0633136 10  66
-0.0635053 4  74
-0.0635904 18  98
-0.0636337 29  81
-0.0636881 39  69
-0.0638839 44  58
-0.0639578 31  83
-0.0641521 26  44
-0.0641981 8  57
-0.0641996 29  82
-0.0642134 29  85
-0.064278 86  92
-0.0643147 25  44
-0.0644133 9  70
-0.0644351 45  70
-0.0644639 46  68
-0.0644709 44  90
-0.0645234 52  84
-0.0645234 25  71
-0.0645624 63  99
-0.0645728 56  78
-0.0645746 76  89
-0.0645984 55  74
-0.0646383 24  45
-0.0647928 11  44
-0.0648207 47  92
-0.0649046 45  83
-0.0649112 36  44
-0.0649643 30  74
-0.0650374 45  66
-0.0650873 66  75
-0.0651237 27  77
-0.0652044 24  57
-0.065291 29  87
-0.0653454 15  80
-0.065349 68  93
-0.0653841 26  64
-0.0654185 49  88
-0.0654455 44  91
-0.0655233 13  98
-0.0655863 28  84
-0.0656232 19  24
-0.0656459 3  53
-0.0657067 18  41
-0.0657076 93  97
-0.0658533 40  66
-0.0658654 3  24
-0.0658789 44  79
-0.065909 44  85
-0.0659161 49  90
-0.0662859 37  74
-0.0663875 5  41
-0.0664568 31  70
-0.0664578 72  74
-0.0664939 20  59
-0.0665849 18  65
-0.0666066 40  77
-0.0666342 9  83
-0.0666618 10  83
-0.0668854 9  68
-0.0668931 29  91
-0.0672057 30  71
-0.0672376 80  89
-0.067242 24  67
-0.0673624 42  74
-0.0673675 39  55
-0.0673951 49  79
-0.0674229 2  83
-0.0674508 57  83
-0.0679219 10  70
-0.0679691 1  49
-0.0680413 44  78
-0.068114 36  60
-0.068246 57  70
-0.068267 28  56
-0.0682988 49  59
-0.0683211 66  97
-0.068335 77  93
-0.0683421 65  68
-0.0683519 1  44
-0.0684586 49  87
-0.0684677 22  97
-0.0685213 3  68
-0.068531 34  50
-0.0685902 9  53
-0.0686164 49  81
-0.0686876 54  98
-0.0687624 33  56
-0.0687924 75  89
-0.0688617 11  96
-0.0689084 19  83
-0.0689372 10  98
-0.0689892 35  64
-0.0691073 20  68
-0.0691573 69  84
-0.0691617 21  61
-0.0692019 67  86
-0.0692905 19  68
-0.0694145 52  74
-0.0694572 46  70
-0.0697114 59  97
-0.0698115 46  53
-0.070009 16  98
-0.0702677 49  91
-0.0702862 10  32
-0.0703032 32  46
-0.0703152 53  57
-0.0703712 23  33
-0.0704278 30  98
-0.0704671 48  84
-0.0707951 2  53
-0.0708175 71  83
-0.0708177 18  96
-0.0708194 35  86
-0.0709119 62  64
-0.070955 31  98
-0.070998 57  98
-0.0710245 39  75
-0.0710496 18  97
-0.0711302 32  45
-0.0711545 27  47
-0.0712207 63  74
-0.0712392 12  98
-0.0712812 72  98
-0.071305 34  77
-0.0713057 15  32
-0.0713536 49  78
-0.0713685 39  76
-0.0713756 49  94
-0.0715069 22  96
-0.0716565 50  84
-0.0718029 37  50
-0.0720045 36  53
-0.072063 50  54
-0.0721455 2  98
-0.0721946 3  32
-0.0722239 37  98
-0.072327 9  32
-0.0723829 15  26
-0.0723874 29  76
-0.0724204 6  40
-0.0724343 19  32
-0.072487 25  98
-0.0725596 70  80
-0.0726084 7  56
-0.0726759 22  60
-0.0727005 21  42
-0.0727683 45  65
-0.0728116 34  40
-0.0728423 42  48
-0.0729175 3  98
-0.0730161 2  32
-0.0731916 74  96
-0.0732778 29  52
-0.0733015 55  98
-0.0735844 38  49
-0.0735914 31  53
-0.073613 44  83
-0.0736268 48  89
-0.0736434 50  91
-0.0736464 39  86
-0.0737561 29  89
-0.0737908 46  98
-0.0738249 11  70
-0.0738605 9  98
-0.0739546 50  83
-0.0739713 61  65
-0.0739986 36  92
-0.0741041 31  32
-0.0741114 58  98
-0.0743028 31  65
-0.0743608 57  65
-0.0743836 50  99
-0.0745018 15  17
-0.0746066 76  92
-0.0746448 47  84
-0.0746539 44  62
-0.0746647 45  98
-0.074718 50  94
-0.074721 50  90
-0.0747501 50  82
-0.0747512 55  65
-0.0747796 29  75
-0.0749068 17  24
-0.0750515 14  15
-0.0751054 19  98
-0.0751065 19  53
-0.0751351 8  41
-0.0751401 49  92
-0.075229 9  65
-0.0752343 6  77
-0.0753649 30  83
-0.0755765 36  47
-0.0756314 10  53
-0.075659 50  88
-0.0757223 37  83
-0.0758318 0  52
-0.0759332 63  96
-0.076034 25  83
-0.07607 11  50
-0.0761221 75  92
-0.0761389 4  98
-0.0761967 50  79
-0.0762022 6  67
-0.0762472 62  93
-0.076252 56  97
-0.0764774 6  50
-0.0766692 1  50
-0.0767863 5  15
-0.0768637 45  59
-0.076987 10  65
-0.0771389 50  78
-0.0771628 49  85
-0.0771732 35  71
-0.0772283 12  65
-0.0772333 50  81
-0.0772367 37  65
-0.0773764 50  73
-0.0773949 50  85
-0.0773996 46  65
-0.0774396 37  52
-0.0775172 64  68
-0.0776174 58  65
-0.0776354 20  39
-0.0776453 19  77
-0.0776749 4  65
-0.0777363 26  38
-0.077743 19  65
-0.0777777 2  65
-0.0778216 5  28
-0.077886 20  89
-0.0779175 39  47
-0.0779966 4  83
-0.0780261 65  72
-0.0780567 12  83
-0.0780736 43  83
-0.0780775 7  70
-0.0782751 45  53
-0.0784513 32  93
-0.078468 23  84
-0.0784744 18  60
-0.078503 48  66
-0.078514 50  87
-0.0785337 32  57
-0.0785745 52  65
-0.078657 47  89
-0.0786913 13  64
-0.0787237 52  81
-0.0789552 21  92
-0.07898 72  83
-0.0790378 24  84
-0.0792316 40  69
-0.0793357 16  50
-0.0793371 3  65
-0.079359 12  50
-0.0794529 27  60
-0.0794577 2  59
-0.0795229 52  88
-0.0795709 7  8
-0.079714 16  83
-0.0798037 55  83
-0.0798322 35  94
-0.0799186 33  70
-0.0801786 54  83
-0.0802958 11  97
-0.0803239 26  80
-0.0803391 12  64
-0.0804489 10  77
-0.0804816 25  65
-0.0805813 56  95
-0.0807283 25  52
-0.0807304 0  50
-0.0807682 48  70
-0.0807903 52  85
-0.0808563 47  69
-0.0808876 13  50
-0.0809703 19  71
-0.0809819 15  69
-0.0810388 15  92
-0.0810615 58  64
-0.0810717 24  51
-0.0811025 35  88
-0.0811531 52  82
-0.0811596 21  29
-0.0811711 23  47
-0.0813161 13  83
-0.0814395 58  83
-0.081443 58  63
-0.0814704 16  65
-0.0814972 33  84
-0.0815601 74  97
-0.0816048 69  97
-0.0816248 57  77
-0.0816508 51  92
-0.0816606 23  27
-0.0817485 40  93
-0.0818012 52  54
-0.0818381 24  76
-0.0818396 31  71
-0.0818503 42  89
-0.0819056 16  64
-0.0819213 15  39
-0.0819534 16  63
-0.0820008 43  63
-0.0820478 34  84
-0.082094 43  64
-0.0821305 9  77
-0.0821673 54  65
-0.0821862 6  84
-0.0822102 32  84
-0.0822128 43  65
-0.0822808 52  73
-0.0822927 49  70
-0.08235 52  87
-0.0826194 50  55
-0.0826592 7  84
-0.0827471 42  63
-0.0828608 46  71
-0.0829083 15  70
-0.0831521 34  67
-0.0831791 17  52
-0.0831834 1  65
-0.0833791 1  52
-0.0833804 4  50
-0.083388 46  59
-0.083425 52  94
-0.0834383 30  50
-0.0835387 52  99
-0.0835803 30  64
-0.083613 84  89
-0.0836976 36  80
-0.0837417 14  80
-0.0837545 63  72
-0.0837546 64  88
-0.0837683 10  71
-0.0837927 3  77
-0.084208 52  79
-0.0842391 65  85
-0.0842843 30  63
-0.0843229 3  71
-0.0843342 4  52
-0.0843447 65  88
-0.0845031 18  24
-0.0845128 43  50
-0.0845305 19  59
-0.0845427 35  99
-0.0845693 9  59
-0.0845914 8  11
-0.0846407 2  77
-0.0846675 1  64
-0.0848045 3  59
-0.0848739 38  80
-0.0849484 25  63
-0.0850195 35  62
-0.0850993 23  42
-0.0851359 13  65
-0.0851733 45  71
-0.0852224 24  47
-0.0852655 35  81
-0.085307 35  91
-0.085335 52  58
-0.0853574 65  79
-0.0853669 65  81
-0.085451 47  96
-0.0854672 10  59
-0.0856255 15  83
-0.0856259 4  63
-0.0856886 54  63
-0.0857476 50  72
-0.0857728 64  79
-0.0857875 65  90
-0.085802 22  24
-0.0858352 54  64
-0.0858861 53  80
-0.0859039 65  73
-0.0859234 1  35
-0.0860289 13  63
-0.0861143 52  91
-0.0861603 69  71
-0.08617 36  70
-0.0862696 34  59
-0.0862706 83  95
-0.0862943 52  90
-0.0863807 24  75
-0.0865264 45  77
-0.0865464 9  71
-0.0865637 62  92
-0.086585 47  97
-0.0866793 28  96
-0.086692 55  64
-0.0867045 43  52
-0.0867227 1  38
-0.086802 31  59
-0.0868954 13  52
-0.08696 52  78
-0.0869683 36  83
-0.0870099 28  97
-0.0870777 21  96
-0.0871041 65  87
-0.0871266 69  96
-0.0871286 64  82
-0.0871561 2  71
-0.087166 14  79
-0.0872124 25  50
-0.0872463 30  65
-0.0873149 35  90
-0.0874009 30  52
-0.0874036 5  68
-0.0874093 64  91
-0.0874605 62  70
-0.0875807 65  78
-0.0876624 35  87
-0.0877067 4  64
-0.0878891 37  63
-0.0879205 65  91
-0.0879297 21  35
-0.0880231 16  52
-0.0881432 14  88
-0.0881948 21  97
-0.0882044 31  77
-0.0882111 0  65
-0.0882304 65  82
-0.0882778 35  85
-0.0884676 55  63
-0.0886409 24  40
-0.0886447 52  72
-0.0887937 25  64
-0.0888317 11  51
-0.0888386 6  59
-0.0889065 14  72
-0.0889663 14  94
-0.08901 65  94
-0.0890718 57  71
-0.0891043 14  81
-0.089127 14  85
-0.0891868 7  68
-0.0891879 50  58
-0.0892157 65  99
-0.0892174 36  38
-0.0892521 0  14
-0.0892733 46  77
-0.0893161 37  64
-0.0893368 35  73
-0.08946 36  69
-0.0895351 12  63
-0.0895762 38  81
-0.0897225 64  90
-0.089797 14  73
-0.0901082 35  79
-0.090343 52  55
-0.0904186 8  33
-0.0904666 24  26
-0.0904938 0  35
-0.0905464 61  96
-0.0906493 14  91
-0.0907541 40  65
-0.0907636 27  71
-0.0908281 64  81
-0.0908809 57  59
-0.0909615 48  61
-0.0910745 12  52
-0.0910984 1  14
-0.0912677 4  14
-0.09133 38  85
-0.0914176 64  94
-0.0914589 69  75
-0.091473 60  97
-0.0915192 44  48
-0.0915636 38  88
-0.0915707 64  72
-0.0916381 51  99
-0.0916466 42  76
-0.0916592 61  97
-0.0917095 14  82
-0.0917225 18  93
-0.0918271 65  92
-0.0918867 64  85
-0.0919181 38  78
-0.0920449 14  99
-0.0921498 14  90
-0.0922749 11  76
-0.0923073 8  66
-0.0925532 38  39
-0.0925803 14  87
-0.0930406 60  96
-0.093079 11  66
-0.0931446 38  91
-0.0931651 38  94
-0.0933579 11  64
-0.0934118 48  51
-0.0934352 27  59
-0.0934352 22  44
-0.0934559 35  78
-0.0934847 49  89
-0.0935365 32  92
-0.0935461 18  92
-0.0935814 26  45
-0.0936512 14  84
-0.0936558 12  14
-0.0936884 11  92
-0.0937251 14  37
-0.0937512 14  55
-0.093841 14  58
-0.0938743 64  78
-0.0939788 28  41
-0.0941249 64  99
-0.0941887 53  79
-0.0942765 42  75
-0.0943199 11  61
-0.0944276 51  85
-0.094484 19  64
-0.0945213 14  25
-0.0946207 26  46
-0.0946424 21  39
-0.09465 51  87
-0.0947237 14  43
-0.0947816 50  76
-0.0948029 51  79
-0.0948283 14  78
-0.0951493 65  93
-0.0951888 19  26
-0.0951915 8  15
-0.0952723 50  59
-0.0954177 51  81
-0.0956556 35  82
-0.0957705 34  70
-0.0958019 2  26
-0.0958509 6  63
-0.0959168 14  71
-0.0960009 10  26
-0.0960038 51  78
-0.096029 38  73
-0.0960636 26  57
-0.0960789 18  44
-0.0961438 57  64
-0.0962169 22  92
-0.0962297 0  38
-0.0963592 38  79
-0.0963771 38  82
-0.0963786 7  71
-0.0964299 64  73
-0.0965434 1  51
-0.0966729 64  87
-0.0967801 11  75
-0.0968485 0  64
-0.0969154 69  76
-0.0969799 0  51
-0.0972187 33  92
-0.0972467 10  64
-0.0972731 26  31
-0.097331 14  30
-0.0974264 51  88
-0.0975069 19  41
-0.0975083 51  82
-0.0976287 17  63
-0.0976435 33  68
-0.0976946 53  72
-0.0977288 9  26
-0.0978393 27  96
-0.0979432 38  87
-0.0979947 3  41
-0.097995 22  93
-0.0979991 41  46
-0.0980741 38  99
-0.0980872 6  17
-0.0981106 5  93
-0.0981708 26  48
-0.0981763 8  96
-0.0983056 3  26
-0.0983497 28  50
-0.098462 31  64
-0.0984698 9  41
-0.0985152 40  67
-0.0985255 41  84
-0.098577 38  90
-0.0985954 51  90
-0.0986509 62  65
-0.0986629 3  64
-0.0987641 40  51
-0.0988433 53  81
-0.0988834 53  99
-0.0989651 14  54
-0.0989987 14  16
-0.0990163 4  53
-0.099108 31  41
-0.099162 51  91
-0.099221 26  84
-0.0993622 69  95
-0.0993936 53  85
-0.099449 37  51
-0.099515 56  61
-0.099702 28  51
-0.0997314 4  38
-0.0997392 41  57
-0.0997904 74  95
-0.0998463 13  53
-0.0998485 7  92
-0.0998723 10  41
-0.100133 15  41
-0.100152 51  73
-0.100154 53  91
-0.100179 41  45
-0.100215 13  14
-0.100218 2  41
-0.100255 35  54
-0.100258 53  90
-0.100264 27  44
-0.100402 53  54
-0.100452 53  78
-0.100575 27  97
-0.10068 49  52
-0.100702 15  61
-0.100707 2  64
-0.100739 61  62
-0.100781 60  63
-0.100817 53  58
-0.100836 51  55
-0.100934 51  94
-0.100945 36  61
-0.101102 48  92
-0.101133 45  64
-0.101169 1  53
-0.101199 25  51
-0.101201 11  47
-0.101481 6  70
-0.10154 21  64
-0.101585 60  76
-0.101742 42  97
-0.101768 53  73
-0.101775 14  48
-0.101809 13  51
-0.101935 36  52
-0.102001 8  97
-0.102039 21  93
-0.102189 43  53
-0.102322 53  82
-0.102357 66  93
-0.102412 38  93
-0.102423 23  95
-0.102497 14  40
-0.102556 53  88
-0.102655 33  71
-0.102658 86  88
-0.102705 9  64
-0.10277 65  89
-0.102795 92  93
-0.102822 30  51
-0.102904 20  84
-0.102906 79  86
-0.103402 30  35
-0.103517 17  36
-0.103525 40  92
-0.103578 25  35
-0.103641 26  28
-0.103652 16  53
-0.103694 12  35
-0.103734 17  34
-0.103739 37  53
-0.103743 12  53
-0.103775 42  96
-0.103836 38  54
-0.103845 48  96
-0.103957 5  32
-0.103971 1  68
-0.104007 30  38
-0.10403 16  35
-0.10418 26  92
-0.104221 27  92
-0.104446 35  58
-0.104486 51  54
-0.104578 12  51
-0.104681 32  86
-0.104695 17  75
-0.104764 7  40
-0.104769 46  64
-0.104771 5  72
-0.104848 53  87
-0.10487 30  53
-0.104886 77  80
-0.104913 81  86
-0.105012 51  58
-0.105023 33  40
-0.105035 38  72
-0.105044 36  41
-0.105044 25  53
-0.105051 8  93
-0.105065 28  65
-0.105164 16  51
-0.105236 21  44
-0.105505 18  26
-0.105711 41  62
-0.105715 85  86
-0.105716 60  75
-0.105911 16  38
-0.105927 53  55
-0.105928 68  70
-0.105949 53  94
-0.106118 36  67
-0.106121 51  72
-0.106191 20  62
-0.106237 15  56
-0.10636 4  5
-0.106371 68  99
-0.106444 38  58
-0.106454 48  97
-0.106484 36  95
-0.106486 0  53
-0.106495 5  37
-0.1065 5  13
-0.10653 25  77
-0.106532 82  86
-0.106535 60  66
-0.106542 33  97
-0.106608 47  98
-0.106756 16  77
-0.106903 43  77
-0.107003 35  43
-0.107009 86  90
-0.10704 39  63
-0.107081 53  96
-0.107179 47  70
-0.107232 35  72
-0.107303 0  86
-0.10738 30  66
-0.107394 17  76
-0.107445 35  55
-0.107472 68  82
-0.107481 86  99
-0.107489 43  51
-0.107505 35  60
-0.10759 22  70
-0.107629 25  38
-0.107691 56  75
-0.107719 4  51
-0.107792 41  75
-0.107797 41  48
-0.108013 8  83
-0.108113 73  86
-0.108159 68  81
-0.10817 38  43
-0.10821 86  91
-0.108552 20  93
-0.108575 86  94
-0.108672 80  86
-0.108848 52  64
-0.108982 66  72
-0.109018 56  76
-0.109059 68  73
-0.109093 68  94
-0.109209 6  52
-0.109263 61  76
-0.109493 12  38
-0.109618 48  68
-0.109641 78  86
-0.109796 22  26
-0.109832 13  38
-0.109853 53  97
-0.109906 5  25
-0.110054 55  66
-0.110089 5  12
-0.110232 34  52
-0.110264 18  70
-0.110395 55  77
-0.11041 61  75
-0.110595 54  66
-0.110601 17  44
-0.110602 30  77
-0.110658 4  77
-0.110765 93  98
-0.110842 86  87
-0.110989 72  77
-0.111037 33  96
-0.111047 5  58
-0.111063 37  38
-0.111125 34  60
-0.111149 68  87
-0.11118 5  55
-0.11135 27  68
-0.111433 1  86
-0.111463 50  62
-0.111482 33  61
-0.11157 40  41
-0.111573 4  35
-0.111594 34  63
-0.111613 35  37
-0.111681 5  39
-0.111973 32  83
-0.111989 18  61
-0.11199 7  61
-0.112114 5  43
-0.112124 26  67
-0.112171 27  50
-0.112216 11  41
-0.112218 70  96
-0.112371 68  85
-0.112373 22  35
-0.11241 5  30
-0.112459 37  66
-0.112551 6  47
-0.112588 43  66
-0.112687 48  71
-0.112711 21  28
-0.112907 41  76
-0.112914 58  66
-0.112992 5  54
-0.11317 44  61
-0.113188 37  77
-0.113203 36  64
-0.113204 49  84
-0.113283 7  97
-0.113293 13  77
-0.113324 16  66
-0.113363 13  35
-0.113501 5  16
-0.113691 17  89
-0.113807 68  88
-0.113835 21  24
-0.1139 15  98
-0.11398 12  77
-0.11399 21  47
-0.114015 38  55
-0.11402 15  95
-0.114153 18  23
-0.114247 0  68
-0.114287 47  83
-0.114289 13  66
-0.114348 5  44
-0.114489 22  71
-0.114724 15  50
-0.114753 26  69
-0.114788 15  59
-0.114899 4  66
-0.115029 68  90
-0.115247 6  60
-0.115551 26  49
-0.115615 42  49
-0.116017 27  41
-0.116217 58  77
-0.116359 12  66
-0.116462 54  68
-0.116508 58  68
-0.116559 13  68
-0.116883 47  86
-0.116963 68  79
-0.117031 2  86
-0.117062 49  63
-0.117067 18  71
-0.117136 14  36
-0.117198 62  67
-0.117387 38  40
-0.117568 24  97
-0.117773 25  66
-0.117803 53  62
-0.118225 54  77
-0.118248 30  68
-0.118359 38  62
-0.118379 24  96
-0.118391 35  70
-0.118666 74  93
-0.118798 34  44
-0.118832 7  96
-0.118854 22  67
-0.118984 52  97
-0.119074 18  67
-0.119161 28  39
-0.119417 15  53
-0.119427 28  32
-0.119548 66  78
-0.119637 70  97
-0.119728 22  23
-0.119798 68  91
-0.119805 14  49
-0.1201 44  57
-0.120227 50  75
-0.120345 25  68
-0.120625 29  84
-0.120671 84  95
-0.120714 33  44
-0.120716 6  96
-0.120824 34  96
-0.120857 31  86
-0.121017 43  68
-0.121184 35  61
-0.121238 47  74
-0.121302 10  86
-0.121665 21  66
-0.12167 79  89
-0.121724 46  86
-0.122016 68  78
-0.122308 36  56
-0.122332 21  67
-0.122342 3  44
-0.122372 55  68
-0.122599 34  39
-0.122609 20  50
-0.122691 16  68
-0.122716 2  44
-0.122726 22  66
-0.122823 22  61
-0.122998 89  99
-0.123032 73  89
-0.123089 70  74
-0.123106 34  71
-0.123208 17  27
-0.123341 19  86
-0.123627 51  77
-0.123679 66  94
-0.123732 66  82
-0.123746 17  66
-0.123834 35  40
-0.123963 89  91
-0.124097 66  90
-0.124155 23  34
-0.124181 31  44
-0.124233 11  52
-0.124237 44  45
-0.124248 44  46
-0.124266 6  44
-0.124308 32  60
-0.124322 89  90
-0.124488 20  61
-0.124576 15  68
-0.124699 10  44
-0.124723 34  47
-0.124754 73  95
-0.124788 6  97
-0.124812 47  77
-0.12482 68  72
-0.124994 19  44
-0.125008 88  89
-0.125102 12  68
-0.125118 1  5
-0.125142 39  80
-0.125374 66  81
-0.125502 23  72
-0.125513 18  66
-0.125527 17  60
-0.12558 37  68
-0.125715 11  23
-0.12576 4  68
-0.125857 32  42
-0.12588 29  40
-0.126011 48  53
-0.126026 6  23
-0.126052 32  96
-0.126151 34  97
-0.126156 27  74
-0.126217 1  8
-0.126272 5  99
-0.126291 0  66
-0.126339 27  52
-0.126366 66  91
-0.126399 82  89
-0.126413 8  43
-0.126424 9  86
-0.126437 9  44
-0.126588 15  51
-0.12662 6  41
-0.126669 45  86
-0.126749 41  49
-0.126753 66  73
-0.126795 52  96
-0.12694 87  89
-0.126996 91  95
-0.127003 28  42
-0.127042 57  86
-0.12705 85  89
-0.127172 28  89
-0.127573 89  94
-0.127668 78  95
-0.127712 81  89
-0.127735 1  95
-0.127843 0  95
-0.127995 11  14
-0.128181 6  51
-0.128201 40  53
-0.128424 3  86
-0.128536 52  53
-0.128547 8  81
-0.12889 60  71
-0.128899 8  90
-0.128988 81  95
-0.129057 6  39
-0.129217 5  82
-0.129267 11  71
-0.129387 27  38
-0.129392 36  98
-0.129427 5  87
-0.129548 0  5
-0.129599 5  90
-0.129633 90  95
-0.129647 66  99
-0.12968 4  8
-0.12982 50  52
-0.130056 5  85
-0.130101 18  35
-0.130131 12  23
-0.130233 95  99
-0.130243 5  73
-0.130334 0  89
-0.130388 78  89
-0.130413 82  95
-0.130452 5  81
-0.130507 32  74
-0.130713 8  79
-0.13077 1  89
-0.130818 71  84
-0.130896 8  82
-0.130931 66  87
-0.131012 32  97
-0.131041 36  65
-0.13105 8  72
-0.131061 94  95
-0.131113 8  30
-0.131172 34  41
-0.131198 27  51
-0.131244 27  39
-0.131297 23  30
-0.131304 8  94
-0.131324 49  96
-0.131353 26  39
-0.131388 8  85
-0.131417 87  95
-0.131451 29  92
-0.131615 24  64
-0.131627 42  93
-0.131629 23  58
-0.131663 83  93
-0.131833 23  62
-0.131848 88  95
-0.131894 85  95
-0.131993 8  73
-0.132009 66  85
-0.132032 60  93
-0.132066 33  50
-0.132132 49  97
-0.132186 26  63
-0.132226 66  88
-0.132606 8  55
-0.132722 64  98
-0.132723 4  23
-0.132901 79  95
-0.133064 23  37
-0.133176 8  42
-0.1332 8  88
-0.133217 23  55
-0.133382 27  89
-0.133442 1  23
-0.133552 41  74
-0.13359 13  23
-0.133982 5  78
-0.134114 0  8
-0.134142 1  66
-0.13415 8  58
-0.134288 20  40
-0.134291 23  43
-0.134306 23  88
-0.134507 16  23
-0.134603 29  64
-0.134624 5  88
-0.134642 6  71
-0.134651 23  90
-0.134795 23  78
-0.134832 66  79
-0.134973 8  78
-0.134988 8  54
-0.135262 23  91
-0.135321 8  91
-0.135395 8  16
-0.135401 8  13
-0.135543 22  59
-0.135651 61  93
-0.13582 5  91
-0.135828 23  94
-0.135987 23  73
-0.136067 44  96
-0.136098 10  95
-0.136202 7  89
-0.136236 5  79
-0.13635 8  99
-0.136362 5  94
-0.136605 15  71
-0.136607 9  95
-0.136714 8  14
-0.136729 27  53
-0.13692 7  50
-0.136951 8  87
-0.137017 23  87
-0.137149 44  74
-0.137443 23  25
-0.137513 14  20
-0.137541 23  81
-0.137585 39  49
-0.137605 20  97
-0.137607 23  76
-0.137628 8  25
-0.13784 23  79
-0.137886 35  49
-0.137895 0  23
-0.138236 14  50
-0.13829 23  54
-0.1383 28  71
-0.138316 34  51
-0.138382 18  59
-0.138546 71  98
-0.138612 51  62
-0.138728 8  37
-0.138801 80  83
-0.138944 23  85
-0.138994 23  75
-0.139278 14  65
-0.139467 23  99
-0.139487 28  67
-0.140121 40  86
-0.140481 65  96
-0.140527 28  44
-0.140598 41  52
-0.140691 24  41
-0.140741 20  96
-0.140912 59  94
-0.14098 33  89
-0.141045 26  76
-0.141429 34  92
-0.141479 66  86
-0.1415 23  83
-0.141594 8  12
-0.141665 8  21
-0.141692 41  47
-0.141799 70  76
-0.141873 36  71
-0.14194 3  95
-0.142171 23  82
-0.142355 46  95
-0.142369 4  59
-0.142406 70  75
-0.142536 27  42
-0.14262 5  24
-0.142778 33  83
-0.142796 44  47
-0.142945 40  63
-0.143115 38  83
-0.143247 16  59
-0.143392 31  95
-0.143534 15  89
-0.143573 7  44
-0.143583 11  68
-0.143601 44  49
-0.143656 30  59
-0.143673 50  56
-0.143742 45  95
-0.143763 38  86
-0.144159 21  63
-0.144198 89  93
-0.144239 5  75
-0.144605 52  93
-0.145177 27  67
-0.145281 28  74
-0.145607 2  95
-0.145644 55  59
-0.145663 24  52
-0.145678 8  22
-0.145778 6  92
-0.145902 11  56
-0.146037 21  83
-0.146178 29  97
-0.146179 17  59
-0.146588 44  97
-0.147267 36  66
-0.147422 17  71
-0.147444 64  74
-0.147736 50  64
-0.147871 33  53
-0.147937 59  81
-0.148041 29  96
-0.148313 26  75
-0.148375 70  93
-0.148715 5  83
-0.14888 59  79
-0.148929 48  52
-0.14901 42  53
-0.149202 26  47
-0.149229 26  41
-0.149287 36  51
-0.149326 6  26
-0.149468 19  95
-0.149492 28  35
-0.149506 54  59
-0.14951 32  51
-0.149523 18  39
-0.149589 57  95
-0.150035 47  63
-0.15004 25  59
-0.150141 12  59
-0.150149 51  84
-0.15015 62  86
-0.150251 32  56
-0.150462 59  72
-0.150497 8  26
-0.150528 58  59
-0.150573 66  67
-0.15076 2  89
-0.15082 37  59
-0.151038 7  83
-0.151047 32  53
-0.151428 63  76
-0.152057 24  92
-0.152067 68  83
-0.1524 32  61
-0.152786 43  59
-0.153234 34  42
-0.153361 65  97
-0.153514 52  70
-0.1536 26  98
-0.153786 9  89
-0.15394 59  88
-0.154424 59  73
-0.154758 26  34
-0.154994 65  67
-0.155257 59  99
-0.155279 31  89
-0.155362 63  75
-0.155488 6  42
-0.155828 59  85
-0.155941 19  89
-0.155948 56  65
-0.15601 7  53
-0.156196 32  44
-0.15643 53  77
-0.156501 59  90
-0.15667 22  39
-0.156752 15  63
-0.156807 59  91
-0.156872 74  83
-0.156876 6  83
-0.156929 13  59
-0.157251 39  60
-0.157271 21  69
-0.157494 33  41
-0.157684 47  60
-0.158076 0  59
-0.158148 10  89
-0.158254 1  59
-0.158281 59  82
-0.158306 26  65
-0.158356 20  92
-0.158938 8  18
-0.158992 34  83
-0.159083 35  98
-0.159135 42  98
-0.159261 23  50
-0.159376 49  71
-0.159632 7  41
-0.159704 3  89
-0.16011 5  76
-0.160259 21  65
-0.160413 71  75
-0.160443 26  27
-0.160666 11  74
-0.160682 36  63
-0.16073 62  77
-0.160802 26  33
-0.16102 14  77
-0.161022 52  80
-0.161091 50  98
-0.161388 15  77
-0.161438 57  89
-0.161682 59  87
-0.161822 5  42
-0.161922 71  76
-0.162212 69  98
-0.162246 59  78
-0.162577 29  41
-0.162665 7  26
-0.16271 38  60
-0.163178 28  53
-0.163253 46  89
-0.163284 20  70
-0.163379 5  61
-0.163602 14  61
-0.164185 24  83
-0.164448 49  53
-0.164509 45  89
-0.164954 34  56
-0.164974 48  83
-0.165379 6  56
-0.165595 21  56
-0.165869 24  74
-0.166106 39  48
-0.166267 29  63
-0.166301 35  80
-0.166462 18  89
-0.167628 86  96
-0.169272 7  63
-0.169275 23  92
-0.17052 24  56
-0.170583 53  84
-0.170755 15  23
-0.17139 51  97
-0.171485 6  89
-0.17172 29  42
-0.172602 41  98
-0.173974 34  89
-0.174523 86  97
-0.175274 33  63
-0.175405 18  64
-0.176025 27  83
-0.176248 21  98
-0.177208 22  50
-0.177714 35  69
-0.177743 56  80
-0.177821 22  63
-0.17792 22  64
-0.178037 51  96
-0.178656 25  86
-0.178714 60  80
-0.178749 43  86
-0.178776 14  83
-0.178957 18  63
-0.179846 4  86
-0.179852 22  89
-0.179915 54  86
-0.181034 72  86
-0.18141 8  76
-0.181546 62  63
-0.181586 20  71
-0.182076 36  68
-0.182113 11  63
-0.1823 29  50
-0.182434 8  75
-0.182927 21  38
-0.182986 20  83
-0.183175 37  86
-0.183261 28  59
-0.183526 11  83
-0.183852 24  71
-0.184674 55  86
-0.184968 24  38
-0.185406 14  66
-0.185408 30  86
-0.18553 16  86
-0.185551 13  86
-0.185754 12  86
-0.186825 20  63
-0.187366 52  63
-0.187727 18  50
-0.187762 68  92
-0.188 58  86
-0.188702 63  93
-0.189949 53  60
-0.190117 17  39
-0.190177 42  66
-0.190707 77  92
-0.190745 17  32
-0.191199 86  98
-0.191906 49  56
-0.191997 23  36
-0.193443 48  56
-0.193769 17  69
-0.194011 60  74
-0.194467 59  69
-0.195672 29  71
-0.195674 65  74
-0.195863 38  67
-0.195909 39  74
-0.196257 24  53
-0.196742 29  51
-0.19787 30  95
-0.198554 23  39
-0.198803 17  65
-0.199326 32  68
-0.199586 14  42
-0.200025 14  64
-0.200247 60  98
-0.20038 14  32
-0.200679 43  89
-0.20113 12  95
-0.202439 14  24
-0.203058 16  89
-0.203174 53  64
-0.203693 43  95
-0.20404 13  95
-0.20418 16  95
-0.205126 58  95
-0.205348 37  95
-0.205886 58  89
-0.206071 52  66
-0.206456 72  95
-0.206517 30  89
-0.20669 13  89
-0.206836 61  98
-0.206884 55  89
-0.207239 47  56
-0.207844 17  86
-0.208098 37  89
-0.208198 12  89
-0.208232 54  89
-0.208315 49  83
-0.208558 54  95
-0.208747 55  95
-0.208894 25  89
-0.209359 4  89
-0.20938 21  51
-0.209449 29  65
-0.209659 72  89
-0.210009 4  95
-0.212454 52  56
-0.213456 48  63
-0.214476 5  14
-0.215259 35  92
-0.215415 11  38
-0.216256 60  77
-0.216943 48  98
-0.217051 38  68
-0.217907 27  56
-0.218153 25  95
-0.218995 50  71
-0.220995 71  93
-0.222229 11  53
-0.222257 65  80
-0.225914 8  60
-0.226168 44  80
-0.229416 32  66
-0.230249 35  42
-0.231407 17  92
-0.231924 64  93
-0.235353 44  60
-0.236612 42  71
-0.240054 8  61
-0.240245 56  98
-0.240326 41  77
-0.24083 38  42
-0.241845 59  80
-0.247554 42  77
-0.252366 35  77
-0.255035 23  60
-0.255093 39  68
-0.255812 28  38
-0.25803 5  67
-0.25823 61  77
-0.259914 5  63
-0.263164 23  35
-0.267921 39  59
-0.269022 38  50
-0.269075 56  60
-0.27856 17  95
-0.281816 65  69
-0.283939 59  68
-0.294004 14  39
-0.298449 67  71
-0.318603 52  98
