0.0769231 0.0003625
0 0.000325
0.769231 0.7501
0 0.0003
0.153846 0.248913
0 0.000325
0.769231 0.750075
0.0769231 0.000225
0 0.00045
0.153846 0.248925
0.0769231 0.000325
0 0.0002625
0 0.0002125
0.769231 0.750025
0.153846 0.249175
0 0.000175
0.846154 0.750125
0 0.0002625
0 0.000225
0.153846 0.249213
0 0.0003625
0.769231 0.750062
0 0.0003375
0.0769231 0.00025
0.153846 0.248988
0.769231 0.750038
0 0.0003375
0.0769231 0.0003125
0 0.000325
0.153846 0.248988
0.153846 0.250238
0.692308 0.500188
0 0.0002375
0 0.000275
0.153846 0.249062
0 0.000225
0.769231 0.750075
0.0769231 0.0003875
0 0.0004375
0.153846 0.248875
0.0769231 0.0007
0.230769 0.276087
0 0.0003
0.538462 0.4738
0.153846 0.249112
0.538462 0.375225
0 0.0002875
0 0.0003
0.307692 0.375063
0.153846 0.249125
0.384615 0.34775
0.153846 0.24965
0.0769231 0.000275
0.153846 0.125062
0.230769 0.277263
0 0.000275
0.0769231 0.0004875
0 0.000325
0.538462 0.438538
0.384615 0.560375
0.384615 0.256887
0.0769231 0.0259875
0.153846 0.161912
0.230769 0.306287
0.153846 0.248925
0 0.0001875
0.384615 0.37525
0.307692 0.187787
0.153846 0.187562
0.153846 0.249213
0.153846 0.026375
0.153846 0.125075
0 0.0002875
0.538462 0.599087
0.153846 0.249175
0 0.000275
0.769231 0.698438
0.153846 0.187762
0 0.000375
0.0769231 0.11315
0.153846 0.249988
0.538462 0.3251
0.153846 0.187525
0.0769231 0.12525
0.0769231 0.112138
0.0769231 0.125275
0.384615 0.387263
0.230769 0.187312
0.230769 0.187963
0.0769231 0.112187
0.0769231 0.0004875
0.769231 0.886962
0.0769231 0.0004
0 0.0002625
0.0769231 0.111888
0.461538 0.312563
0.384615 0.4374
0 0
0.153846 0.250025
0 1.25e-05
0.153846 0.249913
0 3.75e-05
0.0769231 0.0001125
0.769231 0.74985
0 8.75e-05
0.0769231 0.0626
0.769231 0.68755
0 1.25e-05
0.153846 0.249738
0 0.0001
0.0769231 0.00015
0 0
0 0
0.923077 0.999812
0 3.75e-05
0 0
0.846154 0.749975
0 1.25e-05
0.153846 0.25
0 1.25e-05
0 6.25e-05
0 3.75e-05
0.0769231 0.142825
0.923077 0.856912
0 0.0001625
0 0
0.153846 0.250025
0.769231 0.607437
0.0769231 0.142338
0 0.0002
0.384615 0.374925
0.153846 0.25
0 0
0.461538 0.37505
0 2.5e-05
0.846154 0.75
0 0
0 0
0.153846 0.25
0 0
0 0
0.846154 0.75
0 0
0.153846 0.25
0 0
0 1.25e-05
0 0
0 0
1 0.999962
0 2.5e-05
0.153846 0.25
0 0
0 0
0.846154 0.75
0 0
0.153846 0.249988
0 0
0 0
0.846154 0.749988
0 2.5e-05
0 3.75e-05
0 0
0 0
1 0.99995
0 1.25e-05
0 1.25e-05
1 0.9999
0 0
0 1.25e-05
0 7.5e-05
0 1.25e-05
1 0.9999
0 0
0 1.25e-05
0 7.5e-05
0 1.25e-05
0.153846 8.75e-05
0.846154 0.999862
0 0
0 3.75e-05
1 0.999938
0 0
0 1.25e-05
0 2.5e-05
0 2.5e-05
0 3.75e-05
1 0.999912
0 0
0 1.25e-05
0 3.75e-05
0.769231 0.749975
0 0
0 0
0.230769 0.250013
0 1.25e-05
0.0769231 5e-05
0 0
0.769231 0.74995
0.153846 0.25
0 0
0 1.25e-05
0.0769231 0.0002875
0.846154 0.999575
0.0769231 6.25e-05
0 6.25e-05
0 1.25e-05
1 0.999938
0 1.25e-05
0 2.5e-05
0 1.25e-05
0 0.0002125
0.846154 0.750125
0 0.000225
0 0.000325
0.153846 0.249112
0.384615 0.536438
0.461538 0.213875
0 0.0001875
0 0.0002125
0.153846 0.249287
1 0.9999
0 3.75e-05
0 1.25e-05
0 1.25e-05
0 3.75e-05
0.153846 0.25
0.769231 0.625012
0.0769231 0.124988
0 0
0 0
0 0
0.769231 0.75
0.230769 0.249938
0 0
0 6.25e-05
0.0769231 0.000375
0.692308 0.625162
0.153846 0.250213
0 0.000125
0.0769231 0.124125
0.153846 0.25
0 0
0 1.25e-05
0.846154 0.749962
0 2.5e-05
0 2.5e-05
0 0
1 0.999912
0 0
0 6.25e-05
0 2.5e-05
0 0
1 0.9999
0 1.25e-05
0 6.25e-05
1 0.999912
0 0
0 1.25e-05
0 3.75e-05
0 3.75e-05
0.846154 0.749975
0.153846 0.25
0 0
0 1.25e-05
0 1.25e-05
0.846154 0.75
0 0
0 0
0.153846 0.25
0 0
1 0.9999
0 2.5e-05
0 3.75e-05
0 0
0 3.75e-05
0 0
0.153846 0.249975
0.846154 0.75
0 0
0 2.5e-05
0 0
0 1.25e-05
0 0
1 0.999925
0 6.25e-05
0 0
0 2.5e-05
0.153846 0.25
0.846154 0.749975
0 0
0.153846 0.25
0 0
0 0
0.846154 0.749988
0 1.25e-05
1 0.999912
0 1.25e-05
0 3.75e-05
0 0
0 3.75e-05
0 0
0.153846 0.25
0.846154 0.75
0 0
0 0
0 0
0 0
1 0.999975
0 1.25e-05
0 1.25e-05
0 1.25e-05
0.769231 0.625012
0.0769231 0.124975
0.153846 0.25
0 0
0 1.25e-05
0 0
0.769231 0.7498
0.153846 0.249988
0.0769231 0.0002
0 0
0.846154 0.75
0 0
0.153846 0.25
0 0
0.0769231 2.5e-05
0.307692 0.375188
0 1.25e-05
0.615385 0.624762
0 1.25e-05
0.0769231 6.25e-05
0.923077 0.999925
0 0
0 0
0 1.25e-05
0.0769231 8.75e-05
0.769231 0.749862
0 0
0.153846 0.250013
0 3.75e-05
0.230769 0.250013
0 0
0 0
0.769231 0.7499
0 8.75e-05
0.923077 0.874912
0 1.25e-05
0 1.25e-05
0.0769231 0.125025
0 3.75e-05
0 1.25e-05
0 0
0.153846 0.249988
0.846154 0.749975
0 2.5e-05
0.153846 0.25
0 0
0 0
0.846154 0.75
0 0
0 0
0.846154 0.75
0.153846 0.25
0 0
0 0
0.769231 0.749938
0.153846 0.25
0 0
0.0769231 6.25e-05
0 0
0 0
1 0.9999
0 1.25e-05
0 1.25e-05
0 7.5e-05
1 0.999962
0 0
0 0
0 1.25e-05
0 2.5e-05
0.307692 0.374538
0.461538 0.4385
0 0.000125
0 8.75e-05
0.230769 0.18675
0 0.0002375
0.384615 0.375125
0.153846 0.125512
0 0.0002375
0.461538 0.498887
0 0.0002375
0.461538 0.499688
0.0769231 0.0012125
0 0.0002
0.461538 0.498663
0 0.0003
0.153846 0.126025
0.384615 0.374713
0 0.000325
0.461538 0.498638
0.153846 0.2496
0.230769 0.24925
0.0769231 0.000575
0 0.00025
0.538462 0.500325
0.538462 0.500275
0 0.000225
0 0.000325
0 0.000175
0.461538 0.499
0.538462 0.500287
0 0.0002375
0 0.000225
0 0.0003125
0.461538 0.498937
0.230769 0.374812
0 0.0002375
0.230769 0.125775
0.0769231 0.001025
0.461538 0.49815
0.153846 0.1256
0 0.0002875
0 0.00035
0.384615 0.375312
0.461538 0.49845
0.384615 0.375113
0 0.0001125
0 0.0001125
0.307692 0.375462
0.307692 0.2492
0.384615 0.375
0 8.75e-05
0 0.0001625
0.307692 0.375575
0.307692 0.249175
0.0769231 0.12525
0.461538 0.375538
0 8.75e-05
0.153846 0.250038
0.307692 0.249087
0 0
0.769231 0.81215
0.153846 0.187262
0 0
0.0769231 0.0005875
1 0.999912
0 1.25e-05
0 0
0 1.25e-05
0 6.25e-05
0.846154 0.875487
0 0.0001625
0 0.000325
0.0769231 0.0003
0.0769231 0.123725
0.153846 0.25
0.846154 0.75
0 0
0 0
0 0
1 0.999912
0 2.5e-05
0 1.25e-05
0 0
0 5e-05
0.0769231 2.5e-05
0.769231 0.749938
0.153846 0.250013
0 0
0 2.5e-05
0 0
0.769231 0.749825
0 0
0.153846 0.25
0.0769231 0.000175
0 0
0 0
0.846154 0.75
0.153846 0.25
0 0
0 0
0.153846 0.249988
0.846154 0.750012
0 0
0 0
0 1.25e-05
0 2.5e-05
0 0
1 0.999962
0 0
0 0
0.846154 0.749988
0 0
0.153846 0.250013
0 0
0.846154 0.749988
0 0
0 0
0.153846 0.250013
0 0
0 1.25e-05
0 1.25e-05
0.846154 0.749975
0.153846 0.25
0 0
0 0
0.769231 0.680025
0.0769231 0.06995
0.153846 0.25
0 2.5e-05
1 0.999925
0 2.5e-05
0 0
0 2.5e-05
0 2.5e-05
0.846154 0.749988
0 0
0.153846 0.25
0 0
0 1.25e-05
0 1.25e-05
0 0
0 1.25e-05
1 0.9999
0 7.5e-05
0.153846 0.25
0.0769231 0.0001125
0 0
0.769231 0.749888
0 0
0.615385 0.49995
0.230769 0.250325
0 0.0002625
0 0.00025
0.153846 0.249213
0 0.0001375
0.615385 0.49995
0.230769 0.250275
0 0.0002125
0.153846 0.249425
0.0769231 1.25e-05
0.692308 0.74985
0.0769231 0.0001125
0.153846 0.250013
0 1.25e-05
0.230769 0.250063
0.615385 0.562512
0.153846 0.187413
0 0
0 1.25e-05
0.461538 0.437538
0 0
0.153846 0.249812
0.384615 0.312613
0 3.75e-05
0.923077 0.973988
0 1.25e-05
0 1.25e-05
0.0769231 0.02595
0 3.75e-05
0.0769231 2.5e-05
0.769231 0.74995
0.153846 0.25
0 0
0 2.5e-05
0 0
0.153846 0.25
0.769231 0.749838
0 0
0.0769231 0.0001625
0 1.25e-05
0 1.25e-05
1 0.999838
0 2.5e-05
0 0.0001125
0.0769231 0.162025
0 0
0.153846 0.25
0.769231 0.587925
0 5e-05
0 0
0.153846 0.249988
0 2.5e-05
0.846154 0.749975
0 1.25e-05
1 0.99995
0 0
0 2.5e-05
0 0
0 2.5e-05
0.923077 0.930725
0 1.25e-05
0 2.5e-05
0.0769231 0.0691625
0 7.5e-05
0.0769231 0.0001625
0.153846 0.125
0.769231 0.874825
0 0
0 1.25e-05
0 2.5e-05
0 1.25e-05
0 0
1 0.9999
0 6.25e-05
0 0
0.846154 0.75
0 0
0.153846 0.25
0 0
0 0
0 1.25e-05
1 0.999925
0 3.75e-05
0 2.5e-05
0 0
0.846154 0.75
0 0
0.153846 0.25
0 0
1 0.9999
0 2.5e-05
0 1.25e-05
0 0
0 6.25e-05
0 0
0 0
0.153846 0.25
0.846154 0.75
0 0
1 0.999912
0 3.75e-05
0 1.25e-05
0 0
0 3.75e-05
0 1.25e-05
0 1.25e-05
0 0
1 0.99985
0 0.000125
1 0.99985
0 2.5e-05
0 1.25e-05
0 2.5e-05
0 8.75e-05
0 1.25e-05
0 0
1 0.999938
0 0
0 5e-05
0 1.25e-05
1 0.999912
0 3.75e-05
0 0
0 3.75e-05
0.846154 0.75
0 0
0 0
0.153846 0.25
0 0
0 1.25e-05
0 0
1 0.999938
0 1.25e-05
0 3.75e-05
1 0.999862
0 2.5e-05
0 2.5e-05
0 2.5e-05
0 6.25e-05
0 0
0 1.25e-05
1 0.999912
0 0
0 7.5e-05
0 1.25e-05
0 2.5e-05
0 1.25e-05
1 0.999938
0 1.25e-05
0 0
0 3.75e-05
0 7.5e-05
1 0.999825
0 6.25e-05
0 1.25e-05
0.0769231 0.161763
0.923077 0.838175
0 2.5e-05
0 2.5e-05
0.769231 0.749938
0.0769231 3.75e-05
0.153846 0.250013
0 0
0 1.25e-05
0.538462 0.499962
0 0
0.153846 0.25
0.307692 0.250025
0 1.25e-05
0.769231 0.624962
0.153846 0.25
0 0
0.0769231 0.125037
0 0
0 1.25e-05
0 0
0.692308 0.749838
0.307692 0.250113
0 3.75e-05
0 0
0 2.5e-05
1 0.999938
0 1.25e-05
0 2.5e-05
0.615385 0.50005
0.307692 0.437362
0 0
0.0769231 0.0625625
0 2.5e-05
0.230769 0.250075
0.538462 0.499738
0.153846 0.250025
0.0769231 0.0001375
0 2.5e-05
0 1.25e-05
1 0.999975
0 1.25e-05
0 0
0 0
0 1.25e-05
0.615385 0.74985
0 1.25e-05
0.384615 0.250113
0 1.25e-05
0.230769 0.250462
0.384615 0.402363
0 0.0001875
0 0.00015
0.384615 0.346838
0 0.0002875
0 0.000225
0 0.00015
0.769231 0.7767
0.230769 0.222637
0 1.25e-05
0 0
0.153846 5e-05
0.846154 0.9999
0 3.75e-05
0 2.5e-05
1 0.999912
0 1.25e-05
0 0
0 5e-05
0.0769231 0.0001625
0 0
0.0769231 0.0001
0.846154 0.999713
0 2.5e-05
0 0
0.230769 0.250038
0 0
0.769231 0.749962
0 0
0 0
0.769231 0.749975
0.0769231 0
0.153846 0.250013
0 1.25e-05
0.769231 0.749737
0.153846 0.249988
0 0
0.0769231 0.0002625
0 1.25e-05
0 0
0.923077 0.886062
0.0769231 0.1139
0 0
0 3.75e-05
0.153846 0.0001375
0 0
0.153846 0.250013
0.692308 0.749825
0 2.5e-05
1 0.999938
0 1.25e-05
0 2.5e-05
0 1.25e-05
0 1.25e-05
1 0.999938
0 1.25e-05
0 2.5e-05
0 0
0 2.5e-05
0 0
1 0.999975
0 0
0 1.25e-05
0 1.25e-05
0 1.25e-05
0 0
0 2.5e-05
1 0.999925
0 3.75e-05
0.153846 0.25
0 0
0 0
0.846154 0.749988
0 1.25e-05
1 0.999912
0 3.75e-05
0 0
0 1.25e-05
0 3.75e-05
0 0
0.846154 0.749988
0.153846 0.250013
0 0
0 0
1 0.999912
0 0
0 1.25e-05
0 1.25e-05
0 6.25e-05
0 0
0 1.25e-05
0 0
1 0.999925
0 6.25e-05
0 0
1 0.999938
0 1.25e-05
0 3.75e-05
0 1.25e-05
0 2.5e-05
0 0
1 0.999925
0 0
0 5e-05
0 0
0 0
0.846154 0.75
0.153846 0.25
0 0
0 0
0.230769 0.250013
0.769231 0.74995
0 1.25e-05
0 2.5e-05
0 0
0.923077 0.999925
0.0769231 3.75e-05
0 0
0 3.75e-05
0.846154 0.749988
0 1.25e-05
0.153846 0.25
0 0
0 0
0 0
0 0
0.153846 0.25
0.846154 0.75
0 0
0 0
0.846154 0.75
0 0
0.153846 0.25
0 0
0.461538 0.660837
0.307692 0.219862
0 6.25e-05
0.153846 0.0627375
0.0769231 0.0565
0.692308 0.75
0.153846 0.124963
0 1.25e-05
0.153846 0.124975
0 5e-05
0.307692 0.375138
0.0769231 0.124713
0 0.00015
0 0.000175
0.615385 0.499825
0.692308 0.5636
0 0.000225
0 0.000125
0 0.00015
0.307692 0.4359
0 0
0 0
0.846154 0.749975
0.153846 0.25
0 2.5e-05
0 5e-05
0 2.5e-05
1 0.999888
0 1.25e-05
0 2.5e-05
1 0.999925
0 0
0 0
0 1.25e-05
0 6.25e-05
0 2.5e-05
1 0.9999
0 2.5e-05
0 0
0 5e-05
0 1.25e-05
0 0
1 0.999938
0 2.5e-05
0 2.5e-05
0 0
0.846154 0.75
0.153846 0.25
0 0
0 0
0.769231 0.750038
0 0.0002625
0 0.000275
0.0769231 0.0003375
0.153846 0.249087
0.0769231 3.75e-05
0 0
0 0
0.923077 0.999938
0 2.5e-05
0 0
0 0
0 1.25e-05
1 0.99995
0 3.75e-05
0 0
0.230769 0.375
0.769231 0.625
0 0
0 0
1 0.999938
0 1.25e-05
0 0
0 1.25e-05
0 3.75e-05
0 0
1 0.9999
0 1.25e-05
0 2.5e-05
0 6.25e-05
0 1.25e-05
0 1.25e-05
1 0.999938
0 0
0 3.75e-05
0 0
0 2.5e-05
1 0.999938
0 0
0 3.75e-05
0 0
0 1.25e-05
1 0.999912
0 1.25e-05
0 6.25e-05
1 0.999925
0 1.25e-05
0 2.5e-05
0 0
0 3.75e-05
0.153846 0.249975
0.846154 0.75
0 1.25e-05
0 1.25e-05
0 0
0.846154 0.75
0 0
0 0
0.153846 0.25
0 0
0.153846 0.25
0 0
0.846154 0.749988
0 0
0 1.25e-05
0.846154 0.749988
0 0
0.153846 0.25
0 0
0 1.25e-05
1 0.9999
0 2.5e-05
0 2.5e-05
0 1.25e-05
0 3.75e-05
1 0.999888
0 1.25e-05
0 1.25e-05
0 1.25e-05
0 7.5e-05
0.846154 0.749988
0.153846 0.25
0 0
0 0
0 1.25e-05
0 0
0.846154 0.749975
0.153846 0.25
0 1.25e-05
0 1.25e-05
0.0769231 0.1406
0 0.0003
0 0.000225
0.846154 0.750138
0.0769231 0.108738
0.0769231 0.13915
0 0.000275
0 0.000325
0.846154 0.750162
0.0769231 0.110088
0.0769231 0.1398
0.846154 0.750162
0 0.0002125
0 0.0002125
0.0769231 0.109613
0.230769 0.374987
0.692308 0.511613
0 0.0002625
0 0.000225
0.0769231 0.112912
0.769231 0.750138
0.0769231 0.0002875
0 0.0003375
0 0.000375
0.153846 0.248862
