0.0136757
0.047747
0.0404884
0.0471175
0
0.0460656
0.0412344
0.0146662
0.047742
0
0.0151338
0.0454331
0.0494562
0.0383863
0
0.0474482
0.0168252
0.0461909
0.0472215
0
0.0445142
0.0386716
0.0503359
0.0132597
0
0.0399727
0.0469666
0.0145391
0.0490533
0
0.0326749
0.0160702
0.0469703
0.0489535
0
0.0486557
0.0384712
0.0133394
0.0469525
0
0.0387162
0.0209075
0.050372
0.0116308
0
0.0179848
0.0498399
0.0490723
0.0260433
0
0.0398059
0.0489805
0.028252
0.0610032
0
0.0640585
0.0324109
0.0621656
0.069036
0
0.0343315
0.0248259
0.00437338
0.044425
0
0.0478362
0.0109953
0.0532346
0.0186012
0
0.022663
0.0121837
0.0501118
0.0430527
0
0.0432092
0.0203361
0.0158415
0.0447687
0
0.0309527
0.0232902
0.0169187
0.0285641
0
0.0276624
0.0117588
0.0371126
0.0143857
0
0.0290822
0.0299845
0.0107952
0.045092
0
0.0184281
-0.0329907
0.0137706
-0.0408257
0
0.00541711
0.0162119
-0.0203006
-0.0411117
0
-0.00363095
-0.0624554
0.0165919
0.00362785
0
0.00130842
0.0131218
0.0124238
-0.0554247
0
0.0132472
-0.0134887
0.0145704
-0.0388084
0
0.0141981
0.0154349
-0.00489291
-0.0579975
0
0.015549
-0.039525
-0.00829203
-0.00780488
0
-0.0043947
-0.0387934
0.0153538
-0.0107156
0
-0.0141811
0.0141622
0.0128267
-0.0391401
0
0.0118662
-0.0124867
0.0165431
-0.0384115
0
0.0120912
0.0103802
0.0135607
-0.0553406
0
-0.0393636
0.014381
0.012952
-0.0137204
0
-0.0412487
0.0162325
0.00991292
-0.0144403
0
0.00886139
0.0121195
0.0101621
-0.052588
0
0.0097054
-0.0514203
0.0101716
0.0108627
0
0.00901638
-0.0546694
0.014698
0.00923113
0
0.0161758
-0.0204671
-0.0404409
0.0149581
0
-0.054907
0.0116738
0.0121052
0.0120191
0
0.0148988
-0.0552886
0.0103385
0.0118688
0
0.0119505
0.012159
0.0147393
-0.0679318
0
-0.0184947
0.0148326
0.0127593
-0.0406157
0
0.0167299
0.000533925
-0.0387663
-0.0154794
0
0.012971
-0.0524254
0.00979228
0.00831748
0
0.0466185
0.0163011
0.0478256
0.0461018
0
0.00218016
0.0419137
0.0512067
0.0483547
0
-0.051331
0.0126973
0.0122539
0.0115582
0
-0.0389016
-0.0106856
-0.00464244
0.0151615
0
0.0131492
-0.0452269
-0.0116564
0.0159308
0
0.0060719
0.0352574
-0.0150835
0.0404462
0
-0.0358227
0.0145961
0.013297
-0.0139086
0
0.0103447
0.0106494
-0.0533978
0.0102129
0
0.0100791
0.0100093
-0.0524858
0.00957839
0
-0.0552368
0.0118377
0.00975094
0.0124826
0
-0.0146703
-0.0395669
0.0146454
0.0129434
0
-0.0133192
0.0107092
0.0159009
-0.0392726
0
-0.0531279
0.0122641
0.00843533
0.00835027
0
0.0131074
-0.038815
-0.0144315
0.0132575
0
0.0126996
0.0134653
0.00927575
-0.0536457
0
0.0107428
0.0132702
-0.0408881
-0.0125956
0
-0.0409241
0.0137663
0.0141244
-0.0137138
0
-0.0524917
0.0115943
0.0136905
0.0125186
0
0.0120358
-0.0407243
-0.0146107
0.0121253
0
0.0102521
0.00999916
-0.0527375
0.0129686
0
0.012777
-0.0094905
-0.00528444
-0.0374719
0
0.0414507
0.039503
0.0406124
-0.0108669
0
0.0131529
-0.0126746
0.0162845
-0.0391976
0
-0.0219736
-0.0428712
0.0166253
0.00249823
0
-0.01934
-0.0370568
0.0123111
0.0150282
0
-0.0205864
0.0131651
0.0133819
-0.0410184
0
-0.0650498
0.0111686
0.0118564
0.0114789
0
-0.0538703
0.0118628
0.0145062
-0.00512893
0
0.0133762
0.0132273
-0.0419304
-0.0161546
0
-0.0417488
0.0146242
0.00997257
-0.0139331
0
0.0131667
-0.0143703
-0.0395286
0.0153532
0
0.00935836
-0.0400353
0.0155951
-0.0215836
0
0.0109395
-0.0559423
0.0107969
0.0111189
0
-0.0536431
0.0150661
0.00912985
0.0145923
0
0.0549953
-0.0119066
0.0501775
0.0494113
0
0.0632038
0.0769351
0.0515297
0.0630573
0
0.0620207
0.0685524
0.0634014
0.0633276
0
0.0631442
0.0588789
0.0698293
0.0639038
0
0.0546231
0.06811
0.0565648
0.063877
0
0.0743433
0.0629382
0.0614403
0.0660668
0
0.0747112
0.0615028
0.0629066
0.0637498
0
0.0532578
0.0627301
0.0779727
0.052888
0
0.0520112
0.0622906
0.0619281
0.0789893
0
0.0657274
0.0501747
0.0512003
-0.0121948
0
0.0624473
0.0522623
0.049975
-0.0137936
0
0.0352051
0.0625178
0.0535226
-0.00283648
0
0.0420108
-0.00447607
0.0198745
0.040025
0
-0.0544535
0.00859338
0.0120211
0.0101378
0
-0.0197328
0.0384169
0.0383597
0.00620673
0
-0.0395801
-0.0143388
0.0137057
0.0127589
0
-0.0541177
0.013093
0.011103
0.0122408
0
-0.0215494
0.0108454
-0.0392909
0.017403
0
0.0405066
0.0420863
0.0397312
-0.0140201
0
0.0150821
0.0129604
-0.0127277
-0.0402338
0
0.0138631
-0.0383778
-0.0129409
0.0140106
0
0.0103549
0.0104856
0.012865
-0.0531284
0
0.0115222
-0.0117484
0.0121385
-0.0381286
0
-0.0154293
0.0121033
0.0135135
-0.0385665
0
0.0140167
0.0130284
-0.0153862
-0.0401755
0
0.0167288
-0.0200877
0.00349674
-0.0404375
0
-0.0529641
0.0124626
0.00886253
0.0112324
0
-0.01123
0.0121105
-0.0410858
0.0138619
0
0.0121766
0.0111124
0.00974057
-0.0526974
0
-0.039476
-0.020509
0.0145172
0.0130884
0
0.0297281
-0.0424918
0.0430622
0.0414337
0
0.041682
0.031368
-0.0427497
0.0422294
0
-0.0190608
0.0131388
1.31107e-05
-0.039748
0
-0.0184657
-0.0302013
-0.00931917
0.0164523
0
-0.0327543
0.0201305
0.00345037
-0.0394368
0
-0.0527795
0.0164754
0.0133177
-0.00806773
0
-0.0210177
0.0107473
-0.041682
0.0173143
0
0.0391402
-0.0114308
0.0395925
0.0409101
0
0.0124479
0.0104313
-0.0550962
0.0104507
0
-0.00776269
0.0171051
-0.0364586
-0.0102029
0
0.011945
-0.0360727
0.0133788
-0.0117301
0
-0.0528689
0.0120829
0.0125772
0.0099186
0
-0.0673548
0.015854
0.0158807
0.00571507
0
0.000103048
-0.0194494
-0.0394584
0.0158915
0
0.00958555
0.0132459
0.0103823
-0.0518869
0
0.0120866
-0.0121121
0.0149803
-0.0385172
0
0.0126127
0.0128714
-0.0523404
0.0100889
0
0.0105589
-0.0118995
0.0134333
-0.0352693
0
-0.0507138
0.0098005
0.0103459
0.0126238
0
0.0129901
0.0112346
-0.038096
-0.0137117
0
-0.0524716
0.0114041
0.0140942
0.00876003
0
0.0113351
0.0100786
0.0132034
-0.0534068
0
-0.0524973
0.0114831
0.0106251
0.0129259
0
0.0129018
0.0113164
-0.052647
0.0117583
0
0.0105618
-0.0539643
0.0128051
0.00968965
0
-0.0131296
0.0107749
0.0106929
-0.0387058
0
0.00992516
0.0133869
-0.0540253
0.00938788
0
-0.0525489
0.00953465
0.0136118
0.0108351
0
0.0133378
0.0111079
-0.0523161
0.00958011
0
0.0126085
0.0121676
0.0120039
-0.052219
0
0.012165
0.00996269
0.00935781
-0.0547887
0
0.0140313
-0.00772026
-0.0521345
0.0143528
0
0.0109414
-0.020698
-0.0389664
0.0129092
0
0.0205792
0.015406
-0.0429132
-0.0355583
0
-0.0116481
-0.0387322
0.0162799
-0.00322095
0
0.0160026
0.0131531
0.0123669
-0.0690456
0
0.011312
0.0126531
-0.0533706
0.0104604
0
-0.000819816
-0.06079
0.0172942
-0.00516698
0
0.0123598
-0.0277251
-0.0391935
-0.00219303
0
0.0133256
-0.0528485
0.0128378
0.0104613
0
0.01185
-0.0551599
0.0135239
-0.00345285
0
-0.0323585
0.0479
0.0497873
0.0483563
0
0.0466987
0.0449891
0.0451446
-0.0363323
0
0.0150713
0.0141144
-0.020327
-0.0404224
0
0.0108997
-0.0519275
0.0113789
0.0110092
0
-0.00126181
0.0143613
-0.0183559
-0.0359616
0
0.0135596
-0.0675935
0.0125257
0.0135159
0
0.0149115
0.0146602
-0.0212824
-0.0382831
0
-0.0228164
-0.039139
0.0164903
0.00475512
0
0.0166878
-0.0202311
-0.0393946
0.0138966
0
-0.0236745
0.0159922
-0.0428037
0.0095527
0
-0.0560982
0.0105067
0.0135572
0.011455
0
-0.0534504
0.0105199
0.012207
0.0130574
0
0.0108475
-0.0540538
0.0127277
0.0119039
0
0.0105425
0.0145307
0.010445
-0.0545226
0
-0.0390584
0.0142578
0.0132533
-0.0136776
0
-0.0543885
0.0108046
0.011238
0.0117657
0
0.0125127
-0.0155011
-0.0395303
0.0125702
0
-0.0542279
0.0102252
0.0106678
0.0148097
0
0.0115959
0.0119184
0.0114957
-0.0516174
0
0.0149262
-0.0532153
0.0098071
0.00899003
0
0.0115706
0.0118921
-0.0514386
0.010178
0
0.0133503
0.0146387
-0.0147253
-0.0395353
0
0.013944
-0.0681308
0.0128111
0.0148781
0
0.0154325
-0.0376169
-0.0177582
0.0157368
0
-0.0145963
0.012781
-0.0382527
0.0174994
0
0.0123789
0.0134471
-0.0404716
-0.0138193
0
0.0130636
-0.0150328
0.0108904
-0.0388008
0
-0.0564155
0.00828143
0.0393958
0.0267426
0
-0.0588498
-0.0240654
0.0156497
0.0182636
0
0.0118963
0.0426208
0.054716
0.0537401
0
-0.022324
0.0473782
0.0474295
0.0469723
0
0.0129223
0.0153207
-0.013243
-0.0402484
0
0.0107111
0.0108232
-0.0528406
0.0148898
0
-0.0519214
0.011312
0.0113508
0.00997025
0
0.0103923
-0.0528052
0.012398
0.0128686
0
0.0143191
0.0123956
-0.0552949
0.00859772
0
0.0109738
-0.0129234
-0.0376173
0.0151245
0
0.0386283
0.047385
0.0485586
0.0143924
0
-0.0202619
0.0137586
0.0128779
-0.0378631
0
0.01419
0.0117567
0.00827019
-0.0529041
0
0.0121087
-0.0487827
-0.0128948
0.015078
0
-0.0542008
0.0144694
0.0121784
0.0118721
0
0.00999346
-0.0533464
0.0132905
0.00980615
0
0.0103916
0.0102962
-0.0523939
0.0115453
0
0.0134611
0.0118422
-0.0524653
0.00896544
0
0.0126428
0.00984893
-0.0523894
0.0115429
0
-0.0526215
0.0090221
0.0106135
0.0129317
0
-0.041619
-0.0152359
0.0152953
0.015562
0
-0.0145935
0.014143
0.0131489
-0.0385048
0
-0.0396041
0.0123613
-0.0155249
0.0126824
0
-0.0135414
0.0123965
-0.0398697
0.0138053
0
-0.0540545
0.00959347
0.0116448
0.0110455
0
-0.0538836
0.011114
0.0117696
0.0139224
0
-0.0139986
-0.0400452
0.0132518
0.01453
0
0.0124486
-0.0127701
-0.0381354
0.0115486
0
0.0322639
0.0425881
0.0415699
0.0129573
0
0.0323541
0.0428639
0.0427072
0.0132542
0
0.0357129
0.0125329
0.043041
0.0420538
0
0.0267264
0.0120183
0.0438257
0.0440648
0
0.0158137
0.028694
0.0456894
0.049674
0
