0.401774 0.24462
0.237009 0.41616
0.185044 0.24024
0.136882 0.0861
0.0392902 0.01288
0.382763 0.3997
0.278834 0.26116
0.026616 0.01136
0.272497 0.31496
0.0392902 0.01282
0.0899873 0.05768
0.68948 0.7834
0.100127 0.10836
0.0278834 0.03354
0.0925222 0.01702
0.0823828 0.00562
0.719899 0.92524
0.0887199 0.04528
0.0633714 0.01332
0.0456274 0.01054
0.0760456 0.03418
0.52725 0.49722
0.254753 0.34732
0.0849176 0.11076
0.0570342 0.01052
0.0633714 0.07222
0.372624 0.3998
0.25602 0.22778
0.0621039 0.0353
0.245881 0.2649
0.183777 0.1631
0.0506971 0.10006
0.0164766 0.01826
0.711027 0.68988
0.0380228 0.0287
0.164766 0.13296
0.00760456 0.01004
0.0101394 0.01128
0.755387 0.74788
0.0621039 0.09784
0.223067 0.22814
0.0595691 0.00102
0.0443599 0.00154
0.641318 0.75884
0.0316857 0.01046
0.0139417 0.00038
0.790875 0.8563
0.157161 0.12974
0.0114068 0.00108
0.026616 0.0125
0.854246 0.86842
0.00126743 0.00108
0.0101394 0.00072
0.107731 0.11782
0.026616 0.01196
0.855513 0.88644
0.0101394 0.00054
0.00633714 0.00026
0.101394 0.10416
0.026616 0.0086
0.0380228 0.0996
0.849176 0.82356
0.0747782 0.06668
0.0114068 0.00058
0.026616 0.00958
0.026616 0.01142
0.198986 0.09542
0.746515 0.88344
0.00253485 0.00026
0.0253485 0.00946
0.00887199 0.006
0.017744 0.0001
0.00506971 0.00026
0.948035 0.98336
0.0202788 0.01028
0.0570342 0.00698
0.00887199 0.00056
0.896071 0.9812
0.017744 0.00254
0.0202788 0.00872
0.0468948 0.12548
0.476553 0.5846
0.00887199 0.00026
0.443599 0.2771
0.0240811 0.01256
0.0785805 0.14138
0.13815 0.09732
0.0937896 0.0455
0.627376 0.70046
0.0621039 0.01534
0.0874525 0.0754
0.330798 0.4329
0.320659 0.34942
0.186312 0.12584
0.0747782 0.01644
0.358682 0.59218
0.21166 0.11798
0.197719 0.10478
0.164766 0.16422
0.0671736 0.02084
0.239544 0.2029
0.363752 0.43562
0.0925222 0.08238
0.231939 0.21058
0.0722433 0.06852
0.26616 0.24368
0.214195 0.21502
0.201521 0.24014
0.237009 0.19674
0.0811153 0.10442
0.158428 0.14032
0.185044 0.19554
0.0506971 0.0804
0.0760456 0.05186
0.529785 0.53188
0.110266 0.15654
0.229404 0.22336
0.0621039 0.04638
0.115336 0.06508
0.48289 0.50864
0.0811153 0.06582
0.101394 0.15678
0.035488 0.03128
0.0367554 0.00442
0.745247 0.7417
0.0747782 0.03054
0.0836502 0.14906
0.0291508 0.0095
0.0215463 0.00926
0.790875 0.80164
0.0557668 0.01378
0.0912548 0.04242
0.0101394 0.00496
0.0164766 0.10604
0.826362 0.8328
0.0811153 0.08888
0.0583016 0.01446
0.0126743 0.05972
0.0342205 0.06442
0.813688 0.77252
0.0595691 0.06036
0.0595691 0.09036
0.0139417 0.00572
0.0392902 0.05302
0.82763 0.79054
0.0557668 0.12486
0.0621039 0.07438
0.0291508 0.00438
0.0139417 0.00514
0.839037 0.79124
0.0621039 0.1255
0.0823828 0.01418
0.00633714 0.00238
0.0304183 0.06394
0.818758 0.794
0.102662 0.05984
0.0519645 0.1025
0.00633714 0.00268
0.0228137 0.0437
0.816223 0.79128
0.086185 0.05926
0.0392902 0.09986
0.0164766 0.0032
0.0595691 0.06846
0.798479 0.76922
0.0506971 0.07974
0.102662 0.1116
0.0202788 0.00272
0.0342205 0.03646
0.792142 0.76948
0.0925222 0.12022
0.136882 0.208
0.095057 0.10112
0.160963 0.14806
0.514575 0.4226
0.110266 0.176
0.287706 0.22344
0.136882 0.12208
0.163498 0.16768
0.301648 0.3108
0.160963 0.09018
0.329531 0.53272
0.120406 0.11628
0.21673 0.13372
0.17237 0.1271
0.139417 0.18992
0.103929 0.09636
0.124208 0.09718
0.533587 0.482
0.0988593 0.13454
0.130545 0.09694
0.392902 0.47304
0.323194 0.27732
0.0988593 0.04854
0.0544994 0.10416
0.475285 0.56836
0.496831 0.41538
0.00380228 0.00302
0.00126743 0.00016
0.0228137 0.01308
0.00126743 0.0005
0.0456274 0.00592
0.00380228 0.00234
0.944233 0.98742
0.00506971 0.00382
0.99493 0.99544
0 0.00014
0 0.00024
0.00253485 0.00104
0.00253485 0.00314
0.00126743 0.00042
0 8e-05
0 0.0001
0.996198 0.99738
0.00253485 0.00202
0.00253485 0.00048
0.00126743 0.00234
0 0.00016
0.993663 0.99494
0.00253485 0.00208
0.997465 0.99698
0 0.0002
0 0.00012
0 8e-05
0.00253485 0.00262
0.998733 0.99846
0 8e-05
0 0.00018
0 0.00016
0.00126743 0.00112
0.953105 0.98862
0 2e-05
0.00633714 0.00038
0.0392902 0.01036
0.00126743 0.00062
0.0101394 0.0005
0.00506971 0.00032
0.0316857 0.00082
0.951838 0.99718
0.00126743 0.00118
0.00253485 0.00156
0.993663 0.99642
0.00253485 0.00058
0 0.0001
0.00126743 0.00134
0.00253485 0.0005
0.00126743 0.00062
0.99493 0.9976
0 0.00014
0.00126743 0.00114
0.00253485 0.00026
0 6e-05
0.978454 0.99832
0.017744 0.00014
0.00126743 0.00122
0.922687 0.99346
0.0101394 0.00062
0.00126743 0.00038
0.0633714 0.00418
0.00253485 0.00136
0.0190114 0.05002
0.779468 0.82896
0.124208 0.11212
0.0760456 0.00778
0.00126743 0.00112
0.0544994 0.00408
0.0304183 0.00786
0.00253485 0.00132
0.91128 0.98586
0.00126743 0.00088
0.0228137 0.00032
0.0101394 0.00074
0.965779 0.9978
0 2e-05
0.00126743 0.00112
0.0253485 0.0009
0.904943 0.99562
0.0684411 0.00272
0 2e-05
0.00126743 0.00074
0.200253 0.09912
0.0773131 0.0583
0.686946 0.83982
0.0152091 0.00116
0.0202788 0.0016
0.169835 0.27706
0.00633714 0.00106
0.0215463 0.00102
0.799747 0.71948
0.00253485 0.00138
0 0.00032
0.0101394 0.06756
0.988593 0.9294
0 0.00036
0.00126743 0.00236
0.942966 0.88136
0.00760456 0.01374
0.0367554 0.10128
0.0114068 0.00288
0.00126743 0.00074
0.00633714 0.04714
0.0342205 0.10984
0.958175 0.84214
0 8e-05
0.00126743 0.0008
0.555133 0.6138
0.148289 0.13176
0.0367554 0.02136
0.25602 0.2301
0.00380228 0.00298
0.267427 0.2083
0.0659062 0.04498
0.0304183 0.00518
0.470215 0.43716
0.166033 0.30438
0.112801 0.11772
0.163498 0.17866
0.144487 0.12448
0.556401 0.56482
0.0228137 0.01432
0.00126743 0.00042
0.00887199 0.00216
0.902408 0.92122
0.0101394 0.0006
0.0773131 0.0756
0.00506971 0.0005
0.969582 0.99296
0.00760456 0.00248
0.0126743 0.00134
0.00506971 0.00272
0.0101394 0.00228
0.0152091 0.00112
0.00887199 0.0021
0.959442 0.99146
0.00633714 0.00304
0.494297 0.63502
0.238276 0.19648
0.244613 0.14708
0.0152091 0.01834
0.00760456 0.00308
0.0506971 0.04866
0.00633714 0.0019
0.00380228 0.00024
0.931559 0.94706
0.00760456 0.00214
0.965779 0.98998
0.0114068 0.00486
0.00253485 0.00038
0.00506971 0.00014
0.0152091 0.00464
0.026616 0.00358
0.884664 0.87488
0.0430925 0.0892
0.0139417 0.00856
0.0316857 0.02378
0.0101394 0.0174
0.00887199 0.00452
0.00506971 0.00352
0.945501 0.9028
0.0304183 0.07176
0.190114 0.20422
0.145754 0.1461
0.564005 0.5885
0.0887199 0.05896
0.0114068 0.00222
0.0671736 0.03464
0.425856 0.51132
0.475285 0.44522
0.0190114 0.00524
0.0126743 0.00358
0.121673 0.10554
0.544994 0.62036
0.230672 0.20192
0.086185 0.06774
0.0164766 0.00444
0.0291508 0.11566
0.0114068 0.05492
0.00380228 6e-05
0.936629 0.82798
0.0190114 0.00138
0.00887199 0.02232
0.923954 0.87208
0.0152091 0.00348
0.0329531 0.10068
0.0190114 0.00144
0.967047 0.98614
0.00126743 4e-05
0.00253485 2e-05
0.00887199 0.01122
0.0202788 0.00258
0.0228137 0.00568
0 0.00014
0.00760456 0.00076
0.941698 0.97312
0.0278834 0.0203
0.00380228 0.00022
0.967047 0.99638
0.00760456 0.00092
0.00253485 0.00044
0.0190114 0.00204
0.00253485 0.00048
0.0152091 0.0994
0.00126743 0.00014
0.963245 0.89778
0.017744 0.0022
0.136882 0.1093
0.835234 0.88858
0.0101394 0.00072
0 2e-05
0.017744 0.00138
0.00633714 8e-05
0.885932 0.69824
0.0811153 0.20056
0.0101394 0.09984
0.0164766 0.00128
0.00633714 0.00216
0.332066 0.23204
0.552598 0.4682
0.0925222 0.29536
0.0164766 0.00224
0.0735108 0.01192
0.00253485 0.00186
0 0.00012
0.831432 0.78726
0.0925222 0.19884
0.00506971 0.00196
0.923954 0.96246
0.0532319 0.03208
0.00126743 0.00054
0.0164766 0.00296
0.0519645 0.01652
0.00380228 0.0007
0.00253485 2e-05
0.897338 0.97768
0.0443599 0.00508
0.00506971 0.00038
0.0671736 0.01136
0.87706 0.9827
0.0190114 0.0013
0.0316857 0.00426
0.0228137 0.0179
0.603295 0.55564
0.320659 0.38916
0.0228137 0.03322
0.0304183 0.00408
0.761724 0.79334
0.0456274 0.10132
0.0329531 0.0017
0.0139417 0.0001
0.145754 0.10354
0.564005 0.61262
0.187579 0.19052
0.0785805 0.02138
0.0709759 0.1593
0.0988593 0.01618
0.346008 0.37304
0.231939 0.28458
0.337136 0.281
0.0519645 0.05196
0.0329531 0.00942
0.636248 0.50214
0.0316857 0.00174
0.288973 0.46992
0.0418251 0.02442
0.00126743 0.00178
0.953105 0.89496
0.00126743 0.00046
0.00253485 0.0007
0.0418251 0.10274
0.00126743 0.00114
0.0228137 0.0999
0.929024 0.8976
0.035488 0.00114
0.0126743 0.00074
0 0.00062
0.979721 0.9952
0.00760456 0.00198
0.00126743 0.00088
0.0114068 0.00094
0 0.001
0.989861 0.99516
0.00633714 0.00178
0.00126743 0.00126
0.00253485 0.00052
0 0.00128
0.117871 0.08716
0.00760456 0.05734
0.0836502 0.14112
0.771863 0.71074
0.0190114 0.00364
0.0456274 0.06798
0.205323 0.27716
0.627376 0.57064
0.102662 0.08132
0.0190114 0.0029
0.00506971 0.09932
0.439797 0.44256
0.508238 0.44652
0.026616 0.0088
0.0202788 0.0028
0.495564 0.64516
0.297845 0.2701
0.0519645 0.00458
0.136882 0.07842
0.017744 0.00174
0.520913 0.61138
0.0595691 0.01986
0.0253485 0.03594
0.391635 0.33082
0.00253485 0.002
0.0849176 0.1086
0.00760456 0.00088
0.00253485 0.00122
0.902408 0.88764
0.00253485 0.00166
0.0291508 0.01104
0 8e-05
0.00253485 0.00062
0.965779 0.9851
0.00253485 0.00316
0.0342205 0.01626
0.306717 0.41388
0.443599 0.4411
0.181242 0.11812
0.0342205 0.01064
0.830165 0.8488
0.0443599 0.03364
0.0481622 0.09704
0.0646388 0.01098
0.0126743 0.00954
0.114068 0.19184
0.187579 0.1617
0.320659 0.24066
0.334601 0.39466
0.0430925 0.01114
0.0975919 0.07736
0.363752 0.39366
0.307985 0.28346
0.162231 0.20656
0.0684411 0.03896
0.0114068 0.00696
0.00380228 0.00974
0.00253485 0.0004
0.00506971 0.0986
0.977186 0.8843
0.00126743 0.00072
0 0.00014
0.00126743 0.00128
0.0329531 0.1206
0.964512 0.87726
0.00126743 0.00052
0.0202788 0.01324
0.0101394 0.10646
0.00380228 0.0009
0.964512 0.87888
0.0101394 0.10718
0.00633714 0.0122
0.00760456 0.00144
0.0114068 0.00042
0.964512 0.87876
0.017744 0.01076
0.00253485 0.00202
0 0.0001
0.0114068 0.09918
0.968314 0.88794
0.00126743 0.00106
0.00380228 0.04038
0.00380228 0.04828
0.017744 0.01188
0.973384 0.8984
0.00506971 0.09888
0.00506971 0.01052
0.00380228 0.00232
0.0139417 0.00084
0.972117 0.88744
0 0.00014
0.017744 0.11116
0.0101394 0.00106
0 0.0001
0.972117 0.88754
0.00380228 0.0011
0.0126743 0.01396
0 4e-05
0.0101394 0.09856
0.973384 0.88634
0.00633714 0.09864
0.0101394 0.01342
0.00760456 0.00062
0.00253485 0.00028
0.973384 0.88704
0.108999 0.1735
0.115336 0.15406
0.0342205 0.01708
0.111534 0.14368
0.629911 0.51168
0.12294 0.23246
0.111534 0.11906
0.141952 0.15962
0.0747782 0.05054
0.548796 0.43832
0.176172 0.14044
0.13308 0.18336
0.0899873 0.0984
0.233207 0.25926
0.367554 0.31854
0.277567 0.25528
0.143219 0.07742
0.095057 0.07272
0.294043 0.4336
0.190114 0.16098
0.140684 0.05272
0.187579 0.2202
0.330798 0.46744
0.31052 0.24616
0.0304183 0.01348
0.0494297 0.0332
0.882129 0.9522
0.0519645 0.00566
0.00506971 0.00384
0.0114068 0.0051
0.296578 0.38436
0.190114 0.1314
0.0190114 0.003
0.485425 0.46052
0.00887199 0.02072
0.96071 0.96634
0.00126743 0.00196
0.00126743 0.00158
0.0291508 0.00368
0.00760456 0.02644
0.00380228 0.00398
0.0367554 0.01854
0.959442 0.97686
0 8e-05
0 0.00054
0.0164766 0.00308
0.0114068 0.00032
0.00380228 0.00412
0.968314 0.9918
0 0.00068
0.112801 0.0024
0.00380228 0.00048
0.00126743 0.00014
0.882129 0.99654
0 0.00044
0.026616 0.00052
0.00633714 0.00098
0.953105 0.99258
0.0139417 0.00516
0 0.00076
0.347275 0.4693
0.116603 0.0759
0.0291508 0.03536
0.220532 0.24394
0.286439 0.1755
0.21673 0.20776
0.0671736 0.0577
0.0228137 0.0074
0.662864 0.71448
0.0304183 0.01266
0.290241 0.2204
0.0874525 0.18762
0.0430925 0.06156
0.550063 0.52456
0.0291508 0.00586
0.378961 0.34016
0.155894 0.0751
0.0671736 0.04628
0.352345 0.52112
0.0456274 0.01734
0.494297 0.68098
0.163498 0.14434
0.0836502 0.03984
0.18251 0.11588
0.0760456 0.01896
0.552598 0.65618
0.0557668 0.03338
0.0671736 0.0057
0.174905 0.10476
0.149556 0.19998
0.700887 0.71308
0.0468948 0.06894
0.0912548 0.03336
0.035488 0.06442
0.125475 0.1202
0.0380228 0.02488
0.859316 0.92186
0.0316857 0.04644
0.0215463 0.00128
0.0494297 0.00554
0.903676 0.83508
0.035488 0.04576
0.026616 0.00406
0.0342205 0.11424
0 0.00086
0.78834 0.80976
0.017744 0.00884
0.103929 0.10094
0.0887199 0.07856
0.00126743 0.0019
0.0975919 0.17988
0.230672 0.20932
0.0621039 0.06512
0.112801 0.07286
0.496831 0.47282
0.166033 0.13892
0.190114 0.20372
0.0595691 0.13242
0.103929 0.10258
0.480355 0.42236
0.171103 0.16728
0.191381 0.23662
0.0937896 0.09712
0.111534 0.15718
0.432193 0.3418
0.185044 0.14148
0.12801 0.0792
0.0595691 0.15388
0.31052 0.34758
0.316857 0.27786
0.148289 0.16314
0.129278 0.03964
0.0392902 0.05876
0.489227 0.51276
0.193916 0.2257
0.504436 0.55222
0.0798479 0.01842
0.295311 0.29104
0.017744 0.00784
0.102662 0.13048
0.0152091 0.00602
0.82256 0.91942
0.0874525 0.03264
0.0101394 0.00282
0.0646388 0.0391
0.850444 0.8397
0.0253485 0.00524
0.0139417 0.00102
0.0747782 0.13674
0.035488 0.0173
0.095057 0.14694
0.722433 0.71548
0.0659062 0.04266
0.0785805 0.07364
0.0380228 0.02128
0.0532319 0.01282
0.0481622 0.00546
0.0139417 0.00252
0.850444 0.96366
0.0342205 0.01554
0.129278 0.0853
0.191381 0.20624
0.287706 0.2057
0.357414 0.48412
0.0342205 0.01864
0.120406 0.0803
0.400507 0.5226
0.282636 0.31012
0.149556 0.06008
0.0468948 0.0269
0.21166 0.25336
0.376426 0.39262
0.13308 0.1771
0.179975 0.10948
0.0988593 0.06744
0.202788 0.34694
0.318124 0.3243
0.12294 0.07158
0.285171 0.22354
0.0709759 0.03364
0.500634 0.47508
0.140684 0.10738
0.0557668 0.0772
0.2218 0.32304
0.0811153 0.0173
0.404309 0.53538
0.0608365 0.07584
0.0697085 0.04504
0.365019 0.30346
0.100127 0.04028
0.217997 0.28946
0.500634 0.4837
0.0608365 0.07164
0.111534 0.10886
0.108999 0.04634
0.495564 0.41812
0.319392 0.51224
0.0557668 0.02944
0.0392902 0.02868
0.0899873 0.01152
0.352345 0.51842
0.275032 0.23296
0.0709759 0.07354
0.193916 0.14752
0.107731 0.02756
0.0760456 0.0319
0.278834 0.22334
0.34981 0.35216
0.140684 0.2412
0.154626 0.1514
0.0367554 0.04662
0.494297 0.5882
0.367554 0.3449
0.026616 0.00234
0.0747782 0.01794
0.0735108 0.07774
0.617237 0.63676
0.0988593 0.11974
0.13308 0.15504
0.0773131 0.01072
0.0506971 0.00246
0.302915 0.45608
0.0215463 0.0018
0.378961 0.31284
0.245881 0.22682
0.596958 0.5117
0.095057 0.01072
0 8e-05
0.174905 0.34092
0.13308 0.13658
0.948035 0.99622
0.00506971 0.00026
0.00253485 0.00016
0.00253485 0.00054
0.0418251 0.00282
0.860583 0.9547
0.0101394 0.00152
0.017744 0.00494
0.0304183 0.01282
0.0811153 0.02602
0.575412 0.641
0.00253485 0.00216
0.0139417 0.02182
0.0316857 0.01746
0.376426 0.31756
0.00887199 0.00018
0.00253485 0.00016
0.00253485 2e-05
0.945501 0.99772
0.0405577 0.00192
0.00506971 0.0001
0.935361 0.9642
0.00506971 0.03074
0.00126743 0.00018
0.0532319 0.00478
0.00253485 0.00018
0.00506971 0.04316
0 2e-05
0.942966 0.95384
0.0494297 0.0028
0.00380228 0
0.0190114 0.00236
0.932826 0.99496
0.00380228 0.00046
0.0405577 0.00222
0.0101394 0.00174
0.0202788 0.03586
0.912548 0.959
0.00506971 4e-05
0.0519645 0.00336
0.940431 0.9819
0.00633714 0.00038
0.00633714 0.0007
0.00633714 0.01368
0.0405577 0.00334
0.0152091 0.01638
0.0443599 0.0546
0.892269 0.9259
0.00760456 0.00036
0.0405577 0.00276
0.953105 0.99866
0 0
0 0
0.00633714 8e-05
0.0405577 0.00126
0.00380228 0.00026
0.00253485 2e-05
0.00506971 8e-05
0.948035 0.9977
0.0405577 0.00194
0.250951 0.0639
0.683143 0.92482
0.0114068 0.00654
0.00760456 0.00134
0.0468948 0.0034
0.0899873 0.01788
0 0
0 6e-05
0.86185 0.97972
0.0481622 0.00234
0.95057 0.99716
0.00380228 4e-05
0 2e-05
0.00126743 0.0001
0.0443599 0.00268
0.0101394 0.00022
0.00506971 0.00016
0.935361 0.99696
0.00506971 6e-05
0.0443599 0.0026
0.0126743 0.0001
0.0139417 0.0001
0.00253485 0.00022
0.907478 0.99656
0.0633714 0.00302
0.513308 0.55554
0.223067 0.26986
0.0405577 0.03472
0.130545 0.11312
0.0925222 0.02676
0.737643 0.8887
0.103929 0.05694
0.00506971 0.00188
0.0899873 0.03696
0.0633714 0.01552
0.0583016 0.03594
0.114068 0.08838
0.0253485 0.0029
0.603295 0.7858
0.198986 0.08698
0.0912548 0.0477
0.385298 0.41726
0.337136 0.46496
0.116603 0.05612
0.0697085 0.01396
0.110266 0.09066
0.424588 0.4527
0.367554 0.41212
0.0506971 0.03842
0.0468948 0.0061
0.21166 0.23112
0.406844 0.38414
0.171103 0.21934
0.131812 0.1271
0.0785805 0.0383
0.186312 0.17524
0.460076 0.51298
0.112801 0.08664
0.12801 0.11876
0.112801 0.10638
0.215463 0.23258
0.475285 0.58942
0.150824 0.08932
0.0988593 0.0821
0.0595691 0.00658
0.233207 0.1911
0.30545 0.30866
0.191381 0.18006
0.126743 0.11832
0.143219 0.20186
0.240811 0.20284
0.306717 0.47704
0.0646388 0.0323
0.31052 0.27238
0.0773131 0.01544
0.145754 0.20988
0.00253485 0.00078
0.00126743 8e-05
0.804816 0.78582
0.0456274 0.00344
0.34474 0.30362
0.0101394 0.0001
0.0164766 0.00026
0.584284 0.69292
0.0443599 0.0031
0.894804 0.87982
0.00887199 0.00472
0.0291508 0.09814
0.0228137 0.01318
0.0443599 0.00414
0.927757 0.89694
0 0
0.00126743 8e-05
0.0304183 0.10118
0.0405577 0.0018
0.609632 0.69886
0.176172 0.15834
0.153359 0.13818
0.0202788 0.00296
0.0405577 0.00166
0.0836502 0.07342
0.192649 0.23286
0.52218 0.52894
0.134347 0.1588
0.0671736 0.00598
0.280101 0.4561
0.193916 0.18396
0.13308 0.09394
0.299113 0.25334
0.0937896 0.01266
0.249683 0.25258
0.337136 0.3918
0.108999 0.1148
0.245881 0.2339
0.0583016 0.00692
0.34981 0.381
0.225602 0.24474
0.0621039 0.0455
0.121673 0.09048
0.240811 0.23828
0.465146 0.59828
0.153359 0.16062
0.0811153 0.05452
0.202788 0.14936
0.0975919 0.03722
0.427123 0.42806
0.192649 0.1578
0.107731 0.1184
0.234474 0.2909
0.0380228 0.00484
0.427123 0.39544
0.159696 0.15536
0.0595691 0.0454
0.31052 0.379
0.0430925 0.0248
0.403042 0.46206
0.0380228 0.004
0.0126743 0.00366
0.476553 0.49016
0.0697085 0.04012
0.1673 0.09176
0.0367554 0.00958
0.0228137 0.00684
0.754119 0.88722
0.0190114 0.0046
0 8e-05
0.975919 0.99726
0 2e-05
0.00506971 0.0004
0.0190114 0.00224
0.00126743 0.00024
0 0.0001
0.0215463 0.00022
0.975919 0.99856
0.00126743 0.00088
0.1673 0.0796
0 4e-05
0.0126743 0.00052
0.818758 0.91896
0.00126743 0.00088
0.979721 0.99816
0 2e-05
0.00380228 0.0001
0.0164766 0.0011
0 0.00062
0.978454 0.99936
0 4e-05
0 2e-05
0.0215463 0.00016
0 0.00042
0.0114068 0.00058
0 0
0.951838 0.99702
0.00253485 0.0003
0.0342205 0.0021
0.00887199 6e-05
0.00126743 0.00024
0 4e-05
0.965779 0.997
0.0240811 0.00266
0.00760456 0.0985
0.00126743 0.00142
0.0114068 0.00054
0.00253485 0.00078
0.977186 0.89876
0.00760456 0.03732
0.0126743 0.00164
0.00887199 0.00206
0.968314 0.95536
0.00253485 0.00362
0.0101394 0.00186
0 2e-05
0 4e-05
0.967047 0.99356
0.0228137 0.00452
0.00506971 0.04454
0.987326 0.95398
0.00760456 0.00066
0 0.0001
0 0.00072
1 0.9989
0 0.0001
0 0.00014
0 0.0001
0 0.00076
1 0.99928
0 6e-05
0 2e-05
0 2e-05
0 0.00062
0.988593 0.9646
0.00380228 0.00012
0.00126743 0.00088
0.00633714 0.03354
0 0.00086
0 0.0001
0 0.00016
1 0.99894
0 0.0001
0 0.0007
0 4e-05
0.112801 0.00278
0.887199 0.99676
0 2e-05
0 0.0004
0 0.00012
0.00253485 0.00134
0.997465 0.99772
0 4e-05
0 0.00078
0.00126743 0.00168
0.0506971 0.01704
0.948035 0.98014
0 0.00014
0 0.001
0.357414 0.44738
0.416984 0.41036
0 6e-05
0.225602 0.14134
0 0.00086
0.00253485 0.00142
0.0811153 0.02362
0.915082 0.97362
0.00126743 0.00042
0 0.00092
0.332066 0.23126
0.00633714 0.09958
0.0291508 0.00078
0.632446 0.66794
0 0.00044
0.980989 0.89776
0.00760456 0.10008
0.00760456 0.00138
0.00380228 0.00024
0 0.00054
0.00253485 0.0051
0.00126743 0.0011
0.00380228 0.00018
0.991128 0.99222
0.00126743 0.0014
0.00506971 0.00144
0.192649 0.29876
0.771863 0.69798
0.0291508 0.00098
0.00126743 0.00084
0.0773131 0.0597
0.201521 0.09914
0.0139417 0.00126
0.705957 0.8391
0.00126743 0.0008
0.82256 0.91114
0.0443599 0.00088
0 2e-05
0.131812 0.08726
0.00126743 0.0007
0.00633714 0.0005
0.0164766 0.00572
0 4e-05
0.975919 0.99282
0.00126743 0.00092
0.491762 0.50916
0.0583016 0.05566
0.448669 0.4345
0 6e-05
0.00126743 0.00062
0.998733 0.99828
0 4e-05
0 0.0001
0 0.00022
0.00126743 0.00136
0.998733 0.99832
0 8e-05
0 8e-05
0 0.00014
0.00126743 0.00138
0 2e-05
0.0481622 0.1045
0.927757 0.89358
0.00380228 4e-05
0.0202788 0.00186
0 0.00012
0.0621039 0.02058
0.936629 0.9778
0 0.00014
0.00126743 0.00136
0.00126743 0.0004
0.0481622 0.14614
0.949303 0.85222
0 8e-05
0.00126743 0.00116
0.992395 0.99704
0.00126743 0.00088
0 0.00016
0.00506971 0.0005
0.00126743 0.00142
0.993663 0.9975
0 2e-05
0 0.00016
0.00506971 0.00094
0.00126743 0.00138
0.987326 0.99732
0.00506971 0.00108
0 0.00014
0.00633714 0.00026
0.00126743 0.0012
0.0544994 0.04786
0.490494 0.56094
0.381496 0.28462
0.00506971 0.00094
0.0684411 0.10564
0.169835 0.17742
0.665399 0.56612
0.00506971 0.00422
0.026616 0.04074
0.13308 0.2115
0.254753 0.45152
0.487959 0.41722
0.00633714 0.00374
0.00506971 0.00726
0.245881 0.12026
0.0190114 0.01408
0.338403 0.43946
0.00887199 0.00756
0 0.0001
0.633714 0.5388
0.00253485 0.00038
0 0.00012
0 0.00014
0.993663 0.99638
0.00380228 0.00298
0.00126743 0.00176
0.00126743 0.00112
0 0.0002
0.996198 0.9955
0.00126743 0.00142
0.00126743 0.0006
0.972117 0.9965
0.0215463 0.00058
0.00126743 0.00024
0.00380228 0.00208
0.880862 0.93672
0 0.00014
0.0874525 0.05846
0.0278834 0.0015
0.00380228 0.00318
0.0494297 0.14554
0.00380228 0.00228
0.00380228 0.0001
0.941698 0.85108
0.00126743 0.001
0.0418251 0.01244
0.00380228 0.0003
0.00760456 0.00038
0.945501 0.986
0.00126743 0.00088
0.0481622 0.1052
0.00760456 0.00052
0.00506971 0.00022
0.936629 0.89232
0.00253485 0.00174
0.00380228 0.00026
0.0126743 0.00138
0.00253485 0.00022
0.979721 0.99686
0.00126743 0.00128
0.353612 0.35954
0.0126743 0.00098
0.632446 0.63828
0 0.0001
0.00126743 0.0011
0.651458 0.64192
0.00506971 0.00094
0.0114068 0.002
0.329531 0.35364
0.00253485 0.0015
0.00126743 6e-05
0.314322 0.26362
0.637516 0.685
0.0240811 0.04762
0.0228137 0.0037
0.0190114 0.00414
0.555133 0.58626
0.268695 0.2806
0.13308 0.10148
0.0240811 0.02752
0.356147 0.56612
0.333333 0.174
0.114068 0.06182
0.131812 0.08994
0.0646388 0.10812
0.447402 0.42656
0.148289 0.15556
0.125475 0.16202
0.187579 0.16656
0.0912548 0.0893
0.201521 0.10328
0.106464 0.16394
0.141952 0.23148
0.206591 0.14438
0.343473 0.35692
0.201521 0.17752
0.0887199 0.05666
0.13308 0.1848
0.226869 0.12662
0.34981 0.4544
0.100127 0.15182
0.121673 0.06842
0.0747782 0.03772
0.356147 0.37962
0.347275 0.36242
0.153359 0.0852
0.0494297 0.04066
0.0367554 0.0087
0.724968 0.84272
0.035488 0.02272
0.456274 0.40566
0.0544994 0.01848
0.017744 0.00166
0.453739 0.56832
0.017744 0.00588
0.860583 0.85698
0.0316857 0.002
0.00887199 0.00022
0.0506971 0.1338
0.0481622 0.007
0.692015 0.77404
0.143219 0.10128
0.0202788 0.00996
0.0557668 0.10356
0.0887199 0.01116
0.110266 0.10854
0.017744 0.01324
0.0367554 0.03714
0.621039 0.59872
0.214195 0.24236
0.842839 0.81774
0.00506971 0.001
0.0316857 0.00262
0.00633714 0.0118
0.114068 0.16684
0.870722 0.90228
0.0342205 0.03186
0.0228137 0.05184
0.0202788 0.00212
0.0519645 0.0119
0.0443599 0.01972
0.0899873 0.1632
0.731305 0.77878
0.0659062 0.02168
0.0684411 0.01662
0.176172 0.19434
0.193916 0.19416
0.150824 0.12428
0.424588 0.46578
0.0544994 0.02144
0.269962 0.25534
0.105196 0.12984
0.0405577 0.05648
0.202788 0.19818
0.381496 0.36016
0.35488 0.3309
0.157161 0.12066
0.0583016 0.03174
0.195184 0.17358
0.234474 0.34312
0.26616 0.33836
0.205323 0.22272
0.195184 0.13388
0.187579 0.1922
0.145754 0.11284
0.231939 0.30246
0.234474 0.19756
0.102662 0.16954
0.307985 0.24056
0.12294 0.08988
0.447402 0.48782
0.145754 0.2089
0.0722433 0.0384
0.323194 0.2626
0.0114068 0.00228
0.343473 0.42104
0.315589 0.18598
0.103929 0.0259
0.217997 0.36152
0.0190114 0.00556
0.465146 0.58668
0.121673 0.08228
0.140684 0.127
0.247148 0.19218
0.0253485 0.01186
0.340938 0.32234
0.0215463 0.05698
0.126743 0.18514
0.503169 0.4298
0.00760456 0.00574
0.338403 0.30752
0.129278 0.10116
0.0101394 0.00256
0.494297 0.5818
0.0278834 0.00696
0.212928 0.1222
0.0380228 0.01858
0.0202788 0.009
0.717364 0.8448
0.0114068 0.00542
0.500634 0.58846
0.116603 0.0772
0.0887199 0.03748
0.280101 0.29188
0.0139417 0.00498
0.101394 0.06556
0.131812 0.1442
0.596958 0.72362
0.13308 0.055
0.0367554 0.01162
0.485425 0.50372
0.191381 0.1323
0.0443599 0.02694
0.214195 0.2978
0.0646388 0.03924
0.226869 0.25186
0.0975919 0.06844
0.0937896 0.05366
0.475285 0.56252
0.106464 0.06352
0.280101 0.36936
0.183777 0.13664
0.103929 0.06344
0.297845 0.33708
0.134347 0.09348
0.224335 0.17122
0.326996 0.4136
0.111534 0.1147
0.148289 0.11408
0.188847 0.1864
0 6e-05
0.00253485 0.09298
0.00380228 0.00136
0.017744 0.0024
0.975919 0.9032
0.00253485 0.03946
0.00253485 0.00158
0 0.00014
0.0202788 0.05222
0.974651 0.9066
0.0608365 0.1244
0.0544994 0.0703
0.0367554 0.0274
0.00887199 0.03108
0.839037 0.74682
0.0430925 0.15786
0.0722433 0.05306
0.0164766 0.01178
0.0367554 0.04604
0.831432 0.73126
0.0570342 0.0831
0.0494297 0.17248
0.0291508 0.04082
0.0456274 0.04326
0.818758 0.66034
0.139417 0.22842
0.0975919 0.09984
0.0443599 0.05368
0.0506971 0.04094
0.667934 0.57712
0.178707 0.37726
0.129278 0.11588
0.0773131 0.05226
0.0684411 0.06592
0.546261 0.38868
0.124208 0.15726
0.245881 0.3355
0.135615 0.22448
0.101394 0.07146
0.392902 0.2113
0.100127 0.05364
0.226869 0.25366
0.302915 0.34276
0.101394 0.19226
0.268695 0.15768
0.0443599 0.01602
0.405577 0.53346
0.229404 0.16426
0.095057 0.13774
0.225602 0.14852
0.147022 0.14656
0.150824 0.0741
0.0418251 0.05434
0.491762 0.59452
0.168568 0.13048
0.0443599 0.01238
0.591888 0.69208
0.176172 0.18004
0.148289 0.0949
0.0392902 0.0206
0.991128 0.93218
0 0.00178
0 0.0012
0 0.0013
0.00887199 0.06354
0.00126743 0.00256
0.00126743 0.04132
0.00126743 0.0523
0.992395 0.89508
0.00380228 0.00874
0.988593 0.89706
0.00633714 0.04672
0.00126743 0.0472
0 0.0003
0.00380228 0.00872
0.00506971 0.00038
0.769328 0.65488
0.215463 0.24366
0.00887199 0.10034
0.00126743 0.00074
0.982256 0.8984
0.0139417 0.00082
0.00253485 0.09968
0 6e-05
0.00126743 0.00104
0.217997 0.1489
0.00253485 0.00154
0 8e-05
0.7782 0.84834
0.00126743 0.00114
0.997465 0.9958
0.00126743 0.00198
0 0.00016
0 0.00018
0.00126743 0.00188
0.00126743 0.0009
0.99493 0.89802
0.00253485 0.09944
0 0.00018
0.00126743 0.00146
0.107731 0.07662
0.0380228 0.03996
0.00380228 0.00082
0.849176 0.88108
0.00126743 0.00152
0.798479 0.65546
0.035488 0.15822
0.00126743 0.00204
0.163498 0.18186
0.00126743 0.00242
0.00253485 0.09954
0.892269 0.89246
0.102662 0.00642
0.00126743 0.0007
0.00126743 0.00088
0.00126743 0.00128
0.90621 0.90672
0.0659062 0.05122
0.0228137 0.0375
0.00380228 0.00328
0.728771 0.71036
0.0126743 0.04376
0.0114068 0.00516
0.243346 0.2357
0.00380228 0.00502
0.0506971 0.12188
0.173638 0.04304
0.754119 0.7958
0.0126743 0.02748
0.00887199 0.0118
0.413181 0.50244
0.0583016 0.08108
0.0735108 0.09082
0.376426 0.30154
0.0785805 0.02412
0.245881 0.12668
0.0646388 0.17938
0.599493 0.68194
0.0291508 0.00096
0.0608365 0.01104
0.239544 0.1175
0.214195 0.19016
0.413181 0.59968
0.0544994 0.04352
0.0785805 0.04914
0.135615 0.19328
0.257288 0.26508
0.106464 0.05066
0.368821 0.38868
0.131812 0.1023
0.166033 0.19454
0.145754 0.22816
0.0798479 0.03292
0.315589 0.23358
0.292776 0.3108
0.302915 0.27862
0.242079 0.21776
0.0912548 0.16652
0.215463 0.26638
0.148289 0.07072
0.275032 0.29078
0.253485 0.3012
0.0608365 0.0642
0.169835 0.19824
0.240811 0.14558
0.253485 0.24946
0.190114 0.14896
0.0380228 0.02572
0.169835 0.21852
0.348542 0.35734
0.125475 0.16292
0.231939 0.32448
0.0583016 0.0413
0.0697085 0.03704
0.514575 0.43426
0.124208 0.23706
0.0975919 0.14888
0.0380228 0.03534
0.229404 0.24832
0.510773 0.3304
0.0418251 0.10428
0.275032 0.31896
0.095057 0.22964
0.035488 0.0048
0.552598 0.34232
0.242079 0.27392
0.0671736 0.09272
0.0481622 0.07484
0.086185 0.2127
0.556401 0.34582
0.120406 0.29904
0.0519645 0.06692
0.242079 0.28024
0.0291508 0.00716
0.556401 0.34664
0.0621039 0.01526
0.0519645 0.13608
0.0253485 0.06134
0.295311 0.4363
0.565272 0.35102
0.220532 0.34628
0.0468948 0.10608
0.00760456 0.01708
0.0836502 0.10578
0.641318 0.42478
0.0114068 0.01058
0.0380228 0.0555
0.0215463 0.04622
0.259823 0.4358
0.669202 0.4519
0.129278 0.1997
0.135615 0.20168
0.035488 0.02772
0.201521 0.204
0.498099 0.3669
0.176172 0.28272
0.121673 0.1904
0.108999 0.09962
0.0874525 0.0445
0.505703 0.38276
0.0646388 0.06978
0.0430925 0.03808
0.323194 0.32106
0.0975919 0.21322
0.471483 0.35786
0.13308 0.14992
0.0735108 0.1522
0.382763 0.31536
0.0418251 0.1115
0.368821 0.27102
0.0430925 0.06198
0.301648 0.24524
0.18251 0.20594
0.0874525 0.18308
0.385298 0.30376
0.200253 0.14096
0.0709759 0.18988
0.162231 0.21306
0.17744 0.1519
0.3891 0.3042
0.21673 0.22168
0.121673 0.18152
0.0405577 0.0193
0.335868 0.38938
0.285171 0.18812
0.0798479 0.05872
0.252218 0.2611
0.25602 0.3844
0.124208 0.09348
0.287706 0.2023
0.117871 0.10244
0.141952 0.15708
0.311787 0.31648
0.13815 0.21558
0.290241 0.20842
0.226869 0.2582
0.120406 0.13202
0.0874525 0.10948
0.319392 0.33754
0.245881 0.16276
0.106464 0.10062
0.366286 0.30672
0.176172 0.25048
0.086185 0.0945
0.264892 0.24768
0.162231 0.15792
0.413181 0.42848
0.102662 0.10594
0.0646388 0.05028
0.257288 0.25738
0.190114 0.12382
0.43853 0.50598
0.0278834 0.02234
0.0925222 0.10054
0.250951 0.24732
0.0899873 0.05584
0.0849176 0.06882
0.0481622 0.13798
0.291508 0.35472
0.485425 0.38264
0.215463 0.34248
0.140684 0.15418
0.148289 0.17032
0.0544994 0.04342
0.441065 0.2896
0.343473 0.30956
0.13308 0.16542
0.0836502 0.05466
0.144487 0.25648
0.295311 0.21388
0.00506971 0.038
0.00253485 0.03458
0.017744 0.00378
0.0228137 0.01118
0.951838 0.91246
0.00760456 0.03538
0.00760456 0.0591
0.0190114 0.00462
0.206591 0.24396
0.759189 0.65694
0.12294 0.08512
0.404309 0.57248
0.188847 0.1088
0.111534 0.08644
0.17237 0.14716
0.434728 0.68456
0.306717 0.12682
0.102662 0.08762
0.0595691 0.0295
0.0963245 0.0715
0.168568 0.07688
0.0849176 0.10026
0.337136 0.51734
0.35488 0.25834
0.0544994 0.04718
0.280101 0.3197
0.0811153 0.06634
0.017744 0.0472
0.565272 0.5499
0.0557668 0.01686
0.785805 0.69612
0.0874525 0.17514
0.0456274 0.08118
0.0278834 0.01186
0.0532319 0.0357
0.0621039 0.0829
0.0126743 0.00284
0.612167 0.44322
0.12294 0.23334
0.190114 0.2377
0.0747782 0.01766
0.00887199 0.0039
0.00506971 0.0025
0.288973 0.52826
0.622307 0.44768
0.0583016 0.05894
0.0773131 0.22588
0.00633714 0.0077
0.229404 0.25612
0.628644 0.45136
0.162231 0.26952
0.0544994 0.07568
0.00760456 0.0074
0.026616 0.02256
0.749049 0.62484
0 0.00012
0.00126743 0.00028
0.385298 0.55488
0 0.00018
0.613435 0.44454
0.967047 0.94926
0 0.0001
0 6e-05
0.0304183 0.04838
0.00253485 0.0022
0.430925 0.34256
0.00253485 0.00058
0.00126743 0.00072
0.562738 0.65404
0.00253485 0.0021
0.996198 0.99704
0 0.0001
0.00126743 0.0008
0 2e-05
0.00253485 0.00204
0.997465 0.99764
0 6e-05
0 0.00014
0 0.00012
0.00253485 0.00204
0.0304183 0.00276
0.0405577 0.00348
0.925222 0.99056
0.00126743 0.00106
0.00253485 0.00214
0.792142 0.82896
0.00887199 0.00472
0.0570342 0.00384
0.139417 0.16054
0.00253485 0.00194
0.00887199 0.00108
0.925222 0.99258
0.0621039 0.0043
0.00126743 0.00036
0.00253485 0.00168
0.00126743 0.00076
0 6e-05
0.017744 0.00036
0.978454 0.9969
0.00253485 0.00192
0.00253485 0.0018
0 0.0001
0 0.00012
0.99493 0.99508
0.00253485 0.0029
0.00126743 0.00038
0.0101394 0.00054
0.95057 0.99598
0.035488 0.00098
0.00253485 0.00212
0 4e-05
0.954373 0.98782
0.0392902 0.01016
0.00380228 0.0002
0.00253485 0.00178
0 8e-05
0.99493 0.9957
0.00126743 0.0007
0.00126743 0.001
0.00253485 0.00252
0.996198 0.99576
0.00126743 0.00152
0 0.00014
0 0.00022
0.00253485 0.00236
0.00253485 0.0035
0.617237 0.53362
0.373891 0.45506
0 0.00012
0.00633714 0.0077
0.728771 0.7988
0.0646388 0.06882
0.0785805 0.1057
0.112801 0.01706
0.0152091 0.00962
0.154626 0.14876
0.0304183 0.00726
0.0291508 0.0008
0.768061 0.83258
0.017744 0.0106
0.724968 0.7447
0.0874525 0.0353
0.0684411 0.10232
0.0912548 0.10558
0.0278834 0.0121
0.588086 0.74432
0.150824 0.02612
0.0481622 0.01152
0.166033 0.19396
0.0468948 0.02408
