0.0941033
-0.00697881
0.0111334
0.00141034
0
-0.000669228
0.0613368
0.00749201
0.0298801
0
0.0149019
0.144193
0.0144945
0.0238017
0
-0.0131983
0.109377
0.0267421
-0.0115806
0
-0.0230383
0.0955127
0.0706774
0.00563099
0
0.000845972
0.0047001
-0.00662648
0.0190756
0
0.0014544
0.0208056
0.0221758
0.0423817
0
-0.00647016
0.0166721
0.0132738
0.0480713
0
0.0229279
-0.0160194
-0.0250965
0.113318
0
0.0194797
0.0914744
-0.0359861
0.00531889
0
0.0768508
0.0248741
0.00281901
-0.0229835
0
0.0680187
0.0135737
0.00746426
-0.010617
0
0.00193382
0.0902686
-0.0208672
0.00823289
0
-0.0199495
0.00579774
0.0865038
0.0107651
0
0.00345699
0.0142614
0.0135194
0.0465867
0
-0.00571013
0.00231087
0.0779725
0.000543241
0
0.0151166
0.0113686
0.0116176
0.0473915
0
0.00854729
0.0528851
0.00426333
0.07455
0
0.0140178
0.0609055
0.0691323
0.0148647
0
0.0703937
0.00688182
0.0245172
0.0384105
0
-0.00712962
0.0534845
-0.00428446
0.00274079
0
0.0151151
-0.00578851
0.0163288
0.0357709
0
0.0572398
0.0553851
0.0284739
0.0460148
0
0.000229109
0.00961016
0.0158534
0.0305378
0
-0.0155797
0.00150396
0.0261299
0.0121855
0
0.00271888
0.0085125
0.0137277
0.00882604
0
0.0256028
-0.0213378
0.0409012
0.02345
0
0.0118988
0.00426241
0.0179371
0.044835
0
0.0208272
-0.00543401
0.0366913
0.0222168
0
0.0286831
0.0136473
0.0260103
0.0279004
0
0.0110253
-0.000943076
0.0360324
0.0367488
0
-0.00699142
0.0190363
0.0233804
0.025508
0
-0.00144628
0.0165145
0.0206184
0.0115884
0
-0.0154061
0.02309
0.0303256
0.0181861
0
0.0555594
0.0665723
0.0509722
0.0627379
0
0.0455146
0.0877541
0.0613109
0.069058
0
0.00837953
0.0902134
0.0568667
0.0277253
0
0.00762307
0.0138823
0.0116209
0.0379706
0
0.0492163
-0.0140388
0.0420796
0.0107187
0
-0.0123917
0.0723503
0.0128011
0.021096
0
0.00922626
-0.000595532
0.0103193
-0.0107441
0
-0.0122552
0.0160068
0.015117
-0.0105279
0
0.00349535
0.0166437
0.0169847
-0.0281695
0
0.00391397
0.00353133
0.0169205
-0.024967
0
-0.0319011
0.0141463
0.0157406
0.0180391
0
-0.0513206
0.0149583
0.0142348
0.0133205
0
-0.0386407
0.0167349
-0.00813545
0.00491803
0
-0.0142072
-0.00341223
-0.00454685
-0.00891618
0
-0.0265719
-0.0156144
0.0038041
0.0136048
0
0.00340804
-0.0107208
-0.0259294
0.0147448
0
0.00146349
0.0171942
-0.0239861
-0.0127776
0
0.0867373
-0.0245081
-0.00632443
-0.0760026
0
0.0216455
0.0470128
-0.0502608
-0.0679113
0
-0.0791033
-0.00603732
-0.0136121
0.0509477
0
-0.035113
-0.0123585
0.0104604
0.0176212
0
-0.00925221
0.00313465
-0.0402387
0.0160111
0
-0.0546663
-0.0104417
0.108415
-0.00219361
0
-0.00298245
-0.0111231
-0.0261335
0.0109682
0
0.0136853
-0.0223755
-0.0294984
0.0139268
0
-0.0200881
-0.0066336
-0.0110484
-0.0100051
0
0.00429559
-0.0436788
-0.0115063
0.016971
0
-0.0112007
-0.0176434
-0.0182102
0.00163915
0
-0.0454877
-0.0538302
-0.0225444
0.0528992
0
0.0190592
-0.0185978
-0.0393004
0.0653135
0
0.0280495
0.0153035
0.0394712
0.00727826
0
-0.00510504
0.0193161
-0.000913399
0.00133903
0
-0.0128487
0.00263071
0.000849486
0.0296416
0
0.0330532
0.00894119
-0.0411195
-0.0126198
0
-0.020603
-0.00153136
0.00441092
0.0275739
0
0.0256305
4.14587e-05
0.0160995
0.0162336
0
-0.00752929
0.0231912
-0.00623801
-0.00516783
0
0.0138684
0.00968304
0.0214369
0.0156232
0
-0.0367346
0.00527694
0.0558013
-0.019716
0
-0.0296204
-0.0355
0.080719
-0.00671296
0
-0.0214721
0.0379455
0.0268207
-0.00258997
0
-0.013006
0.011149
0.0231911
0.0299249
0
0.0123754
0.00791143
-5.18505e-05
0.0253008
0
0.0335192
0.0218658
0.0214511
0.00208411
0
-0.00304207
0.0331161
0.0119879
0.0526376
0
0.0083812
0.0411416
-0.00570235
0.00916125
0
0.0103337
0.00997672
0.00729547
0.0167493
0
-0.0233117
0.0360549
0.00145485
0.030278
0
0.0190181
0.00952406
0.0173826
-0.0214355
0
-0.00866425
-0.027712
0.0380142
0.0085541
0
-0.0450574
0.00561186
0.0363305
0.029068
0
-0.0298756
0.0313948
-0.00529533
0.0128949
0
0.0245935
0.0129108
0.0299012
-8.7171e-05
0
0.0161845
-0.0200596
0.0314704
0.0115899
0
0.00526481
0.0185864
0.00201332
-0.000658033
0
0.0562991
0.00553366
-0.0136056
0.024195
0
0.0728097
-0.022334
-0.0531718
0.00182566
0
0.0217652
-0.0249875
0.00990241
-0.01365
0
-0.0499973
-0.0256482
0.0317712
-0.0387453
0
-0.0456799
-0.00155758
-0.0119071
0.0062152
0
-0.0418069
-0.00159205
-4.08892e-05
-0.037115
0
-0.012052
-0.0290485
-0.00303587
-0.0270856
0
-0.0343135
-0.0244146
-0.00468092
0.00155436
0
-0.0377792
-0.0118468
-0.0215407
0.0709935
0
-0.0184189
-0.0242139
0.0473287
-0.0104183
0
-0.000135468
-0.0118411
0.0159647
0.00108484
0
0.0499414
-0.0698953
-0.0213294
0.0266793
0
-0.00884911
-0.0486918
-0.0178908
0.0115689
0
-0.0355438
-0.0189844
0.00987448
0.00497764
0
-0.024707
0.0188621
0.00314157
-0.0185693
0
-0.00584611
0.00851548
-0.0434576
0.0209872
0
0.047589
-0.0276
-0.0125004
-0.0393049
0
-0.00123753
0.0137505
0.00324351
-0.00201942
0
-0.00456831
0.0188858
0.0170782
-0.0025767
0
0.0531388
0.0492168
0.0415666
0.040465
0
0.041308
0.0506182
0.0456225
0.0592339
0
0.0432602
0.0599673
0.0499321
0.0376367
0
0.0490128
0.0485546
0.042688
0.0537373
0
0.0533872
0.0422181
0.0521351
0.0455843
0
0.0421943
0.0450477
0.0434287
0.0547917
0
0.0447167
0.048445
0.0436656
0.0546095
0
0.0509794
0.0543924
0.0516886
0.0515694
0
0.0474364
0.053501
0.0517517
0.0497058
0
0.0450791
0.0493442
0.0502374
0.0407754
0
0.0171874
0.0498951
0.0279337
0.00739733
0
0.021729
0.0338228
0.0653097
-0.00991222
0
0.0275848
0.00762639
0.024736
0.032169
0
0.00676698
0.0059446
0.018549
0.0602522
0
0.00723357
-0.00201647
-0.0296909
0.0458986
0
-0.0167363
0.0141922
-0.0177177
0.0148435
0
0.0337116
0.0228223
-0.00125338
-0.0953327
0
-0.0330171
0.00649739
-0.000639559
0.000970048
0
0.00732948
-0.03645
-0.0568382
0.0151237
0
-0.0276622
0.00353223
0.00832227
-0.0557218
0
-0.119961
-0.0173391
-0.000638506
0.0645363
0
-0.00328274
-0.0106517
-0.0379648
-0.0249942
0
-0.00064135
-0.0252424
0.0111487
-0.022492
0
-0.0480021
0.00788599
0.0138299
0.0582636
0
0.0326105
0.00858652
-0.0106717
-0.00429459
0
0.0179085
-0.0290005
-0.0047434
0.0452925
0
0.020418
0.0329149
0.0298695
-0.0206587
0
0.0329901
0.032148
-0.0356141
0.0311064
0
0.0574495
0.025943
-0.0155726
0.00431647
0
0.00106524
0.0530168
0.000389696
0.0150925
0
-0.0240161
-0.017283
-0.0272102
-0.0200214
0
0.0475013
-0.0217756
-0.0481367
-0.0603126
0
0.0298905
0.0636479
0.0324884
-0.0208343
0
0.00520937
0.0349976
0.0245628
0.0490272
0
0.00287446
0.00558419
0.0472683
0.0281535
0
-0.038817
-0.010254
0.0135958
0.0257349
0
-0.0169543
-0.0153227
0.00757717
0.0499787
0
0.0731961
-0.0395388
0.034468
0.00520789
0
0.0112552
0.0566765
-0.00987065
0.00782328
0
0.0338538
-0.00573909
0.0242174
-0.0072954
0
0.00781323
0.0554074
-0.0279927
0.018401
0
-0.0171749
-0.00118492
0.00487747
0.0508505
0
-0.0170231
-0.0264566
0.0627375
0.015327
0
-0.0118446
0.048034
0.0425143
-0.0231608
0
0.0475098
0.0415802
0.021665
0.00479646
0
0.0298373
0.0189848
0.0204409
0.0481071
0
0.0739875
0.0197315
0.00693084
0.0142814
0
0.0301861
0.0113332
0.0212572
0.057997
0
0.0207034
0.0711284
0.0336159
0.00331598
0
0.0602746
0.0170763
0.0352366
0.0141978
0
0.0113038
0.0534137
0.0380854
0.0335719
0
0.0248103
0.00936577
0.0838532
0.00270462
0
0.0203464
0.0620134
-0.0207028
0.0364575
0
0.00613674
0.0611345
-0.0177322
0.0531107
0
-0.023532
-0.00194191
0.00535797
0.0398318
0
0.045907
-0.0324538
0.0395362
0.0256806
0
0.0271801
0.0191301
0.0247562
0.0157073
0
0.0231398
0.0118023
0.0127451
0.0156491
0
0.0295594
0.0300231
0.0126348
0.0182028
0
0.0204736
0.0209387
0.021688
0.0154342
0
0.02245
0.0345219
0.0153686
0.0236905
0
0.0220379
0.017322
0.0359426
0.024785
0
0.0326535
0.0113398
0.0208643
0.0103257
0
0.0139499
0.000694947
0.0511344
0.0279456
0
0.0144551
0.0195775
0.0215474
0.0170049
0
0.0133269
0.00500787
0.0341754
0.0043396
0
0.00774378
0.0342748
0.034268
0.0159435
0
0.0166601
0.0290608
0.0231191
0.00727765
0
-0.0761881
0.10818
0.0258526
0.0186422
0
-0.0180765
0.0350119
0.0367844
0.0471899
0
0.0151011
0.0299109
0.0377933
0.0235812
0
0.0134622
0.0201271
0.0286996
0.0254679
0
0.0249387
0.0137874
0.0235506
0.0790607
0
-0.00921684
0.0553815
0.0225056
0.0312554
0
0.0403952
0.00969887
0.0249333
-0.0102061
0
-0.0120928
-0.00980254
0.00944131
0.0772964
0
0.0239235
-0.0106061
0.060436
-0.00783226
0
0.0160198
0.0178125
0.0264289
0.00405341
0
0.0350761
0.0268831
0.00120583
0.00524572
0
0.00957733
0.0692928
0.000334234
0.00184249
0
0.0202161
0.0546326
-0.0156967
0.0261518
0
0.0630876
0.0173889
-0.00284152
0.0155359
0
0.0244028
0.0520477
0.0174484
0.00506147
0
0.0138621
0.0199853
0.0266696
0.0115692
0
-0.0183654
0.0121187
0.000446146
0.0855836
0
0.0506265
0.00752358
0.0136871
-2.48422e-06
0
0.0318685
0.0353573
0.0206244
-0.00696013
0
0.0700637
-0.00866954
-0.0127885
0.00307866
0
0.0158922
0.0296886
0.0461021
-0.000492477
0
0.0606628
0.0328368
0.032196
-5.5566e-05
0
0.0216111
0.0404348
0.0211827
0.00471714
0
0.018999
0.00668514
0.0106946
0.0014586
0
0.050028
0.0133964
0.00105458
-0.0397654
0
-0.00678568
0.00755482
0.00914757
0.024972
0
-0.00117077
0.0428309
0.032648
-0.0263329
0
-0.00699684
-0.0122019
0.0222119
0.0620791
0
-0.0076135
0.0205199
-0.000671378
-0.0128554
0
0.0295322
-0.0129154
0.0285383
0.00517542
0
-0.00456964
0.0150467
-0.0137679
-0.022653
0
-0.139098
0.0159467
-0.0213388
0.106606
0
-0.0420101
0.0159085
0.00122051
-0.0293948
0
-0.0521257
0.0148987
0.0119109
-0.0209485
0
0.00768406
0.0342394
0.0227257
0.0132329
0
0.00772306
0.0144456
0.030565
-0.000922639
0
0.0483816
0.0421903
0.0535125
0.0452194
0
0.0122096
-0.0126373
-0.00888581
-0.0271897
0
0.0115459
0.0292467
0.0297404
-0.052037
0
-0.0122742
-0.0558344
-0.0107384
0.0133555
0
-0.080069
0.0114234
0.0140628
0.0145454
0
-0.0783194
0.0156643
0.0112978
0.0129285
0
-0.0444487
0.00410804
-0.00240115
-0.019259
0
0.0145787
0.0101939
-0.0783479
0.0136095
0
0.0157788
-0.130566
0.0479892
0.0135768
0
0.0140525
-0.0146632
-0.0613385
0.0138478
0
-0.00384364
0.00351195
-0.0744889
0.0127189
0
-0.0595223
0.0117964
0.0189851
-0.0584254
0
-0.0120065
-0.0477053
-0.00682902
-0.00989391
0
-0.0490216
-0.0272577
-0.0371971
0.0284308
0
-0.012893
-0.000772049
-0.0522688
-0.00339763
0
-0.00480681
-0.00568334
0.00351372
-0.0265221
0
-0.0141231
-0.00558057
0.0188278
-0.0586162
0
-0.0265943
-0.0577266
-0.0275749
0.0593828
0
-0.0285248
-0.0547047
0.014471
0.0390646
0
0.00311473
0.0196153
0.015165
-0.0529031
0
-0.0656658
0.0042162
-0.000280276
0.0156932
0
-0.0500902
0.0143836
0.0138425
0.0135996
0
-0.050684
0.0149362
0.0169544
0.0142804
0
0.0274647
-0.00153476
0.0196655
0.0217828
0
0.0159376
-0.0351666
-0.022584
0.0133503
0
-0.00680065
-0.0220005
-0.0152414
0.0168669
0
-0.0297363
-0.00381664
0.015717
-0.00501639
0
-0.0333306
0.014508
0.0139807
-0.0139559
0
-0.023405
-0.0129483
0.0126352
-0.00315724
0
0.00320444
-0.0925438
0.0990978
-5.38e-05
0
-0.00747291
-0.0141439
0.0187873
0.0229613
0
0.0787523
0.0553135
0.0344806
0.0390174
0
0.0457501
0.0957375
0.0356721
0.048754
0
0.00468292
0.0161396
0.0187874
-0.0217156
0
0.00219907
-0.00486252
0.0146864
-0.0387005
0
0.00268401
0.00545388
-0.00734794
-0.00396503
0
-0.015221
0.0189974
0.0209211
-0.0320816
0
-0.027886
-0.0123884
0.00514259
-0.00353026
0
-0.0237551
-0.00259851
-0.00337828
-0.0110404
0
-0.00897124
-0.00964449
-0.006679
0.00442956
0
0.00325396
-0.016076
-0.00177645
-0.018364
0
-0.104522
-0.0182325
0.0645135
0.0150883
0
-0.0107506
-0.0105233
-0.0166164
-0.00157168
0
0.0265101
-0.0409149
0.0496535
0.00518214
0
0.00253084
0.00982995
0.00807656
0.030617
0
0.0079131
-0.0144423
-0.013451
0.013662
0
0.0087503
0.0189911
-0.000502889
-0.00449351
0
-0.0469232
-0.0124856
-0.0138879
-0.0270767
0
-0.0630034
0.0192053
0.0246942
-0.0799295
0
-0.0327193
0.0127574
0.0218125
-0.0578986
0
-0.0359974
-0.00701641
0.00270893
0.0332791
0
-0.046281
-0.0229233
0.0227161
0.0798885
0
0.0398853
-0.00131154
0.00492987
0.0253971
0
0.0957828
0.0305746
0.0147937
0.000332644
0
0.0159997
0.025996
0.0359325
0.117485
0
0.0357925
0.0265418
-0.0255298
0.0202036
0
0.0172602
0.0191288
0.0228766
-0.000309351
0
0.00913151
-0.0125295
0.0774519
-0.0142841
0
0.0217247
-0.0100659
-0.0222762
0.083941
0
0.0365137
-0.0344164
-0.0229656
-0.00994822
0
0.0104424
0.0212516
-0.0121311
0.00724695
0
0.00949617
0.00418436
0.010592
0.0148277
0
-0.00503447
-0.0153145
0.0142585
0.0326871
0
0.0138834
-0.0294504
-0.0355211
0.0331382
0
0.0210634
0.0102931
-0.0155092
0.00132316
0
0.021681
0.00686834
-0.00554132
-0.0308892
0
-0.0390837
-0.0100292
0.024878
-0.0188664
0
-0.0483217
0.0149378
-0.00548179
0.0450607
0
-0.0757893
-0.00216604
-0.0049211
0.0991887
0
0.0479353
-0.0243988
-0.0262707
0.0268592
0
-0.0164345
-0.0253272
0.0977914
-0.00790876
0
0.04218
0.0186213
-0.0131154
0.00919162
0
0.00683958
0.00217323
-0.00816446
0.0612151
0
0.0447355
-0.00282004
0.0248657
0.0460115
0
0.00887132
0.0435192
0.0164533
0.00857724
0
0.0526893
0.043501
0.0474662
0.0543338
0
0.0426007
0.0357551
0.049407
0.0597195
0
0.0187893
0.0147108
0.0295086
0.009261
0
0.0122802
0.0310733
0.0184278
-0.00100776
0
0.0174698
0.036194
0.0396245
0.0284883
0
0.0360552
0.028703
0.0250404
0.0350894
0
0.0410399
0.0466848
0.0363071
0.0116498
0
0.0217123
0.0531893
0.0345243
0.037244
0
0.00221325
0.0388969
0.0570723
-0.00369318
0
0.0145266
0.0932153
-0.0184287
-0.0195226
0
0.0266459
-0.0460143
0.00726831
0.0962967
0
0.00707791
0.0114977
0.046901
0.0230582
0
-0.032175
0.0207964
0.0223532
0.0250414
0
0.00360248
0.0154806
0.0117573
-0.0268772
0
-0.0376903
0.0132253
0.0130565
0.0216741
0
-0.013069
-0.0551149
0.0369913
-0.021595
0
-0.0252637
-0.019324
0.00409325
0.0155173
0
-0.169254
0.00720205
0.0159949
0.112332
0
-0.0399542
-0.0039715
0.0146057
0.0151893
0
-0.00561001
-0.039289
0.00605388
0.0153532
0
-0.042334
-0.0400444
-0.00598201
0.0344376
0
0.00480901
-0.0203901
-0.000394571
-0.0396227
0
0.00494057
-0.0141773
-0.0320451
-0.000963855
0
0.0144361
0.0257112
-0.0515787
-0.00635826
0
0.0557857
-0.00171931
-0.00380676
-0.077873
0
-0.0249573
-0.00301211
0.0232746
0.00969757
0
0.0501461
-0.00379341
0.0263542
0.0310838
0
0.0379912
0.0237895
0.056588
0.0143526
0
0.0216739
0.00875937
0.0776428
0.0307234
0
0.0259148
0.0261685
0.0167496
0.0584461
0
0.0340139
0.0097524
0.0198541
0.0416172
0
0.0480858
0.0416149
0.0324844
0.0501535
0
0.0563176
0.0465328
0.0334748
0.0423461
0
0.0284577
0.0327752
0.0314065
0.0555467
0
0.0427796
0.0345905
0.0310356
0.055554
0
0.0361295
0.0582336
0.0448007
0.0770642
0
0.0408568
0.0930204
0.0527449
0.0446898
0
0.0804755
0.0473606
0.0611789
0.0457076
0
0.0388197
0.0447442
0.104284
0.0576611
0
0.0478046
0.0416218
0.0406199
0.111597
0
0.0962817
0.0468926
0.0399402
0.0613722
0
0.0424926
0.0525377
0.0395204
0.117318
0
0.0689287
0.0553284
0.0467504
0.101654
0
0.0690469
0.0650967
0.0707914
0.0564549
0
0.0544264
0.046858
0.117257
0.0478001
0
0.0744962
0.0581187
0.123006
0.0466511
0
0.0496291
0.114108
0.0738962
0.0670089
0
0.0778188
0.0611131
0.0684006
0.0794286
0
0.0765012
0.0727238
0.0483253
0.130733
0
0.0516953
0.0828923
0.0988245
0.07399
0
0.0670823
0.0419502
0.133403
0.0596941
0
0.0610955
0.0552145
0.0578686
0.129035
0
0.0511049
0.0811381
0.0836683
0.0476752
0
0.0238579
0.125401
0.0394926
0.0419096
0
0.048133
0.090794
0.0389439
0.0409414
0
0.0222909
0.0479686
0.0228244
0.109991
0
0.0505333
0.0530795
0.0570911
0.0345375
0
0.0929334
0.0401172
0.0534454
0.01217
0
0.0406132
0.0388095
0.0338992
0.0585134
0
0.0332884
0.0452244
0.0563951
0.0979896
0
0.0381262
0.0920517
0.060082
0.0144326
0
0.0593468
-0.00390886
0.0392946
0.0203164
0
-0.0578892
0.0142865
0.10934
0.0444651
0
-0.00492143
0.0177176
0.0145301
0.0573334
0
-0.0409941
0.0156168
0.0193153
0.0117268
0
0.0119291
0.000141793
-0.0809585
0.0261858
0
0.0343464
0.0266844
0.0310574
0.0981602
0
0.0270082
0.0284849
0.0423444
0.096557
0
0.0980166
0.0648729
0.0484153
0.051353
0
0.0490051
0.0362122
0.0869425
0.048599
0
-0.0538862
0.0159719
0.0181276
0.0117426
0
0.0447247
0.00384865
0.0120149
-0.0952469
0
-0.0393333
0.017535
0.00329329
0.0157694
0
-0.0408491
0.0177527
0.0141001
0.0153315
0
-0.03987
-0.0606213
0.0720672
-0.00197592
0
0.0486616
-0.00567124
-0.026505
-0.0509716
0
-0.0235696
0.0775779
-0.0742664
-0.00512441
0
-0.00381544
0.0172377
-0.0108398
-0.00996219
0
-0.0205002
0.0173433
0.016515
-0.0143573
0
0.00212598
-0.0127376
0.000541042
-0.00591811
0
0.0172587
-0.0292228
-0.00154022
0.00386239
0
0.0187612
-0.0291871
0.00721254
-0.00358023
0
-0.0428413
0.00803087
0.0167559
0.0169791
0
0.00834005
-0.0327333
0.0119395
0.0229056
0
0.0589473
-0.00754105
0.0106214
-0.0392234
0
-0.0169815
-0.00336673
0.00319175
0.0560607
0
0.0966048
-0.0391101
0.0031771
0.0109816
0
0.115222
-0.0558612
-0.00790465
0.0406813
0
